2
9
10
18
19
20
21
22
23
24
25
26
27
28
34
51
52
53
54
55
56
57
58
59
60
69
70
76
85
86
87
88
89
90
91
92
100
101
102
107
108
109
112
117
118
119
120
121
122
123
132
133
134
145
146
147
148
149
150
151
152
153
154
155
177
178
179
180
181
182
183
184
185
186
187
201
203
232
233
234
235
236
265
266
267
268
277
278
296
297
298
299
300
301
308
309
329
330
331
332
333
334
340
341
345
354
355
358
361
362
363
372
373
377
378
386
387
388
389
390
408
409
420
424
425
457
458
473
474
482
505
506
507
514
515
536
537
538
539
547
550
551
568
569
570
571
582
583
584
589
590
591
592
598
602
603
614
615
616
622
623
628
629
630
648
649
656
657
658
659
660
661
680
681
688
689
690
691
692
712
722
723
724
744
745
746
748
749
750
754
755
756
757
758
759
776
777
778
786
787
788
789
790
800
801
802
805
806
808
809
817
818
819
820
821
822
826
832
833
834
835
837
838
839
840
841
851
852
853
855
856
857
864
865
866
869
870
871
872
878
882
883
884
885
886
887
888
889
890
891
900
901
902
903
909
910
911
912
913
914
915
916
917
918
919
920
921
922
923
931
932
933
934
935
941
942
943
944
945
948
949
950
951
952
953
954
955
956
957
958
969
974
975
976
980
981
982
983
984
985
986
987
988
989
990
1001
1002
1013
1014
1017
1018
1019
1033
1034
1044
1045
1046
1047
1048
1049
1050
1051
1065
1066
1068
1069
1076
1077
1078
1079
1080
1081
1082
1083
1097
1098
1099
1100
1101
1103
1104
1111
1112
1113
1114
1115
1129
1130
1131
1132
1133
1144
1145
1146
1147
1171
1172
1173
1174
1175
1178
1179
1202
1203
1204
1205
1206
1210
1211
1224
1225
1227
1228
1236
1256
1257
1258
1259
1260
1271
1272
1289
1290
1291
1292
1293
1300
1301
1302
1303
1304
1305
1306
1322
1323
1324
1325
1326
1331
1332
1333
1334
1337
1338
1350
1354
1355
1356
1357
1358
1363
1364
1365
1369
1378
1379
1381
1382
1383
1386
1387
1388
1396
1397
1401
1410
1411
1414
1415
1418
1419
1423
1424
1447
1448
1450
1451
1481
1482
1483
1484
1506
1513
1514
1515
1516
1529
1530
1538
1539
1541
1542
1560
1561
1562
1570
1571
1572
1573
1574
1575
1580
1581
1592
1593
1594
1603
1604
1605
1606
1607
1608
1612
1613
1614
1615
1621
1626
1635
1638
1639
1640
1644
1645
1646
1647
1652
1653
1654
1671
1672
1677
1681
1682
1683
1684
1688
1689
1690
1713
1714
1715
1716
1737
1741
1745
1746
1747
1748
1768
1769
1770
1773
1774
1780
1781
1782
1783
1796
1799
1800
1801
1802
1805
1806
1810
1812
1813
1814
1815
1824
1825
1826
1827
1828
1829
1830
1831
1832
1833
1840
1841
1842
1844
1845
1846
1856
1857
1858
1864
1865
1872
1875
1876
1877
1888
1889
1890
1895
1896
1902
1903
1904
1906
1907
1908
1909
1910
1911
1913
1914
1915
1924
1925
1926
1927
1928
1933
1934
1935
1936
1937
1938
1939
1940
1941
1942
1943
1944
1945
1946
1947
1956
1957
1958
1959
1965
1966
1967
1968
1973
1974
1975
1976
1977
1978
1979
1980
1981
1982
1993
2005
2006
2007
2008
2009
2010
2011
2012
2013
2014
2025
2026
2036
2037
2038
2040
2042
2043
2056
2057
2058
2060
2061
2065
2068
2069
2070
2071
2072
2073
2074
2075
2088
2089
2090
2091
2092
2093
2094
2096
2097
2100
2101
2102
2103
2104
2105
2106
2107
2120
2121
2122
2123
2124
2125
2126
2127
2128
2129
2136
2137
2138
2152
2153
2154
2155
2156
2157
2158
2159
2160
2161
2203
2228
2229
2234
2235
2242
2249
2250
2251
2252
2260
2261
2273
2274
2281
2282
2283
2284
2285
2295
2296
2297
2298
2314
2315
2316
2317
2326
2327
2328
2329
2330
2342
2345
2346
2347
2348
2349
2350
2355
2356
2357
2358
2359
2361
2362
2373
2374
2375
2376
2377
2378
2379
2380
2381
2386
2387
2388
2389
2390
2405
2406
2407
2408
2409
2410
2411
2412
2418
2419
2420
2421
2422
2438
2439
2440
2441
2443
2447
2448
2449
2452
2453
2471
2472
2475
2480
2497
2506
2507
2508
2532
2533
2534
2538
2539
2540
2545
2546
2551
2552
2553
2554
2562
2563
2565
2566
2571
2572
2573
2577
2578
2579
2580
2583
2584
2585
2594
2595
2596
2597
2598
2603
2604
2605
2611
2612
2613
2626
2627
2628
2629
2630
2635
2636
2637
2659
2660
2661
2662
2667
2668
2669
2681
2692
2693
2694
2699
2700
2701
2705
2706
2707
2708
2709
2713
2714
2732
2733
2736
2737
2738
2739
2740
2741
2765
2766
2772
2784
2792
2793
2797
2798
2799
2812
2816
2820
2821
2822
2823
2824
2825
2826
2829
2830
2834
2835
2836
2837
2838
2839
2852
2853
2854
2855
2856
2857
2861
2864
2865
2866
2867
2870
2871
2872
2896
2897
2898
2919
2920
2926
2927
2930
2931
2932
2933
2937
2938
2939
2947
2948
2949
2950
2951
2952
2958
2962
2963
2964
2965
2966
2967
2968
2969
2970
2971
2979
2980
2981
2982
2983
2984
2989
2995
2996
2997
2998
2999
3000
3001
3002
3021
3029
3030
3031
3032
3033
3034
3035
3053
3061
3062
3063
3064
3065
3066
3067
3081
3082
3083
3084
3085
3086
3087
3088
3089
3093
3094
3095
3097
3098
3112
3113
3114
3115
3116
3117
3118
3119
3120
3121
3126
3130
3144
3145
3146
3147
3148
3149
3150
3151
3152
3153
3176
3177
3178
3179
3180
3181
3182
3183
3184
3208
3209
3210
3212
3213
3214
3240
3241
3244
3245
3246
3272
3273
3274
3275
3276
3277
3284
3285
3296
3297
3304
3305
3306
3307
3308
3309
3327
3328
3336
3337
3338
3339
3340
3341
3342
3351
3352
3353
3358
3359
3365
3366
3367
3368
3369
3370
3371
3372
3373
3374
3382
3383
3384
3390
3391
3397
3398
3399
3400
3401
3402
3403
3404
3410
3411
3412
3413
3414
3415
3429
3430
3431
3432
3433
3434
3435
3436
3441
3442
3443
3444
3445
3446
3462
3463
3464
3465
3466
3472
3473
3476
3477
3478
3495
3496
3497
3503
3504
3505
3509
3510
3520
3521
3523
3524
3531
3536
3541
3542
3543
3544
3545
3553
3554
3555
3556
3557
3558
3561
3562
3563
3568
3569
3570
3571
3572
3573
3574
3575
3576
3577
3585
3586
3587
3588
3589
3590
3591
3593
3594
3595
3596
3597
3600
3601
3602
3603
3604
3605
3607
3608
3618
3619
3620
3621
3622
3626
3627
3628
3629
3634
3635
3636
3637
3651
3652
3653
3654
3659
3660
3683
3684
3685
3686
3690
3691
3692
3698
3704
3705
3706
3716
3717
3718
3722
3723
3724
3725
3729
3730
3731
3732
3733
3736
3737
3738
3748
3749
3755
3756
3761
3762
3763
3764
3765
3781
3789
3790
3791
3792
3796
3797
3808
3809
3810
3811
3813
3821
3822
3823
3828
3836
3837
3838
3839
3840
3841
3845
3846
3849
3850
3851
3852
3853
3854
3858
3859
3860
3861
3862
3863
3864
3869
3870
3871
3880
3881
3882
3883
3884
3885
3889
3890
3891
3892
3893
3894
3895
3896
3897
3921
3922
3923
3929
3930
3936
3937
3940
3941
3942
3954
3955
3956
3961
3962
3969
3970
3971
3972
3973
3974
3975
3981
3982
3985
3986
3987
3988
3989
3990
3993
3994
3995
4002
4003
4004
4005
4006
4007
4012
4013
4014
4018
4019
4020
4021
4022
4025
4026
4043
4044
4045
4046
4050
4053
4054
4055
4057
4058
4059
4075
4076
4077
4078
4080
4085
4086
4090
4107
4108
4109
4110
4111
4112
4113
4117
4118
4139
4140
4141
4142
4143
4144
4145
4170
4171
4172
4173
4174
4175
4200
4201
4202
4203
4204
4205
4206
4231
4232
4233
4234
4235
4236
4237
4238
4263
4264
4265
4266
4267
4268
4269
4280
4295
4296
4297
4298
4299
4300
4301
4316
4317
4318
4320
4327
4328
4329
4330
4331
4332
4333
4348
4349
4350
4351
4352
4357
4358
4359
4360
4361
4362
4363
4364
4365
4366
4367
4381
4382
4383
4389
4390
4391
4392
4393
4394
4395
4396
4397
4398
4399
4406
4407
4413
4414
4420
4421
4422
4423
4424
4425
4426
4427
4428
4433
4434
4435
4436
4437
4438
4439
4452
4453
4454
4455
4456
4457
4458
4459
4465
4466
4467
4468
4469
4470
4485
4486
4487
4488
4489
4490
4496
4497
4498
4499
4500
4501
4502
4518
4519
4520
4527
4528
4529
4531
4532
4533
4534
4545
4546
4547
4548
4549
4550
4559
4560
4561
4565
4566
4567
4577
4578
4579
4580
4581
4582
4585
4586
4590
4591
4592
4593
4597
4598
4599
4600
4610
4611
4612
4613
4614
4617
4618
4619
4623
4624
4625
4626
4627
4628
4629
4642
4643
4644
4645
4646
4650
4651
4652
4656
4658
4659
4660
4661
4675
4676
4677
4678
4690
4691
4692
4707
4708
4709
4710
4713
4714
4715
4722
4723
4724
4729
4730
4740
4741
4742
4746
4747
4748
4749
4753
4754
4755
4756
4757
4761
4762
4772
4773
4779
4780
4781
4782
4786
4788
4789
4800
4801
4802
4803
4804
4805
4813
4814
4815
4816
4832
4833
4834
4835
4836
4845
4846
4847
4861
4862
4863
4864
4865
4874
4875
4876
4877
4878
4884
4885
4893
4894
4895
4896
4906
4907
4908
4909
4914
4915
4916
4917
4921
4926
4927
4931
4932
4933
4939
4942
4946
4947
4948
4949
4952
4953
4954
4960
4961
4962
4963
4964
4965
4966
4971
4973
4974
4978
4979
4985
4986
4992
4993
4994
4995
4996
4997
4998
5003
5004
5005
5006
5010
5011
5017
5018
5025
5026
5027
5028
5029
5035
5036
5037
5038
5045
5050
5067
5068
5069
5070
5073
5077
5078
5099
5100
5101
5102
5109
5110
5131
5132
5133
5147
5164
5165
5195
5196
5210
5211
5226
5227
5228
5242
5255
5256
5257
5258
5259
5272
5273
5274
5287
5288
5289
5290
5291
5303
5304
5305
5318
5319
5320
5321
5322
5323
5330
5340
5344
5350
5351
5352
5353
5354
5355
5356
5361
5362
5372
5373
5374
5375
5376
5380
5381
5382
5383
5384
5385
5386
5387
5388
5390
5391
5392
5404
5405
5406
5407
5412
5413
5414
5415
5416
5417
5418
5419
5420
5421
5422
5423
5424
5425
5430
5431
5437
5438
5443
5444
5445
5446
5447
5448
5449
5450
5451
5452
5455
5456
5457
5458
5460
5461
5462
5463
5475
5476
5477
5478
5479
5480
5481
5482
5491
5492
5493
5494
5509
5510
5511
5512
5513
5514
5523
5524
5525
5526
5541
5542
5544
5555
5556
5557
5558
5569
5570
5571
5572
5573
5587
5589
5590
5591
5601
5602
5603
5604
5605
5606
5616
5622
5623
5633
5634
5635
5636
5637
5638
5639
5640
5641
5642
5647
5648
5649
5666
5667
5668
5669
5670
5671
5673
5674
5682
5683
5684
5698
5699
5700
5701
5702
5714
5715
5716
5728
5731
5732
5733
5734
5738
5746
5747
5748
5749
5754
5760
5761
5763
5764
5769
5770
5771
5772
5773
5791
5792
5793
5795
5796
5797
5802
5803
5804
5805
5822
5823
5824
5825
5826
5827
5828
5829
5837
5838
5839
5840
5856
5857
5858
5859
5860
5869
5870
5871
5872
5888
5889
5890
5899
5901
5902
5903
5908
5909
5919
5920
5921
5930
5931
5932
5934
5938
5939
5940
5941
5942
5950
5951
5952
5953
5954
5955
5956
5957
5963
5966
5970
5971
5972
5973
5977
5983
5984
5985
5986
5987
5988
5989
5990
5995
5997
5998
6003
6016
6017
6018
6019
6020
6021
6022
6027
6029
6030
6049
6050
6051
6052
6053
6060
6107
6157
6158
6169
6170
6171
6188
6189
6202
6203
6215
6219
6220
6234
6235
6247
6248
6249
6250
6251
6252
6265
6266
6267
6278
6279
6280
6281
6282
6283
6284
6296
6297
6298
6310
6311
6312
6313
6314
6315
6328
6329
6330
6339
6340
6341
6342
6343
6344
6345
6346
6353
6354
6368
6371
6372
6373
6374
6375
6376
6377
6385
6386
6387
6388
6397
6398
6400
6403
6404
6405
6406
6407
6408
6409
6416
6419
6424
6425
6429
6430
6431
6436
6437
6438
6439
6440
6441
6442
6443
6447
6448
6453
6454
6455
6456
6461
6462
6467
6468
6469
6470
6471
6472
6473
6474
6475
6479
6480
6484
6485
6486
6499
6500
6501
6502
6503
6504
6505
6506
6516
6517
6535
6536
6547
6548
6549
6550
6579
6580
6581
6582
6583
6593
6594
6595
6596
6597
6611
6612
6613
6614
6615
6625
6626
6627
6628
6629
6630
6631
6632
6644
6645
6646
6647
6656
6657
6658
6659
6660
6661
6662
6663
6664
6689
6690
6691
6692
6693
6694
6695
6707
6720
6721
6722
6723
6724
6725
6726
6738
6739
6740
6750
6751
6752
6753
6754
6755
6756
6757
6758
6765
6770
6771
6782
6783
6784
6785
6786
6814
6815
6816
6817
6818
6819
6820
6846
6847
6848
6849
6850
6851
6852
6853
6864
6865
6879
6881
6882
6883
6884
6893
6894
6895
6896
6897
6912
6913
6914
6915
6923
6924
6925
6926
6927
6930
6931
6932
6933
6934
6944
6945
6946
6947
6955
6956
6958
6962
6963
6964
6965
6966
6975
6976
6977
6978
6979
6980
6981
6986
6987
6988
6990
6994
6995
6996
6997
6998
7008
7009
7010
7011
7012
7013
7014
7015
7018
7019
7020
7021
7022
7026
7027
7040
7041
7042
7043
7044
7045
7046
7051
7072
7073
7074
7075
7076
7077
7099
7109
7131
7149
7163
7181
7182
7194
7195
7212
7213
7227
7238
7239
7240
7241
7243
7244
7245
7270
7271
7272
7273
7274
7275
7276
7277
7290
7301
7302
7303
7304
7305
7306
7307
7308
7321
7322
7332
7333
7334
7335
7336
7337
7338
7339
7340
7352
7353
7363
7364
7365
7366
7367
7368
7369
7370
7377
7394
7395
7396
7397
7398
7399
7400
7409
7412
7415
7416
7417
7422
7427
7428
7429
7430
7431
7432
7433
7446
7447
7448
7449
7453
7454
7455
7460
7461
7462
7463
7464
7465
7466
7477
7478
7485
7486
7494
7495
7496
7497
7498
7508
7523
7524
7527
7528
7529
7530
7540
7541
7571
7572
7573
7574
7603
7604
7605
7606
7607
7620
7621
7635
7636
7637
7638
7639
7645
7646
7650
7651
7652
7653
7654
7668
7669
7670
7671
7677
7678
7680
7681
7682
7683
7684
7685
7686
7687
7701
7702
7710
7712
7713
7714
7715
7716
7717
7718
7742
7743
7744
7745
7746
7747
7748
7749
7750
7758
7759
7762
7763
7774
7775
7776
7777
7778
7779
7790
7791
7792
7793
7794
7805
7806
7807
7808
7809
7810
7822
7823
7837
7838
7839
7840
7841
7842
7858
7859
7869
7870
7871
7872
7873
7874
7875
7876
7878
7885
7886
7887
7888
7889
7890
7891
7905
7906
7907
7908
7909
7916
7917
7918
7919
7920
7921
7923
7928
7938
7939
7940
7947
7948
7950
7951
7957
7958
7960
7961
7971
7979
7980
7982
7983
7987
7988
7989
7990
8001
8005
8011
8012
8013
8014
8021
8033
8034
8036
8037
8038
8039
8043
8044
8045
8046
8047
8061
8064
8065
8066
8069
8070
8074
8078
8079
8090
8091
8092
8093
8096
8097
8098
8110
8111
8122
8123
8124
8141
8142
8143
8155
8173
8174
8205
8206
8207
8236
8237
8238
8239
8261
8262
8263
8264
8265
8266
8267
8268
8269
8270
8293
8294
8295
8296
8298
8299
8300
8301
8323
8324
8325
8326
8330
8331
8332
8333
8355
8356
8357
8358
8362
8363
8364
8387
8388
8389
8390
8394
8395
8396
8419
8420
8421
8422
8439
8440
8441
8442
8451
8452
8453
8454
8455
8456
8471
8472
8473
8478
8486
8487
8488
8489
8518
8519
8520
8521
8522
8532
8551
8552
8553
8554
8564
8565
8576
8595
8596
8597
8608
8609
8611
8612
8636
8637
8638
8639
8643
8644
8645
8662
8663
8668
8669
8670
8674
8675
8676
8677
8678
8693
8694
8695
8701
8702
8706
8707
8708
8709
8710
8725
8726
8736
8737
8738
8739
8740
8741
8742
8751
8765
8766
8767
8768
8769
8770
8771
8782
8783
8784
8797
8798
8799
8800
8801
8813
8814
8815
8816
8829
8830
8831
8832
8833
8846
8861
8862
8863
8864
8865
8869
8870
8871
8879
8881
8882
8883
8893
8894
8895
8896
8897
8898
8899
8900
8901
8902
8903
8909
8910
8911
8912
8913
8914
8915
8930
8931
8932
8933
8940
8941
8942
8943
8944
8945
8952
8953
8963
8964
8965
8971
8974
8975
8981
8982
8984
8985
8995
8996
9003
9004
9006
9007
9014
9028
9029
9030
9035
9036
9037
9038
9061
9062
9063
9068
9069
9070
9078
9084
9085
9088
9089
9090
9093
9094
9095
9101
9102
9103
9104
9114
9115
9116
9117
9118
9119
9120
9121
9133
9134
9135
9136
9147
9148
9150
9151
9161
9164
9165
9166
9167
9193
9196
9197
9198
9225
9228
9229
9230
9231
9232
9259
9260
9261
9262
9263
9282
9283
9284
9285
9286
9290
9291
9292
9293
9300
9302
9315
9316
9317
9318
9322
9323
9324
9325
9339
9347
9348
9349
9350
9354
9355
9356
9357
9371
9379
9380
9381
9382
9385
9386
9387
9388
9411
9412
9413
9416
9417
9418
9419
9420
9433
9434
9435
9443
9448
9449
9450
9451
9463
9464
9465
9466
9475
9478
9510
9511
9512
9542
9543
9544
9545
9557
9574
9575
9576
9577
9588
9600
9601
9606
9607
9608
9632
9633
9635
9636
9660
9661
9662
9663
9664
9667
9668
9686
9687
9692
9693
9694
9695
9699
9700
9701
9707
9712
9717
9718
9719
9725
9726
9730
9731
9732
9733
9738
9739
9743
9744
9749
9750
9757
9758
9770
9775
9781
9782
9787
9788
9789
9790
9806
9807
9819
9820
9821
9822
9824
9836
9837
9838
9853
9854
9856
9857
9868
9869
9870
9873
9874
9875
9889
9892
9893
9894
9895
9899
9900
9901
9902
9903
9904
9905
9906
9907
9921
9922
9923
9924
9925
9926
9927
9931
9932
9933
9934
9935
9936
9937
9938
9939
9954
9955
9956
9957
9964
9965
9966
9967
9977
9987
9988
9989
10006
10019
10020
10021
10027
10028
10030
10038
10052
10053
10054
10059
10060
10061
10062
10070
10076
10077
10084
10085
10086
10087
10091
10092
10093
10094
10101
10102
10103
10107
10108
10109
10110
10112
10113
10117
10118
10124
10125
10126
10127
10128
10129
10133
10134
10140
10141
10142
10143
10144
10145
10146
10156
10157
10158
10159
10160
10174
10175
10185
10188
10189
10190
10191
10192
10221
10222
10223
10224
10248
10251
10252
10253
10254
10255
10256
10274
10275
10283
10284
10285
10286
10287
10306
10307
10308
10309
10316
10317
10322
10323
10324
10325
10331
10338
10339
10340
10341
10342
10348
10349
10354
10355
10356
10357
10363
10364
10371
10372
10373
10374
10379
10380
10381
10395
10396
10403
10405
10406
10410
10411
10412
10413
10427
10428
10434
10435
10440
10441
10442
10443
10444
10445
10456
10457
10458
10459
10472
10473
10474
10475
10476
10482
10487
10488
10489
10490
10501
10513
10514
10533
10534
10545
10565
10566
10567
10568
10569
10597
10598
10599
10600
10601
10630
10631
10632
10643
10656
10657
10663
10672
10673
10674
10675
10676
10677
10678
10679
10685
10686
10687
10688
10704
10705
10706
10707
10709
10710
10711
10717
10718
10719
10720
10724
10736
10737
10738
10739
10741
10742
10743
10749
10750
10751
10757
10762
10763
10768
10769
10770
10771
10773
10774
10779
10780
10781
10782
10793
10794
10795
10799
10800
10801
10802
10803
10805
10806
10807
10810
10811
10812
10813
10814
10816
10830
10834
10835
10842
10843
10844
10845
10846
10847
10848
10850
10851
10860
10861
10865
10866
10867
10877
10878
10879
10883
10884
10885
10891
10892
10893
10894
10898
10899
10914
10915
10916
10917
10918
10919
10923
10924
10925
10926
10929
10930
10946
10947
10948
10949
10950
10951
10955
10956
10957
10958
10962
10979
10980
10981
10995
10998
10999
11011
11012
11030
11031
11037
11043
11044
11045
11051
11052
11059
11062
11063
11069
11076
11083
11084
11085
11094
11095
11100
11101
11107
11108
11115
11116
11117
11125
11126
11127
11132
11133
11137
11138
11139
11140
11141
11142
11147
11149
11150
11151
11152
11153
11154
11158
11168
11169
11170
11171
11182
11183
11184
11185
11186
11201
11202
11203
11209
11213
11214
11215
11216
11217
11244
11245
11246
11247
11248
11272
11277
11278
11279
11309
11310
11311
11312
11313
11329
11330
11331
11332
11333
11344
11345
11346
11347
11348
11349
11355
11362
11363
11364
11365
11366
11367
11373
11375
11376
11377
11378
11379
11380
11387
11395
11398
11399
11404
11405
11406
11407
11411
11412
11419
11420
11427
11430
11435
11436
11437
11438
11443
11444
11451
11452
11459
11465
11466
11467
11468
11469
11470
11474
11475
11480
11481
11482
11483
11484
11492
11497
11498
11499
11505
11506
11507
11513
11514
11524
11525
11537
11538
11556
11557
11569
11570
11588
11589
11590
11592
11621
11622
11623
11624
11654
11655
11664
11665
11666
11667
11668
11669
11670
11696
11697
11698
11699
11700
11701
11702
11712
11713
11728
11729
11730
11731
11732
11733
11734
11741
11742
11743
11744
11745
11760
11761
11762
11763
11764
11773
11774
11775
11776
11777
11792
11793
11794
11795
11802
11803
11804
11805
11806
11807
11808
11818
11819
11823
11824
11825
11826
11827
11830
11831
11834
11835
11836
11837
11838
11839
11840
11842
11843
11853
11855
11856
11857
11858
11859
11862
11863
11867
11868
11869
11870
11871
11872
11873
11874
11875
11876
11884
11885
11888
11889
11890
11891
11894
11900
11901
11902
11903
11904
11906
11907
11908
11909
11914
11915
11916
11917
11920
11922
11926
11933
11934
11935
11936
11938
11939
11940
11941
11942
11947
11948
11949
11971
11972
11973
11979
11980
11990
11991
12003
12004
12019
12020
12022
12023
12051
12052
12053
12054
12055
12066
12075
12076
12084
12085
12086
12087
12088
12107
12108
12115
12116
12117
12118
12119
12120
12131
12132
12138
12139
12140
12146
12147
12148
12149
12150
12151
12152
12162
12163
12164
12165
12170
12171
12177
12178
12179
12180
12181
12182
12193
12194
12195
12206
12207
12208
12209
12210
12225
12226
12227
12232
12233
12238
12239
12240
12241
12264
12270
12271
12295
12296
12302
12303
12321
12322
12336
12337
12338
12353
12354
12355
12358
12359
12367
12368
12369
12385
12386
12387
12390
12391
12392
12399
12400
12419
12422
12423
12424
12425
12430
12431
12436
12437
12453
12461
12462
12463
12467
12468
12469
12474
12476
12477
12484
12493
12500
12501
12505
12506
12509
12515
12516
12517
12530
12538
12548
12549
12561
12580
12581
12592
12612
12613
12614
12645
12646
12647
12648
12659
12660
12662
12688
12689
12690
12691
12692
12693
12694
12695
12720
12721
12722
12723
12724
12725
12726
12752
12753
12754
12755
12756
12765
12766
12768
12769
12784
12785
12786
12787
12797
12798
12799
12800
12801
12816
12817
12818
12819
12820
12827
12828
12829
12830
12831
12832
12833
12842
12848
12849
12850
12851
12852
12854
12855
12856
12859
12860
12861
12862
12863
12864
12865
12866
12867
12875
12876
12877
12878
12879
12880
12881
12882
12883
12886
12887
12888
12892
12893
12894
12895
12896
12897
12898
12899
12900
12907
12908
12911
12912
12913
12918
12919
12925
12926
12927
12928
12929
12930
12931
12932
12939
12940
12943
12944
12950
12951
12957
12958
12959
12960
12961
12962
12963
12964
12970
12971
12972
12982
12983
12991
12995
12996
13003
13014
13028
13046
13047
13076
13077
13078
13079
13090
13099
13100
13108
13109
13110
13111
13112
13124
13131
13132
13139
13140
13141
13142
13143
13144
13155
13156
13157
13160
13162
13163
13164
13170
13171
13172
13173
13174
13175
13176
13177
13186
13187
13188
13189
13190
13191
13192
13195
13202
13203
13204
13205
13206
13207
13208
13218
13219
13222
13223
13224
13230
13231
13233
13249
13255
13256
13262
13263
13264
13287
13288
13294
13295
13318
13319
13345
13350
13351
13361
13363
13377
13378
13379
13382
13383
13384
13385
13386
13387
13391
13392
13393
13394
13415
13416
13417
13418
13422
13423
13424
13430
13431
13445
13446
13447
13448
13449
13450
13454
13455
13460
13461
13462
13466
13476
13477
13478
13479
13480
13486
13487
13492
13493
13498
13508
13509
13510
13524
13525
13530
13531
13540
13572
13573
13604
13605
13615
13616
13636
13637
13646
13647
13652
13669
13670
13679
13683
13684
13685
13686
13687
13715
13716
13717
13718
13719
13746
13747
13748
13749
13777
13778
13779
13780
13809
13810
13811
13812
13821
13822
13824
13825
13840
13841
13842
13843
13844
13851
13852
13853
13854
13855
13856
13857
13867
13872
13873
13874
13875
13878
13879
13880
13883
13884
13885
13886
13888
13889
13890
13899
13900
13901
13902
13903
13904
13905
13906
13910
13911
13912
13917
13918
13919
13920
13921
13922
13923
13931
13932
13933
13934
13935
13936
13937
13942
13949
13950
13951
13952
13953
13954
13955
13962
13963
13964
13967
13968
13969
13973
13974
13975
13982
13984
13985
13986
13987
13995
13996
13999
14000
14001
14006
14007
14018
14019
14039
14051
14052
14083
14084
14093
14109
14110
14116
14117
14118
14123
14124
14132
14133
14149
14150
14151
14152
14153
14154
14155
14156
14163
14164
14165
14180
14181
14182
14183
14184
14185
14186
14187
14188
14194
14195
14198
14211
14212
14213
14214
14215
14216
14219
14226
14227
14228
14229
14230
14231
14243
14246
14247
14248
14258
14259
14260
14261
14262
14263
14264
14279
14280
14286
14287
14295
14296
14311
14318
14342
14343
14346
14347
14407
14409
14410
14411
14423
14424
14439
14440
14441
14442
14443
14446
14447
14454
14455
14456
14469
14470
14471
14472
14473
14477
14478
14479
14485
14486
14487
14501
14502
14503
14504
14510
14517
14522
14528
14529
14530
14533
14534
14535
14536
14555
14560
14561
14564
14565
14596
14597
14629
14638
14643
14644
14666
14668
14669
14670
14671
14676
14677
14698
14699
14700
14701
14702
14703
14708
14709
14710
14739
14740
14741
14742
14770
14771
14772
14773
14802
14803
14804
14805
14834
14835
14836
14837
14846
14848
14865
14866
14867
14876
14877
14878
14879
14880
14881
14891
14896
14897
14898
14899
14907
14908
14909
14910
14911
14912
14913
14914
14923
14924
14925
14926
14927
14928
14929
14930
14939
14940
14941
14942
14943
14944
14945
14946
14955
14956
14957
14958
14959
14960
14961
14966
14967
14976
14977
14978
14991
14992
14993
14996
14997
14998
14999
15009
15010
15011
15023
15024
15025
15031
15032
15042
15043
15075
15076
15107
15108
15109
15110
15117
15118
15140
15141
15142
15143
15147
15148
15149
15150
15173
15174
15175
15176
15177
15178
15179
15180
15181
15182
15205
15206
15207
15208
15209
15210
15211
15212
15213
15218
15219
15235
15236
15237
15238
15239
15240
15243
15244
15245
15250
15251
15252
15271
15275
15276
15282
15283
15284
15285
15287
15288
15289
15303
15306
15307
15308
15315
15316
15319
15320
15321
15335
15338
15339
15348
15367
15371
15415
15416
15433
15434
15437
15438
15447
15448
15460
15461
15463
15464
15465
15466
15469
15470
15478
15479
15480
15492
15493
15494
15495
15496
15500
15501
15502
15509
15510
15511
15524
15525
15526
15527
15528
15552
15553
15554
15555
15557
15558
15559
15560
15584
15585
15586
15587
15588
15617
15620
15621
15622
15653
15654
15656
15657
15667
15668
15673
15674
15688
15689
15690
15691
15692
15693
15694
15699
15700
15701
15705
15721
15722
15723
15724
15725
15726
15727
15732
15733
15734
15753
15754
15757
15758
15764
15765
15766
15782
15783
15784
15785
15786
15795
15796
15797
15815
15816
15817
15818
15826
15827
15828
15859
15860
15904
15921
15922
15931
15932
15933
15934
15935
15936
15937
15948
15949
15950
15951
15952
15953
15954
15955
15963
15964
15965
15966
15967
15968
15969
15981
15982
15983
15984
15985
15986
15987
15988
15989
15990
15991
16000
16001
16014
16015
16016
16017
16018
16019
16020
16021
16022
16023
16024
16046
16047
16048
16049
16050
16051
16052
16053
16084
16085
16100
16101
16132
16133
16134
16140
16141
16142
16164
16165
16166
16167
16168
16170
16171
16172
16173
16174
16175
16197
16198
16199
16200
16201
16202
16203
16204
16205
16206
16229
16230
16231
16232
16233
16234
16235
16236
16237
16238
16242
16260
16261
16262
16263
16266
16267
16268
16269
16274
16275
16298
16299
16300
16301
16306
16307
16308
16330
16331
16332
16340
16362
16363
16430
16439
16440
16441
16461
16462
16463
16465
16471
16472
16473
16484
16485
16493
16494
16502
16503
16504
16515
16516
16517
16518
16519
16520
16524
16525
16533
16534
16535
16548
16549
16550
16551
16556
16557
16564
16565
16566
16578
16579
16580
16582
16583
16595
16596
16597
16610
16611
16612
16627
16628
16642
16643
16644
16645
16646
16659
16660
16674
16675
16677
16678
16679
16691
16692
16696
16697
16698
16709
16714
16715
16716
16717
16718
16724
16728
16729
16740
16741
16742
16745
16746
16747
16748
16749
16750
16757
16772
16773
16774
16778
16781
16782
16788
16789
16806
16807
16808
16809
16810
16821
16839
16840
16841
16842
16946
16947
16949
16955
16956
16973
16974
16975
16977
16978
16979
16980
16981
16982
16987
16988
17006
17007
17008
17009
17010
17011
17012
17013
17014
17015
17020
17038
17039
17040
17041
17042
17043
17044
17045
17046
17070
17071
17072
17073
17074
17075
17076
17077
17078
17107
17108
17109
17110
17124
17125
17130
17131
17141
17156
17157
17158
17159
17162
17163
17164
17165
17174
17175
17177
17178
17179
17190
17191
17192
17193
17194
17195
17196
17197
17198
17199
17210
17211
17223
17224
17225
17226
17227
17228
17229
17230
17231
17253
17254
17255
17256
17257
17258
17259
17260
17261
17285
17286
17287
17289
17290
17291
17292
17293
17321
17322
17353
17354
17417
17422
17432
17448
17449
17454
17455
17456
17457
17458
17462
17463
17464
17465
17486
17487
17488
17489
17490
17494
17495
17496
17497
17498
17508
17509
17510
17511
17518
17519
17520
17521
17526
17527
17528
17529
17530
17539
17540
17541
17542
17543
17544
17551
17557
17558
17559
17560
17571
17572
17574
17575
17588
17589
17590
17619
17620
17621
17650
17651
17652
17666
17667
17668
17669
17670
17682
17683
17684
17687
17688
17698
17699
17700
17701
17702
17703
17715
17719
17720
17721
17722
17731
17732
17733
17734
17739
17740
17741
17752
17753
17754
17755
17764
17765
17766
17771
17772
17773
17786
17787
17797
17798
17831
17833
17834
17863
17864
17865
17866
17867
17897
17898
17971
17972
17973
17979
17980
17999
18001
18002
18003
18004
18005
18006
18010
18011
18012
18030
18031
18032
18033
18034
18035
18036
18037
18038
18042
18043
18044
18062
18063
18064
18065
18066
18067
18068
18069
18070
18094
18095
18097
18098
18099
18100
18101
18102
18116
18117
18122
18123
18132
18133
18134
18148
18149
18150
18153
18154
18155
18165
18166
18170
18171
18172
18181
18182
18183
18184
18185
18186
18187
18197
18198
18199
18202
18203
18204
18214
18215
18216
18218
18219
18220
18221
18222
18223
18229
18230
18231
18234
18235
18247
18248
18249
18250
18251
18252
18253
18254
18255
18256
18261
18262
18279
18280
18281
18282
18283
18285
18286
18287
18313
18314
18318
18345
18346
18349
18350
18377
18378
18381
18382
18384
18409
18414
18440
18441
18444
18445
18446
18447
18448
18449
18455
18456
18457
18472
18473
18476
18477
18478
18479
18480
18481
18482
18486
18487
18488
18489
18499
18500
18504
18509
18510
18511
18512
18513
18514
18518
18519
18520
18521
18522
18523
18524
18530
18531
18532
18535
18536
18542
18543
18544
18545
18546
18550
18551
18552
18553
18554
18555
18563
18564
18566
18567
18568
18571
18574
18575
18576
18577
18578
18581
18582
18583
18584
18585
18596
18598
18599
18613
18614
18615
18644
18645
18662
18674
18675
18676
18677
18692
18693
18694
18695
18706
18707
18708
18709
18710
18712
18723
18724
18725
18726
18727
18738
18741
18742
18743
18744
18745
18756
18757
18758
18759
18770
18775
18776
18777
18778
18779
18780
18785
18786
18789
18790
18809
18810
18811
18812
18844
18869
18902
18903
18922
18934
18935
18955
18965
18973
18994
18995
18996
18997
19002
19003
19004
19005
19026
19027
19028
19029
19034
19035
19036
19059
19066
19067
19089
19091
19092
19093
19113
19114
19123
19124
19125
19126
19140
19141
19142
19145
19146
19156
19157
19158
19172
19173
19174
19178
19188
19189
19193
19194
19195
19196
19206
19207
19213
19220
19221
19222
19226
19227
19228
19245
19246
19247
19252
19253
19254
19255
19277
19278
19279
19280
19284
19285
19286
19303
19304
19310
19311
19312
19335
19337
19342
19369
19370
19376
19401
19402
19405
19406
19407
19408
19409
19416
19417
19433
19437
19438
19439
19440
19441
19448
19449
19468
19469
19470
19471
19472
19473
19474
19475
19479
19480
19481
19482
19497
19499
19500
19501
19502
19503
19504
19505
19506
19507
19510
19511
19512
19513
19514
19515
19522
19523
19532
19533
19534
19535
19536
19537
19538
19542
19543
19544
19545
19546
19547
19548
19553
19554
19555
19556
19559
19560
19565
19566
19567
19568
19569
19570
19574
19575
19576
19577
19578
19579
19580
19584
19585
19587
19588
19591
19594
19595
19597
19598
19599
19600
19601
19602
19605
19606
19607
19608
19609
19610
19611
19617
19620
19626
19627
19628
19632
19633
19634
19637
19638
19639
19640
19641
19667
19668
19669
19670
19686
19687
19688
19697
19698
19699
19700
19701
19702
19718
19719
19720
19729
19730
19731
19744
19748
19750
19751
19752
19761
19762
19763
19766
19767
19768
19776
19777
19781
19782
19783
19794
19798
19799
19800
19801
19802
19809
19810
19813
19829
19830
19831
19833
19834
19835
19836
19861
19862
19863
19866
19867
19868
19893
19894
19895
19898
19899
19926
19927
19930
19958
19959
19979
19997
19998
20011
20020
20025
20028
20029
20030
20058
20061
20132
20133
20138
20147
20148
20149
20150
20165
20166
20179
20180
20181
20186
20198
20211
20212
20213
20218
20219
20236
20237
20244
20245
20250
20269
20270
20271
20276
20277
20301
20302
20303
20304
20308
20309
20334
20335
20336
20365
20366
20367
20368
20369
20397
20398
20399
20400
20401
20429
20430
20431
20432
20433
20434
20440
20441
20442
20461
20462
20463
20464
20465
20471
20472
20473
20474
20493
20495
20496
20497
20498
20499
20503
20504
20505
20506
20525
20527
20528
20529
20530
20531
20535
20536
20537
20538
20539
20546
20559
20560
20561
20562
20566
20567
20568
20569
20570
20571
20577
20578
20579
20590
20591
20592
20593
20597
20598
20599
20600
20601
20602
20603
20608
20609
20610
20611
20612
20613
20617
20618
20619
20622
20623
20624
20625
20630
20631
20632
20633
20634
20635
20636
20641
20642
20643
20644
20645
20649
20650
20651
20655
20656
20657
20661
20662
20663
20664
20665
20667
20680
20683
20684
20688
20689
20690
20691
20692
20693
20694
20710
20711
20712
20715
20716
20717
20721
20722
20723
20724
20725
20739
20742
20743
20744
20748
20752
20753
20754
20755
20756
20760
20768
20770
20771
20774
20775
20785
20786
20787
20791
20792
20798
20800
20802
20803
20804
20807
20818
20819
20822
20823
20824
20825
20836
20837
20854
20855
20856
20857
20858
20868
20869
20885
20886
20887
20890
20891
20918
20919
20922
20923
20951
20983
20984
21015
21016
21017
21021
21022
21035
21048
21049
21053
21054
21170
21171
21172
21186
21187
21202
21203
21204
21209
21210
21218
21219
21235
21236
21237
21241
21242
21250
21256
21257
21260
21261
21268
21269
21289
21290
21293
21294
21295
21301
21314
21321
21322
21325
21326
21327
21328
21333
21344
21345
21346
21347
21354
21357
21358
21359
21360
21361
21364
21373
21374
21375
21376
21377
21378
21379
21389
21390
21391
21392
21393
21405
21406
21407
21421
21422
21423
21424
21425
21426
21433
21434
21454
21455
21456
21457
21458
21459
21464
21465
21466
21467
21488
21489
21490
21491
21496
21497
21498
21520
21521
21522
21527
21528
21529
21530
21552
21553
21554
21558
21559
21560
21561
21562
21584
21585
21589
21590
21591
21592
21593
21594
21602
21605
21606
21616
21620
21621
21622
21623
21624
21625
21626
21627
21633
21634
21635
21636
21637
21638
21641
21642
21651
21652
21653
21654
21655
21657
21658
21659
21660
21665
21666
21667
21668
21669
21670
21673
21674
21675
21684
21685
21686
21690
21691
21692
21701
21702
21707
21708
21713
21716
21717
21733
21734
21739
21740
21744
21745
21746
21747
21748
21749
21763
21775
21776
21777
21778
21779
21780
21793
21794
21795
21807
21808
21809
21810
21811
21815
21816
21817
21824
21825
21826
21827
21828
21840
21841
21846
21847
21848
21849
21850
21858
21859
21860
21861
21878
21879
21880
21881
21911
21938
21939
21940
21953
21954
21970
21971
21972
21986
21987
22007
22008
22013
22018
22019
22039
22040
22041
22071
22072
22073
22153
22178
22179
22193
22194
22210
22211
22212
22225
22226
22233
22234
22240
22241
22242
22243
22247
22248
22265
22266
22272
22273
22274
22279
22280
22281
22305
22306
22312
22313
22314
22317
22318
22319
22320
22325
22337
22338
22339
22344
22345
22346
22348
22349
22350
22351
22352
22353
22368
22369
22370
22371
22373
22376
22377
22378
22381
22382
22383
22384
22385
22397
22398
22399
22400
22401
22402
22405
22408
22409
22410
22413
22414
22415
22416
22417
22418
22419
22426
22427
22428
22429
22430
22431
22433
22441
22447
22448
22449
22450
22451
22452
22457
22458
22459
22460
22461
22480
22481
22482
22483
22487
22488
22489
22490
22491
22512
22513
22514
22520
22521
22522
22536
22537
22544
22551
22552
22553
22566
22567
22568
22569
22570
22582
22583
22584
22585
22597
22598
22599
22613
22614
22615
22616
22617
22618
22629
22630
22631
22634
22642
22643
22644
22645
22646
22647
22650
22661
22662
22665
22666
22667
22668
22674
22675
22676
22677
22678
22679
22682
22683
22692
22693
22694
22697
22698
22699
22700
22707
22708
22709
22710
22714
22715
22716
22725
22726
22739
22740
22741
22747
22748
22757
22758
22769
22770
22771
22772
22773
22784
22785
22788
22799
22800
22801
22802
22803
22804
22807
22808
22817
22818
22819
22820
22831
22832
22833
22840
22841
22849
22850
22851
22852
22863
22864
22865
22872
22873
22874
22875
22881
22882
22883
22884
22885
22896
22904
22914
22915
22916
22917
22930
22946
22962
22963
22964
22965
22977
22978
22994
22995
22996
23004
23005
23010
23011
23036
23037
23042
23043
23063
23064
23095
23096
23145
23169
23170
23177
23201
23202
23203
23217
23225
23232
23233
23234
23235
23236
23257
23258
23262
23263
23264
23265
23266
23269
23270
23271
23272
23289
23290
23294
23295
23296
23297
23298
23301
23302
23303
23304
23308
23309
23311
23326
23329
23330
23334
23337
23338
23340
23341
23342
23343
23344
23360
23361
23362
23363
23368
23369
23370
23373
23374
23375
23376
23392
23393
23394
23395
23396
23397
23398
23400
23401
23402
23405
23406
23407
23408
23409
23410
23425
23429
23432
23433
23434
23439
23440
23441
23442
23443
23449
23450
23451
23452
23453
23463
23464
23465
23471
23472
23473
23474
23475
23476
23480
23481
23482
23483
23484
23485
23495
23496
23497
23503
23504
23505
23506
23507
23512
23513
23514
23528
23529
23535
23536
23537
23544
23545
23559
23560
23561
23564
23565
23568
23576
23577
23591
23592
23593
23595
23596
23603
23604
23608
23612
23613
23621
23622
23623
23627
23628
23635
23636
23644
23645
23653
23654
23655
23658
23659
23660
23666
23667
23668
23682
23689
23690
23691
23692
23698
23699
23700
23721
23722
23723
23724
23730
23731
23740
23762
23763
23764
23772
23781
23794
23795
23796
23800
23808
23809
23810
23812
23813
23824
23825
23826
23827
23832
23838
23840
23841
23842
23843
23844
23845
23846
23855
23856
23857
23858
23864
23873
23874
23875
23876
23877
23878
23886
23887
23888
23889
23897
23898
23899
23905
23906
23907
23908
23909
23918
23919
23920
23921
23922
23930
23931
23938
23953
23954
23955
23956
23957
23986
23987
23988
23989
23990
24002
24018
24019
24020
24021
24028
24061
24067
24068
24093
24100
24160
24169
24192
24193
24194
24224
24225
24226
24227
24247
24248
24249
24254
24255
24256
24257
24258
24259
24262
24263
24280
24281
24282
24286
24287
24288
24293
24294
24295
24313
24314
24318
24319
24321
24325
24326
24327
24332
24333
24334
24335
24336
24353
24354
24355
24358
24364
24365
24366
24367
24368
24372
24385
24386
24387
24388
24389
24390
24399
24400
24417
24418
24419
24421
24422
24425
24431
24432
24433
24434
24435
24436
24442
24454
24456
24457
24463
24464
24465
24466
24467
24468
24473
24474
24475
24487
24488
24489
24494
24495
24496
24497
24498
24499
24500
24505
24506
24519
24520
24521
24526
24527
24528
24529
24536
24537
24552
24553
24559
24560
24568
24587
24588
24589
24590
24595
24596
24619
24620
24621
24627
24628
24636
24637
24644
24645
24650
24651
24652
24659
24660
24667
24668
24669
24676
24682
24683
24684
24691
24700
24705
24706
24707
24708
24715
24716
24722
24723
24737
24738
24739
24748
24749
24753
24754
24755
24780
24781
24786
24787
24805
24806
24812
24818
24819
24824
24833
24834
24836
24837
24838
24848
24849
24850
24851
24865
24866
24867
24868
24869
24870
24871
24880
24881
24882
24883
24898
24899
24900
24901
24902
24903
24904
24911
24912
24913
24914
24915
24923
24924
24932
24933
24935
24944
24945
24946
24947
24948
24950
24954
24955
24956
24978
24979
24980
24981
24982
25010
25011
25012
25013
25014
25015
25016
25017
25044
25045
25046
25047
25048
25059
25060
25091
25092
25123
25124
25125
25182
25184
25185
25208
25209
25214
25215
25216
25217
25240
25241
25248
25249
25254
25271
25272
25273
25278
25279
25285
25286
25287
25304
25305
25310
25311
25317
25318
25319
25324
25327
25336
25337
25338
25345
25346
25347
25350
25356
25357
25358
25359
25364
25377
25378
25379
25380
25381
25382
25388
25389
25390
25391
25392
25395
25396
25409
25410
25411
25412
25413
25414
25423
25424
25427
25428
25444
25445
25446
25455
25459
25460
25466
25467
25477
25478
25486
25487
25488
25491
25492
25493
25498
25510
25511
25512
25517
25518
25519
25523
25524
25530
25543
25544
25549
25550
25551
25555
25556
25581
25582
25587
25588
25606
25612
25613
25614
25615
25619
25620
25621
25643
25644
25645
25646
25647
25651
25652
25664
25665
25668
25669
25675
25676
25679
25683
25684
25691
25692
25699
25700
25701
25706
25707
25708
25711
25715
25716
25723
25724
25729
25730
25731
25732
25739
25740
25741
25747
25748
25755
25760
25761
25762
25763
25764
25771
25772
25773
25778
25779
25784
25794
25795
25796
25797
25804
25805
25809
25810
25811
25812
25816
25817
25821
25822
25828
25829
25830
25841
25842
25843
25844
25847
25848
25853
25854
25861
25862
25863
25867
25868
25872
25873
25874
25875
25876
25877
25878
25879
25880
25885
25893
25894
25895
25896
25897
25899
25903
25904
25905
25906
25907
25908
25909
25910
25911
25925
25926
25927
25928
25929
25936
25937
25938
25939
25940
25941
25942
25943
25947
25948
25949
25968
25969
25970
25971
25972
25973
25974
25975
25978
25979
25980
25981
25991
26001
26002
26003
26004
26005
26006
26007
26008
26009
26010
26011
26012
26034
26035
26036
26037
26038
26039
26040
26041
26042
26066
26067
26068
26069
26070
26071
26072
26073
26074
26115
26139
26140
26141
26172
26173
26205
26206
26208
26218
26231
26232
26233
26237
26238
26239
26240
26245
26249
26250
26262
26263
26264
26265
26270
26271
26281
26282
26291
26296
26297
26302
26309
26323
26337
26338
26348
26355
26361
26362
26368
26369
26370
26371
26380
26383
26388
26389
26398
26399
26400
26401
26402
26415
26419
26420
26421
26430
26431
26432
26451
26452
26453
26462
26463
26469
26470
26478
26483
26484
26485
26486
26494
26501
26502
26509
26510
26515
26516
26517
26533
26534
26535
26541
26542
26547
26548
26549
26566
26567
26573
26574
26579
26580
26581
26605
26606
26611
26612
26613
26630
26636
26637
26638
26639
26644
26645
26656
26657
26661
26662
26666
26667
26668
26669
26670
26671
26676
26677
26686
26687
26688
26689
26692
26693
26694
26698
26699
26700
26702
26703
26707
26708
26709
26715
26718
26719
26723
26724
26725
26726
26727
26728
26730
26731
26735
26739
26740
26746
26747
26748
26752
26753
26754
26755
26756
26757
26759
26760
26763
26764
26770
26771
26772
26778
26779
26783
26784
26785
26786
26787
26788
26789
26791
26792
26795
26796
26802
26803
26808
26809
26810
26814
26815
26816
26817
26818
26819
26820
26821
26834
26835
26839
26840
26841
26842
26845
26846
26847
26851
26852
26853
26854
26864
26865
26866
26867
26868
26871
26872
26873
26876
26877
26878
26879
26884
26885
26886
26887
26890
26891
26892
26895
26896
26897
26898
26899
26900
26901
26902
26903
26904
26905
26909
26910
26911
26912
26918
26919
26920
26922
26923
26924
26927
26928
26929
26930
26931
26932
26933
26934
26935
26936
26940
26941
26942
26943
26944
26945
26952
26953
26960
26961
26962
26963
26964
26965
26966
26967
26968
26970
26971
26972
26973
26974
26975
26976
26977
26978
26992
26993
26994
26995
26996
26997
26998
26999
27000
27001
27002
27003
27004
27005
27024
27025
27026
27027
27028
27029
27030
27031
27032
27033
27034
27035
27056
27057
27058
27059
27060
27061
27062
27063
27064
27065
27089
27090
27091
27092
27094
27095
27132
27164
27165
27196
27197
27204
27205
27218
27230
27236
27237
27241
27242
27250
27255
27256
27261
27262
27269
27272
27273
27274
27282
27287
27288
27294
27304
27305
27313
27314
27320
27347
27361
27362
27372
27380
27381
27386
27390
27392
27393
27394
27412
27413
27418
27422
27423
27424
27425
27444
27445
27446
27454
27455
27456
27475
27476
27477
27478
27485
27486
27487
27508
27509
27510
27517
27518
27526
27540
27541
27542
27549
27550
27557
27558
27559
27572
27573
27581
27582
27590
27591
27604
27605
27606
27613
27614
27622
27623
27636
27637
27654
27655
27668
27669
27680
27685
27686
27687
27694
27695
27700
27701
27710
27711
27712
27717
27718
27719
27722
27723
27726
27727
27732
27733
27735
27742
27743
27747
27748
27749
27750
27751
27752
27754
27755
27758
27759
27764
27765
27775
27776
27778
27779
27780
27781
27782
27783
27784
27787
27788
27791
27792
27806
27807
27808
27809
27810
27811
27812
27813
27814
27815
27833
27834
27838
27839
27840
27841
27842
27843
27844
27845
27864
27865
27866
27868
27869
27870
27871
27872
27873
27875
27876
27877
27878
27889
27890
27895
27896
27897
27898
27899
27900
27901
27902
27903
27904
27905
27907
27908
27914
27915
27919
27920
27921
27922
27923
27926
27927
27928
27929
27930
27931
27932
27933
27934
27935
27936
27937
27938
27939
27945
27946
27947
27948
27953
27954
27955
27956
27957
27958
27959
27960
27961
27962
27963
27964
27965
27966
27967
27968
27969
27985
27986
27987
27988
27989
27990
27991
27992
27993
27994
27995
27996
27997
27998
27999
28000
28001
28002
28017
28018
28019
28020
28021
28022
28023
28024
28025
28026
28027
28028
28029
28048
28049
28050
28052
28053
28054
28055
28056
28057
28058
28080
28081
28082
28083
28084
28085
28086
28112
28113
28114
28115
28204
28208
28209
28210
28211
28228
28229
28242
28243
28253
28254
28260
28261
28264
28265
28273
28274
28275
28286
28293
28296
28297
28305
28306
28321
28322
28328
28329
28336
28337
28338
28353
28354
28378
28385
28386
28387
28404
28410
28411
28416
28417
28418
28436
28437
28442
28443
28448
28449
28468
28469
28470
28479
28480
28500
28501
28502
28510
28511
28532
28533
28534
28535
28536
28541
28542
28544
28564
28565
28566
28567
28568
28573
28574
28575
28576
28582
28583
28584
28596
28597
28598
28599
28605
28606
28607
28614
28615
28616
28628
28629
28630
28638
28646
28647
28660
28661
28662
28675
28678
28679
28689
28690
28691
28692
28693
28694
28695
28696
28697
28710
28711
28721
28722
28723
28724
28725
28726
28727
28728
28729
28742
28743
28754
28755
28756
28757
28758
28759
28760
28773
28774
28775
28783
28784
28788
28789
28790
28791
28800
28804
28805
28806
28807
28815
28816
28821
28822
28823
28830
28832
28833
28836
28837
28838
28839
28840
28853
28854
28862
28863
28864
28865
28868
28869
28872
28873
28885
28886
28892
28893
28894
28895
28896
28897
28900
28901
28905
28906
28923
28924
28925
28926
28927
28928
28929
28930
28931
28937
28938
28943
28944
28945
28946
28953
28954
28955
28956
28957
28958
28959
28960
28961
28962
28963
28969
28970
28971
28977
28978
28979
28980
28984
28985
28986
28987
28988
28992
28993
29003
29004
29010
29011
29012
29016
29017
29018
29019
29020
29042
29043
29047
29048
29049
29050
29051
29052
29060
29072
29073
29077
29078
29079
29080
29081
29082
29083
29092
29093
29103
29104
29105
29109
29110
29111
29113
29124
29125
29135
29136
29137
29195
29196
29226
29227
29228
29234
29235
29245
29246
29259
29260
29266
29267
29277
29278
29298
29317
29320
29321
29329
29345
29349
29360
29361
29362
29378
29393
29402
29410
29411
29428
29429
29434
29435
29440
29441
29442
29460
29461
29466
29467
29472
29473
29480
29492
29493
29504
29523
29524
29525
29526
29527
29529
29535
29536
29554
29555
29556
29557
29558
29559
29560
29561
29566
29567
29568
29569
29586
29587
29588
29589
29590
29591
29592
29593
29598
29599
29600
29604
29607
29608
29618
29619
29620
29621
29622
29623
29629
29630
29631
29635
29636
29639
29649
29650
29651
29652
29653
29654
29655
29662
29671
29681
29682
29683
29684
29685
29698
29699
29713
29714
29715
29716
29717
29718
29719
29720
29721
29722
29723
29724
29725
29730
29731
29734
29745
29746
29747
29748
29749
29750
29751
29752
29753
29766
29767
29778
29779
29780
29781
29782
29783
29784
29798
29799
29811
29812
29813
29814
29815
29829
29830
29831
29832
29839
29840
29841
29845
29846
29861
29862
29863
29864
29865
29877
29878
29892
29893
29896
29897
29898
29909
29910
29929
29930
29936
29952
29961
29962
29963
29967
29968
29969
29992
29993
29994
29995
29996
30001
30009
30010
30011
30023
30024
30025
30026
30027
30028
30029
30039
30040
30041
30042
30043
30055
30056
30057
30060
30071
30072
30073
30074
30075
30083
30084
30088
30089
30102
30103
30104
30105
30106
30107
30115
30116
30117
30118
30120
30121
30127
30128
30133
30134
30135
30136
30137
30149
30159
30160
30168
30169
30219
30250
30251
30269
30270
30301
30302
30353
30373
30384
30385
30386
30404
30405
30417
30442
30443
30444
30453
30454
30459
30469
30484
30485
30486
30501
30502
30503
30504
30515
30516
30517
30518
30521
30522
30534
30535
30536
30545
30546
30547
30548
30549
30550
30551
30552
30553
30554
30560
30568
30577
30578
30579
30580
30581
30582
30583
30584
30585
30586
30590
30592
30610
30611
30612
30613
30614
30615
30616
30617
30622
30623
30627
30628
30631
30642
30643
30644
30645
30646
30647
30648
30649
30650
30653
30654
30659
30660
30673
30674
30675
30676
30677
30678
30679
30680
30681
30682
30683
30684
30685
30686
30690
30691
30692
30705
30706
30707
30709
30712
30713
30714
30716
30717
30722
30723
30738
30739
30740
30741
30742
30743
30744
30745
30746
30747
30748
30754
30755
30770
30771
30772
30773
30774
30775
30776
30777
30778
30779
30780
30789
30790
30803
30804
30805
30806
30807
30808
30809
30810
30811
30812
30821
30822
30823
30828
30831
30832
30835
30836
30837
30838
30839
30840
30841
30842
30843
30853
30854
30855
30864
30865
30866
30869
30870
30871
30874
30887
30888
30889
30896
30897
30898
30901
30902
30905
30920
30921
30922
30953
30954
30955
30956
30985
30986
30987
30988
30989
30991
31016
31017
31018
31019
31020
31021
31047
31048
31049
31050
31051
31052
31064
31065
31066
31079
31080
31081
31082
31096
31097
31098
31107
31108
31110
31111
31112
31113
31126
31127
31128
31129
31139
31140
31141
31144
31145
31158
31159
31160
31161
31176
31177
31184
31190
31191
31192
31193
31194
31225
31226
31227
31259
31322
31348
31349
31350
31354
31355
31368
31369
31377
31378
31379
31380
31381
31399
31400
31408
31409
31410
31411
31412
31431
31432
31433
31440
31441
31442
31443
31444
31464
31465
31466
31475
31476
31477
31478
31493
31497
31498
31506
31507
31508
31509
31510
31525
31526
31527
31528
31529
31537
31538
31539
31540
31541
31542
31543
31545
31546
31557
31558
31559
31560
31561
31569
31570
31571
31572
31573
31574
31575
31576
31577
31578
31582
31589
31590
31591
31592
31601
31602
31603
31604
31605
31606
31608
31609
31610
31619
31620
31621
31622
31623
31629
31630
31633
31634
31635
31636
31637
31638
31639
31640
31641
31642
31651
31652
31653
31655
31661
31662
31663
31664
31667
31668
31669
31670
31671
31672
31673
31674
31675
31676
31677
31683
31684
31695
31699
31700
31701
31702
31703
31704
31705
31706
31707
31708
31709
31715
31730
31731
31732
31733
31736
31737
31738
31739
31740
31741
31746
31747
31763
31764
31765
31766
31767
31768
31771
31772
31778
31795
31796
31797
31799
31800
31801
31802
31803
31804
31814
31829
31830
31831
31832
31833
31834
31835
31836
31845
31846
31852
31856
31857
31861
31862
31863
31864
31865
31866
31867
31877
31878
31888
31889
31890
31892
31893
31894
31895
31897
31898
31921
31922
31925
31926
31930
31945
31977
31978
31979
31980
32009
32010
32011
32012
32040
32041
32042
32043
32044
32045
32074
32075
32121
32131
32132
32136
32153
32163
32164
32165
32169
32201
32217
32218
32249
32250
32251
32314
32335
32346
32360
32373
32392
32393
32401
32402
32403
32404
32405
32424
32425
32432
32433
32434
32435
32436
32456
32465
32466
32467
32468
32488
32489
32490
32498
32499
32500
32501
32502
32521
32522
32530
32531
32532
32533
32534
32549
32550
32552
32553
32562
32563
32564
32565
32570
32581
32582
32583
32584
32585
32595
32596
32600
32601
32613
32614
32615
32616
32626
32627
32631
32644
32645
32646
32647
32653
32654
32659
32660
32661
32664
32665
32666
32675
32676
32677
32679
32685
32686
32687
32688
32692
32696
32697
32698
32699
32700
32701
32707
32718
32719
32724
32728
32730
32731
32732
32733
32762
