2
8
9
16
17
18
19
20
21
22
23
24
25
36
39
45
46
47
48
49
50
51
52
53
60
61
66
67
75
76
77
78
79
80
81
88
89
94
95
102
103
104
105
106
107
108
117
127
128
129
130
131
132
133
134
135
136
156
157
162
163
176
177
178
179
203
204
205
206
207
214
215
216
231
232
233
234
235
236
242
243
257
260
261
262
263
264
270
271
274
275
281
282
283
284
285
286
288
289
290
298
299
302
303
309
310
311
312
313
314
344
345
358
359
372
373
386
387
388
394
414
415
416
422
425
426
441
442
443
444
453
454
455
459
460
461
462
467
471
472
482
483
484
488
489
490
493
494
495
511
512
518
519
520
521
522
539
540
546
547
548
549
550
567
568
571
572
576
577
578
579
580
595
596
597
600
604
605
606
607
608
617
618
620
621
623
624
631
632
633
634
635
636
644
645
646
648
649
650
651
652
661
662
663
664
666
667
672
673
674
676
677
678
679
685
688
689
690
691
692
693
694
695
696
703
704
705
706
707
712
713
714
715
716
717
718
719
720
721
722
723
724
725
731
732
733
734
740
741
742
743
746
747
748
749
750
751
752
753
754
755
764
765
769
770
774
775
776
777
778
779
780
781
782
783
792
793
801
802
803
804
805
806
807
808
820
821
823
824
826
830
831
832
833
834
835
836
848
849
850
851
852
853
854
855
861
862
863
864
876
877
878
879
888
890
891
892
912
913
914
915
916
919
920
940
941
942
943
947
953
959
960
961
962
963
973
974
988
989
990
991
992
998
999
1000
1001
1002
1003
1013
1016
1017
1018
1019
1020
1025
1026
1027
1030
1031
1041
1042
1045
1046
1047
1048
1053
1054
1055
1058
1059
1065
1066
1069
1070
1071
1073
1074
1078
1081
1082
1086
1087
1094
1097
1098
1099
1101
1102
1106
1107
1126
1129
1130
1156
1157
1158
1170
1171
1178
1179
1181
1182
1185
1186
1197
1198
1199
1206
1207
1208
1209
1210
1215
1216
1225
1226
1227
1234
1235
1236
1237
1238
1239
1242
1243
1244
1245
1251
1255
1263
1265
1266
1267
1271
1272
1273
1274
1279
1295
1296
1299
1303
1304
1305
1306
1311
1331
1332
1333
1334
1351
1352
1356
1357
1362
1377
1378
1379
1380
1381
1383
1384
1385
1388
1390
1391
1392
1402
1403
1404
1405
1406
1407
1408
1409
1413
1415
1416
1418
1419
1420
1421
1428
1429
1430
1431
1432
1435
1436
1442
1443
1445
1446
1447
1456
1457
1458
1462
1463
1468
1469
1470
1472
1473
1474
1475
1479
1480
1487
1488
1489
1490
1491
1496
1497
1498
1499
1500
1501
1502
1503
1504
1505
1506
1507
1508
1515
1516
1517
1518
1524
1525
1526
1530
1531
1532
1533
1534
1535
1536
1537
1538
1539
1548
1549
1558
1559
1560
1561
1562
1563
1564
1566
1575
1576
1577
1578
1579
1580
1581
1582
1583
1586
1587
1588
1589
1590
1591
1592
1603
1604
1605
1606
1607
1608
1609
1610
1611
1616
1617
1618
1619
1620
1631
1632
1633
1634
1635
1636
1637
1638
1639
1659
1660
1661
1662
1663
1664
1665
1699
1716
1717
1718
1719
1726
1727
1737
1738
1744
1745
1746
1747
1748
1757
1758
1772
1773
1774
1775
1776
1784
1785
1786
1787
1797
1798
1800
1801
1802
1803
1804
1809
1810
1811
1812
1813
1814
1815
1824
1825
1826
1827
1828
1829
1830
1831
1832
1836
1837
1838
1839
1840
1853
1854
1855
1856
1857
1858
1859
1862
1864
1865
1866
1867
1881
1882
1883
1884
1886
1890
1891
1894
1895
1911
1914
1918
1935
1936
1937
1941
1942
1947
1948
1951
1953
1954
1955
1961
1962
1963
1964
1965
1966
1969
1970
1971
1974
1975
1976
1977
1978
1981
1982
1983
1990
1991
1992
1993
1998
1999
2000
2004
2005
2006
2018
2019
2020
2021
2022
2026
2027
2047
2048
2049
2050
2053
2054
2055
2056
2066
2067
2076
2077
2078
2082
2083
2087
2088
2089
2090
2091
2094
2095
2110
2111
2114
2115
2116
2117
2118
2119
2128
2132
2139
2140
2141
2146
2156
2160
2161
2162
2163
2164
2165
2167
2168
2169
2172
2173
2174
2176
2177
2181
2182
2187
2188
2189
2190
2191
2192
2193
2196
2199
2200
2201
2202
2203
2204
2205
2219
2220
2226
2227
2228
2229
2232
2233
2246
2247
2256
2257
2258
2259
2263
2270
2271
2272
2273
2274
2275
2280
2284
2285
2286
2287
2288
2289
2290
2291
2292
2298
2299
2300
2301
2302
2303
2308
2312
2313
2314
2315
2316
2317
2318
2319
2320
2335
2336
2343
2344
2345
2346
2347
2348
2360
2361
2362
2363
2364
2365
2366
2367
2371
2372
2375
2376
2388
2389
2390
2391
2392
2393
2394
2395
2415
2416
2417
2418
2419
2420
2421
2422
2423
2443
2444
2445
2446
2447
2448
2449
2470
2471
2472
2473
2474
2475
2476
2499
2500
2501
2502
2503
2504
2517
2520
2527
2528
2529
2530
2531
2532
2546
2547
2548
2554
2555
2556
2557
2558
2559
2560
2561
2574
2575
2581
2582
2583
2584
2585
2586
2587
2588
2589
2595
2596
2597
2602
2603
2608
2609
2610
2611
2612
2613
2614
2615
2620
2621
2622
2623
2624
2636
2637
2638
2639
2640
2641
2642
2647
2648
2649
2650
2651
2652
2665
2666
2667
2668
2669
2674
2675
2676
2677
2678
2679
2680
2689
2695
2702
2703
2707
2708
2716
2717
2718
2719
2720
2721
2725
2730
2731
2732
2734
2735
2736
2737
2738
2745
2746
2747
2748
2749
2750
2752
2753
2754
2758
2759
2760
2761
2762
2763
2764
2765
2774
2775
2776
2777
2781
2782
2783
2787
2788
2789
2790
2791
2802
2803
2804
2805
2810
2816
2831
2832
2833
2837
2838
2839
2844
2845
2850
2851
2859
2860
2861
2865
2866
2867
2871
2872
2873
2874
2875
2878
2879
2888
2889
2894
2895
2896
2897
2899
2900
2901
2902
2903
2912
2913
2914
2915
2916
2923
2924
2925
2926
2940
2941
2942
2943
2950
2951
2952
2953
2958
2959
2966
2967
2968
2973
2976
2977
2978
2979
2980
2984
2985
2986
2987
2988
2989
2994
2995
2998
2999
3012
3013
3014
3015
3016
3017
3018
3019
3024
3025
3026
3027
3028
3029
3036
3040
3041
3046
3047
3052
3053
3054
3055
3056
3057
3058
3062
3064
3068
3069
3070
3071
3074
3075
3081
3082
3083
3084
3085
3086
3091
3092
3096
3097
3098
3099
3100
3103
3117
3118
3119
3120
3121
3122
3123
3127
3128
3131
3132
3146
3147
3148
3149
3150
3151
3155
3174
3175
3176
3177
3178
3201
3202
3203
3204
3205
3226
3227
3228
3229
3230
3231
3232
3254
3255
3256
3257
3258
3259
3269
3270
3282
3283
3284
3285
3286
3287
3297
3301
3304
3310
3311
3312
3313
3314
3315
3329
3330
3331
3332
3336
3337
3338
3339
3340
3341
3342
3343
3344
3345
3346
3357
3358
3359
3364
3365
3366
3367
3368
3369
3370
3371
3372
3373
3374
3375
3379
3380
3381
3386
3387
3391
3392
3393
3394
3395
3396
3397
3398
3399
3403
3404
3405
3406
3407
3408
3419
3420
3421
3422
3423
3424
3425
3432
3433
3434
3435
3436
3449
3450
3451
3452
3458
3459
3461
3462
3463
3473
3474
3476
3477
3486
3487
3489
3490
3491
3492
3501
3502
3503
3504
3505
3508
3514
3515
3519
3520
3521
3529
3530
3531
3532
3533
3534
3535
3536
3537
3541
3542
3543
3546
3547
3558
3559
3560
3561
3562
3564
3565
3566
3570
3572
3573
3574
3575
3586
3587
3588
3589
3600
3601
3602
3615
3616
3617
3620
3621
3622
3628
3629
3630
3634
3635
3640
3643
3644
3648
3649
3650
3651
3656
3663
3667
3668
3669
3671
3672
3673
3678
3679
3680
3681
3682
3696
3697
3698
3699
3700
3708
3709
3710
3724
3725
3726
3727
3734
3735
3736
3737
3738
3742
3743
3750
3751
3752
3761
3762
3763
3764
3768
3769
3770
3771
3779
3780
3783
3784
3789
3790
3796
3797
3798
3799
3802
3803
3807
3808
3809
3810
3811
3812
3813
3814
3818
3820
3824
3825
3830
3831
3836
3837
3838
3839
3840
3841
3846
3848
3859
3865
3866
3867
3868
3874
3875
3902
3904
3911
3931
3932
3943
3944
3958
3959
3971
3972
3982
3983
3986
3987
3999
4000
4010
4011
4012
4013
4014
4026
4027
4028
4038
4039
4040
4041
4042
4053
4054
4055
4063
4065
4066
4067
4068
4069
4075
4076
4081
4082
4088
4090
4091
4092
4093
4094
4095
4096
4097
4103
4104
4105
4106
4113
4114
4115
4116
4119
4120
4121
4122
4123
4124
4126
4129
4131
4133
4137
4138
4141
4142
4143
4147
4148
4149
4150
4151
4152
4153
4154
4155
4157
4158
4159
4163
4164
4165
4170
4171
4175
4176
4177
4178
4179
4180
4181
4182
4185
4186
4190
4191
4192
4203
4204
4205
4206
4207
4208
4209
4218
4219
4233
4234
4235
4245
4246
4247
4248
4258
4260
4261
4273
4274
4275
4276
4277
4284
4285
4286
4287
4288
4289
4301
4302
4303
4304
4305
4312
4313
4314
4315
4316
4317
4318
4319
4320
4326
4341
4342
4343
4344
4345
4346
4347
4348
4368
4369
4370
4371
4372
4373
4384
4385
4386
4395
4396
4397
4398
4399
4400
4401
4412
4413
4423
4424
4425
4426
4427
4451
4452
4453
4454
4455
4456
4463
4479
4480
4481
4482
4483
4484
4492
4493
4494
4495
4509
4510
4511
4520
4521
4522
4526
4527
4536
4537
4538
4545
4546
4548
4549
4552
4553
4554
4555
4556
4563
4564
4565
4566
4567
4568
4573
4574
4576
4577
4580
4581
4582
4583
4591
4592
4593
4594
4595
4596
4597
4601
4602
4604
4605
4608
4609
4620
4621
4622
4623
4624
4625
4630
4632
4648
4649
4650
4651
4652
4672
4700
4701
4715
4716
4727
4728
4743
4744
4755
4756
4766
4767
4768
4769
4770
4771
4772
4783
4784
4793
4794
4795
4796
4797
4798
4799
4810
4811
4820
4821
4822
4823
4824
4825
4826
4838
4839
4847
4848
4849
4850
4851
4852
4853
4859
4866
4872
4874
4875
4876
4877
4878
4879
4880
4887
4888
4890
4893
4894
4899
4900
4902
4903
4904
4905
4906
4907
4908
4920
4921
4922
4926
4927
4931
4932
4933
4934
4935
4936
4937
4947
4948
4949
4950
4954
4955
4959
4961
4962
4963
4964
4965
4974
4975
4987
4988
4990
4991
4992
4993
5001
5002
5003
5029
5030
5031
5032
5044
5057
5058
5059
5060
5061
5070
5071
5072
5073
5085
5086
5087
5088
5089
5094
5095
5096
5097
5098
5099
5100
5101
5102
5103
5115
5116
5124
5125
5126
5127
5128
5129
5130
5151
5152
5153
5154
5155
5156
5157
5168
5169
5178
5179
5180
5181
5182
5184
5185
5192
5193
5194
5195
5196
5206
5207
5208
5209
5210
5234
5235
5236
5237
5238
5239
5251
5252
5253
5262
5263
5264
5265
5266
5267
5268
5270
5275
5276
5277
5278
5279
5280
5281
5293
5294
5295
5296
5302
5303
5304
5305
5306
5310
5312
5314
5321
5322
5323
5330
5331
5332
5333
5337
5338
5339
5340
5348
5349
5352
5357
5358
5359
5360
5361
5364
5365
5366
5367
5376
5377
5378
5380
5381
5382
5385
5386
5387
5388
5389
5402
5404
5405
5406
5408
5409
5410
5413
5416
5417
5427
5428
5429
5432
5433
5434
5435
5436
5444
5445
5456
5457
5471
5472
5473
5484
5499
5500
5501
5523
5526
5527
5528
5529
5548
5549
5550
5551
5552
5553
5554
5555
5556
5563
5575
5576
5577
5578
5579
5580
5581
5582
5583
5584
5603
5604
5605
5606
5609
5610
5611
5631
5632
5633
5634
5637
5638
5639
5658
5659
5660
5661
5662
5677
5678
5679
5686
5687
5688
5689
5690
5691
5692
5704
5705
5706
5710
5711
5717
5718
5719
5720
5739
5746
5747
5748
5749
5758
5759
5774
5775
5776
5777
5785
5786
5787
5796
5799
5800
5813
5814
5815
5824
5827
5828
5844
5849
5850
5851
5854
5855
5856
5857
5871
5872
5873
5877
5878
5879
5882
5883
5884
5885
5898
5899
5900
5908
5909
5910
5911
5912
5913
5921
5935
5936
5937
5938
5939
5940
5948
5949
5950
5961
5962
5963
5964
5965
5976
5977
5978
5990
5991
5992
5993
6004
6018
6019
6020
6021
6022
6025
6026
6032
6033
6034
6035
6036
6037
6046
6047
6049
6050
6051
6052
6053
6054
6058
6059
6060
6061
6062
6063
6064
6065
6078
6079
6080
6086
6088
6089
6095
6097
6098
6106
6107
6108
6114
6115
6116
6117
6123
6124
6125
6136
6142
6143
6144
6145
6164
6165
6166
6170
6171
6172
6173
6179
6183
6185
6186
6188
6189
6192
6193
6194
6200
6201
6202
6211
6212
6213
6214
6215
6216
6217
6227
6228
6229
6230
6240
6241
6243
6252
6255
6256
6257
6280
6282
6283
6284
6285
6286
6302
6305
6310
6311
6312
6313
6330
6331
6332
6333
6334
6337
6338
6339
6340
6346
6347
6348
6352
6358
6359
6360
6361
6365
6366
6367
6368
6380
6381
6386
6387
6388
6389
6393
6394
6395
6396
6414
6415
6416
6417
6420
6421
6422
6423
6435
6436
6442
6444
6445
6447
6448
6449
6450
6451
6461
6462
6463
6464
6470
6474
6489
6490
6501
6502
6529
6530
6531
6532
6542
6558
6559
6560
6570
6580
6581
6583
6586
6587
6607
6608
6609
6611
6612
6628
6633
6634
6635
6638
6639
6640
6650
6655
6656
6657
6662
6663
6666
6667
6668
6669
6673
6674
6678
6679
6682
6683
6684
6690
6691
6694
6701
6705
6706
6711
6712
6716
6717
6718
6719
6733
6734
6744
6745
6746
6747
6748
6759
6760
6761
6774
6775
6776
6777
6780
6781
6786
6787
6788
6791
6792
6793
6805
6806
6808
6809
6810
6814
6815
6816
6817
6818
6819
6820
6821
6833
6834
6835
6836
6837
6838
6842
6843
6844
6845
6846
6847
6848
6849
6854
6855
6862
6863
6864
6872
6880
6882
6891
6892
6898
6899
6900
6901
6907
6908
6919
6920
6921
6926
6927
6928
6929
6935
6936
6941
6942
6948
6949
6950
6954
6955
6956
6957
6963
6964
6968
6969
6970
6971
6972
6973
6976
6977
6978
6983
6984
6985
6986
6987
6991
6992
6997
6998
6999
7000
7001
7002
7011
7012
7013
7014
7015
7027
7036
7039
7040
7041
7042
7043
7063
7066
7067
7068
7069
7070
7086
7087
7094
7095
7096
7097
7113
7114
7115
7116
7117
7123
7124
7127
7128
7129
7130
7131
7136
7137
7142
7143
7144
7145
7150
7151
7152
7156
7157
7158
7164
7165
7170
7171
7172
7173
7174
7177
7178
7179
7180
7192
7193
7198
7199
7201
7203
7204
7205
7206
7207
7208
7218
7219
7220
7231
7232
7233
7234
7235
7240
7245
7246
7247
7248
7267
7268
7284
7285
7295
7296
7312
7313
7314
7315
7316
7341
7342
7343
7370
7371
7379
7380
7381
7382
7383
7384
7392
7406
7407
7408
7409
7410
7411
7412
7418
7419
7420
7421
7423
7424
7434
7435
7436
7437
7438
7439
7440
7446
7447
7452
7457
7458
7462
7463
7464
7465
7467
7468
7473
7474
7475
7484
7485
7489
7490
7491
7492
7493
7494
7495
7496
7499
7500
7501
7502
7503
7504
7513
7516
7517
7518
7519
7520
7521
7527
7528
7529
7530
7531
7532
7534
7535
7543
7544
7547
7548
7549
7558
7559
7563
7564
7565
7570
7571
7572
7575
7576
7586
7590
7591
7592
7593
7594
7598
7599
7600
7601
7604
7618
7619
7620
7626
7627
7628
7632
7636
7647
7648
7661
7664
7665
7675
7676
7682
7683
7689
7692
7698
7703
7710
7711
7717
7719
7720
7721
7725
7726
7731
7737
7738
7739
7747
7748
7749
7753
7754
7756
7757
7758
7759
7760
7765
7766
7767
7768
7769
7770
7771
7772
7775
7776
7784
7785
7786
7787
7796
7797
7798
7799
7800
7813
7814
7819
7820
7823
7824
7825
7826
7827
7847
7852
7853
7854
7869
7870
7871
7880
7881
7882
7883
7884
7897
7898
7899
7901
7902
7910
7911
7912
7913
7914
7915
7920
7926
7927
7929
7930
7935
7937
7938
7939
7940
7941
7942
7954
7955
7957
7958
7962
7963
7964
7965
7969
7970
7977
7978
7982
7983
7989
7990
7991
7992
7993
7996
7997
7998
8002
8003
8005
8006
8011
8012
8016
8017
8018
8023
8024
8025
8030
8031
8039
8040
8051
8052
8068
8069
8079
8080
8096
8097
8098
8099
8125
8126
8127
8137
8140
8154
8155
8162
8163
8164
8165
8166
8167
8168
8176
8177
8190
8191
8192
8193
8194
8195
8196
8202
8204
8205
8218
8219
8220
8221
8223
8224
8229
8230
8231
8232
8233
8246
8247
8248
8249
8256
8257
8258
8259
8260
8269
8274
8275
8276
8277
8280
8284
8285
8286
8287
8288
8290
8297
8299
8301
8302
8303
8304
8305
8307
8308
8309
8312
8313
8314
8315
8316
8317
8318
8319
8320
8326
8327
8330
8331
8332
8333
8335
8336
8341
8342
8343
8344
8345
8346
8347
8348
8349
8353
8354
8355
8356
8358
8359
8363
8364
8370
8371
8372
8373
8374
8375
8376
8377
8382
8383
8392
8399
8403
8404
8410
8420
8421
8431
8432
8445
8446
8448
8449
8458
8466
8473
8474
8475
8476
8477
8494
8495
8501
8502
8503
8504
8505
8506
8515
8516
8521
8522
8523
8528
8529
8530
8531
8532
8533
8534
8541
8542
8543
8544
8545
8549
8550
8555
8556
8557
8558
8559
8560
8569
8570
8571
8575
8580
8581
8582
8583
8584
8597
8598
8603
8608
8609
8610
8629
8630
8631
8636
8637
8653
8654
8658
8666
8667
8668
8669
8681
8682
8683
8685
8686
8687
8693
8694
8695
8710
8711
8713
8714
8715
8716
8720
8721
8722
8727
8728
8740
8741
8742
8743
8744
8748
8749
8750
8754
8755
8759
8768
8769
8782
8783
8786
8787
8788
8789
8795
8796
8814
8815
8823
8824
8851
8852
8853
8861
8862
8863
8880
8881
8890
8908
8909
8910
8921
8922
8923
8924
8947
8948
8949
8950
8951
8952
8975
8976
8977
8978
8986
8988
8989
9003
9004
9005
9006
9014
9015
9016
9017
9030
9031
9032
9033
9034
9040
9041
9042
9043
9044
9045
9054
9058
9059
9060
9061
9062
9064
9065
9068
9069
9070
9071
9072
9073
9074
9081
9082
9083
9084
9085
9086
9087
9088
9089
9092
9093
9097
9098
9099
9100
9101
9102
9103
9109
9110
9111
9112
9113
9114
9115
9119
9120
9126
9127
9128
9129
9130
9131
9137
9138
9139
9142
9143
9147
9148
9154
9155
9156
9157
9158
9159
9166
9167
9170
9175
9176
9186
9187
9204
9214
9215
9232
9238
9242
9243
9250
9258
9259
9260
9261
9272
9274
9278
9279
9285
9286
9287
9288
9289
9299
9300
9301
9302
9303
9304
9305
9306
9312
9313
9314
9315
9316
9317
9318
9326
9327
9328
9329
9330
9331
9340
9341
9342
9343
9344
9345
9346
9354
9355
9358
9359
9364
9365
9366
9371
9372
9373
9386
9387
9392
9393
9394
9413
9414
9415
9417
9418
9437
9441
9442
9445
9453
9470
9471
9472
9473
9474
9478
9484
9485
9498
9499
9500
9501
9504
9505
9506
9511
9512
9513
9524
9525
9526
9527
9528
9532
9533
9534
9538
9539
9540
9543
9548
9549
9552
9553
9554
9555
9566
9567
9571
9572
9576
9577
9580
9607
9608
9609
9636
9637
9644
9645
9649
9664
9672
9673
9674
9677
9678
9701
9705
9706
9707
9708
9733
9734
9735
9736
9760
9761
9762
9788
9789
9790
9799
9800
9815
9816
9817
9818
9825
9826
9827
9828
9829
9838
9842
9843
9844
9845
9846
9849
9852
9853
9854
9855
9856
9857
9865
9866
9867
9868
9869
9870
9871
9872
9876
9877
9881
9882
9883
9884
9885
9886
9894
9895
9896
9897
9898
9899
9904
9911
9912
9913
9914
9921
9922
9923
9925
9926
9927
9931
9932
9933
9939
9940
9941
9942
9943
9950
9953
9954
9955
9960
9961
9970
9971
9998
9999
10022
10027
10028
10029
10034
10035
10036
10056
10057
10058
10059
10060
10061
10062
10063
10064
10069
10083
10084
10085
10086
10087
10088
10089
10090
10091
10092
10096
10097
10110
10111
10112
10113
10114
10115
10118
10119
10120
10124
10125
10126
10127
10138
10139
10142
10145
10152
10153
10154
10155
10156
10157
10158
10170
10171
10173
10174
10181
10182
10185
10186
10198
10201
10202
10241
10254
10255
10256
10257
10260
10268
10269
10270
10280
10281
10282
10283
10284
10285
10287
10288
10289
10295
10296
10297
10307
10308
10309
10310
10311
10315
10316
10323
10324
10332
10333
10334
10335
10336
10337
10338
10339
10360
10361
10362
10363
10366
10389
10392
10393
10420
10421
10423
10427
10428
10433
10434
10438
10439
10453
10454
10455
10456
10457
10461
10462
10463
10466
10480
10481
10482
10483
10484
10485
10489
10490
10491
10492
10509
10512
10518
10519
10534
10535
10536
10537
10544
10545
10546
10547
10562
10572
10573
10574
10601
10611
10612
10613
10627
10628
10636
10637
10638
10639
10640
10641
10650
10651
10652
10653
10654
10655
10656
10664
10665
10666
10667
10668
10669
10670
10678
10679
10680
10681
10682
10683
10684
10685
10686
10687
10688
10689
10696
10697
10698
10709
10710
10711
10712
10713
10714
10715
10716
10717
10725
10726
10737
10738
10740
10742
10743
10745
10770
10783
10784
10785
10791
10811
10812
10813
10814
10817
10818
10819
10820
10821
10840
10841
10842
10843
10844
10845
10846
10847
10848
10849
10868
10869
10870
10871
10872
10873
10874
10875
10876
10880
10881
10896
10897
10898
10899
10901
10902
10903
10904
10908
10909
10910
10926
10929
10930
10931
10936
10937
10938
10941
10942
10954
10957
10958
10965
10966
11016
11017
11025
11026
11044
11045
11052
11053
11054
11063
11064
11065
11066
11067
11071
11072
11079
11080
11081
11091
11092
11093
11094
11095
11099
11106
11107
11108
11118
11119
11120
11121
11122
11123
11134
11135
11145
11146
11147
11148
11161
11162
11173
11174
11175
11176
11177
11189
11190
11202
11203
11204
11205
11206
11207
11208
11217
11218
11222
11223
11236
11237
11238
11239
11240
11245
11246
11247
11250
11251
11260
11261
11264
11265
11266
11267
11268
11269
11274
11275
11288
11289
11290
11292
11293
11296
11302
11303
11317
11318
11319
11320
11321
11331
11346
11347
11349
11411
11412
11420
11421
11422
11424
11436
11437
11438
11439
11440
11441
11442
11443
11444
11448
11449
11450
11453
11464
11465
11466
11467
11468
11469
11470
11471
11472
11492
11493
11494
11495
11496
11497
11498
11499
11500
11501
11521
11522
11523
11524
11525
11526
11527
11554
11555
11568
11569
11573
11574
11575
11587
11588
11596
11597
11598
11599
11600
11601
11602
11603
11604
11605
11615
11616
11625
11626
11627
11628
11629
11630
11631
11632
11633
11634
11652
11653
11654
11655
11656
11657
11658
11659
11660
11680
11681
11682
11683
11684
11685
11686
11687
11688
11712
11713
11714
11715
11740
11741
11768
11781
11782
11796
11800
11801
11802
11803
11804
11808
11809
11810
11811
11828
11829
11830
11831
11832
11836
11837
11838
11839
11847
11848
11849
11850
11851
11856
11857
11858
11859
11863
11864
11865
11866
11867
11875
11876
11877
11878
11879
11883
11890
11891
11892
11893
11905
11917
11918
11919
11944
11945
11946
11958
11959
11960
11961
11962
11972
11973
11974
11977
11986
11987
11988
11989
11990
12001
12002
12005
12006
12007
12015
12016
12017
12018
12021
12022
12023
12024
12034
12035
12036
12044
12045
12049
12050
12051
12052
12072
12073
12074
12077
12102
12103
12104
12105
12131
12132
12133
12134
12197
12198
12199
12204
12205
12221
12223
12224
12225
12226
12227
12231
12232
12233
12249
12250
12251
12252
12253
12254
12255
12256
12260
12261
12276
12277
12278
12279
12280
12281
12282
12283
12284
12301
12307
12308
12309
12310
12311
12312
12324
12325
12328
12329
12338
12339
12340
12352
12353
12354
12355
12356
12357
12358
12366
12367
12371
12372
12373
12381
12382
12383
12385
12386
12387
12388
12389
12395
12396
12398
12399
12400
12401
12410
12411
12412
12413
12414
12415
12416
12417
12418
12423
12424
12438
12439
12440
12441
12442
12443
12444
12445
12446
12467
12468
12469
12496
12497
12500
12524
12525
12551
12552
12555
12556
12557
12558
12559
12560
12564
12565
12566
12579
12580
12582
12583
12584
12585
12586
12587
12588
12592
12593
12594
12595
12596
12602
12603
12604
12606
12607
12612
12613
12614
12615
12616
12620
12621
12622
12623
12624
12625
12630
12631
12632
12634
12635
12638
12640
12641
12642
12643
12644
12647
12648
12649
12650
12651
12652
12659
12660
12661
12662
12663
12665
12666
12668
12669
12670
12671
12674
12675
12676
12677
12701
12702
12703
12704
12728
12729
12730
12731
12743
12744
12745
12746
12756
12757
12758
12759
12761
12771
12772
12773
12774
12784
12787
12788
12789
12790
12791
12797
12799
12800
12801
12802
12812
12816
12817
12818
12819
12820
12821
12825
12826
12829
12834
12835
12847
12848
12849
12900
12928
12945
12954
12980
12981
12982
12983
12988
12989
12990
13008
13009
13010
13011
13015
13016
13017
13035
13036
13037
13038
13039
13043
13044
13045
13060
13061
13064
13065
13066
13067
13080
13081
13084
13085
13093
13094
13095
13096
13108
13109
13113
13114
13122
13123
13127
13136
13137
13138
13141
13149
13150
13151
13155
13156
13157
13166
13171
13172
13178
13179
13180
13184
13185
13200
13201
13202
13206
13207
13208
13222
13223
13228
13229
13230
13250
13252
13256
13257
13280
13281
13286
13287
13308
13309
13312
13313
13314
13315
13321
13322
13338
13339
13340
13341
13342
13343
13344
13345
13348
13349
13350
13351
13363
13364
13366
13367
13368
13369
13370
13371
13372
13373
13376
13377
13378
13379
13380
13385
13386
13387
13388
13391
13395
13396
13397
13398
13399
13400
13404
13405
13406
13407
13408
13409
13412
13413
13414
13415
13416
13418
13419
13421
13422
13424
13425
13426
13427
13428
13432
13433
13434
13435
13436
13437
13440
13441
13443
13444
13449
13450
13452
13453
13454
13455
13456
13458
13459
13460
13461
13462
13463
13477
13478
13484
13485
13486
13487
13488
13501
13502
13503
13507
13512
13513
13514
13515
13529
13530
13531
13539
13540
13541
13542
13552
13556
13557
13558
13559
13567
13568
13569
13571
13572
13573
13574
13580
13581
13585
13586
13587
13596
13599
13600
13601
13602
13603
13604
13609
13610
13613
13626
13627
13628
13629
13631
13632
13633
13654
13655
13656
13659
13660
13661
13683
13684
13687
13688
13711
13712
13713
13729
13730
13740
13746
13747
13757
13758
13765
13770
13771
13773
13774
13775
13794
13799
13802
13803
13849
13850
13864
13865
13869
13877
13878
13879
13892
13893
13905
13906
13907
13911
13912
13927
13933
13934
13935
13939
13940
13955
13956
13957
13962
13963
13984
13985
13986
13990
13991
14012
14013
14014
14018
14040
14041
14042
14043
14068
14069
14070
14071
14077
14078
14079
14096
14097
14098
14099
14100
14105
14106
14107
14125
14126
14127
14128
14129
14133
14134
14135
14152
14154
14155
14156
14157
14160
14161
14162
14163
14164
14169
14170
14180
14181
14182
14183
14184
14188
14189
14190
14191
14192
14196
14197
14198
14199
14205
14208
14209
14210
14211
14215
14216
14217
14218
14219
14220
14221
14224
14225
14226
14227
14228
14229
14232
14233
14234
14237
14238
14239
14243
14244
14245
14246
14247
14248
14249
14253
14256
14257
14261
14262
14263
14267
14268
14270
14271
14272
14285
14286
14287
14290
14291
14295
14296
14297
14298
14299
14310
14311
14313
14314
14315
14318
14319
14322
14323
14324
14325
14326
14336
14337
14338
14339
14342
14351
14352
14353
14356
14357
14358
14363
14364
14365
14366
14367
14368
14370
14371
14380
14384
14385
14386
14395
14396
14411
14412
14413
14415
14416
14439
14440
14441
14443
14444
14468
14471
14472
14496
14497
14524
14525
14526
14530
14542
14553
14554
14555
14558
14559
14632
14646
14647
14659
14660
14661
14662
14674
14675
14688
14689
14690
14695
14696
14701
14702
14707
14708
14711
14718
14719
14723
14724
14729
14730
14735
14736
14737
14739
14740
14741
14742
14746
14747
14757
14761
14764
14765
14767
14768
14769
14770
14774
14775
14784
14785
14786
14787
14792
14793
14795
14796
14797
14798
14799
14802
14803
14810
14811
14812
14813
14814
14823
14824
14825
14826
14827
14828
14838
14839
14841
14851
14852
14853
14854
14855
14856
14857
14862
14863
14864
14865
14882
14883
14884
14885
14889
14890
14891
14892
14903
14904
14910
14911
14912
14916
14917
14918
14919
14930
14931
14932
14938
14939
14943
14944
14945
14946
14947
14948
14957
14966
14967
14970
14971
14972
14973
14974
14975
14981
14984
14985
14988
14989
14997
14998
14999
15000
15001
15002
15003
15004
15009
15011
15012
15013
15016
15017
15018
15025
15026
15027
15028
15031
15032
15033
15040
15041
15045
15046
15047
15053
15054
15055
15060
15061
15069
15074
15075
15079
15080
15081
15082
15083
15106
15107
15108
15109
15110
15121
15122
15123
15134
15135
15136
15137
15138
15141
15142
15143
15149
15150
15151
15152
15162
15163
15168
15169
15170
15171
15172
15177
15178
15179
15180
15196
15197
15198
15233
15234
15248
15249
15250
15261
15262
15263
15277
15281
15285
15286
15289
15290
15291
15308
15309
15310
15313
15314
15318
15319
15337
15338
15380
15408
15415
15416
15430
15431
15443
15444
15451
15457
15458
15459
15471
15479
15483
15484
15485
15486
15488
15489
15490
15491
15492
15507
15513
15514
15517
15519
15520
15521
15523
15524
15525
15526
15540
15541
15542
15547
15548
15549
15551
15552
15553
15554
15559
15568
15569
15570
15571
15572
15575
15576
15577
15579
15580
15581
15582
15583
15594
15595
15596
15597
15598
15600
15601
15603
15604
15605
15608
15609
15610
15611
15612
15613
15619
15620
15621
15622
15623
15625
15631
15632
15638
15639
15640
15641
15642
15646
15647
15648
15649
15650
15659
15666
15667
15668
15669
15673
15674
15675
15676
15686
15687
15688
15694
15695
15700
15701
15702
15713
15714
15715
15716
15727
15728
15729
15730
15733
15734
15735
15740
15741
15742
15743
15746
15754
15755
15756
15757
15768
15769
15770
15772
15773
15774
15780
15781
15782
15783
15784
15796
15797
15798
15800
15801
15802
15803
15808
15809
15810
15811
15812
15815
15816
15817
15825
15836
15837
15838
15839
15844
15845
15852
15853
15864
15865
15866
15869
15873
15876
15877
15880
15881
15890
15891
15892
15893
15894
15897
15898
15904
15905
15906
15907
15908
15918
15919
15920
15925
15926
15927
15932
15933
15934
15935
15936
15945
15946
15947
15953
15954
15955
15956
15961
15962
15963
15964
15974
15975
15976
15984
15990
16004
16005
16006
16007
16017
16018
16032
16033
16034
16035
16045
16046
16069
16070
16074
16093
16098
16121
16157
16164
16184
16185
16186
16212
16213
16214
16215
16233
16234
16235
16238
16239
16240
16241
16242
16243
16245
16246
16247
16261
16262
16263
16267
16268
16269
16272
16273
16274
16275
16279
16280
16291
16295
16297
16298
16301
16302
16307
16308
16309
16310
16314
16325
16326
16327
16332
16333
16335
16336
16337
16338
16352
16353
16354
16355
16356
16357
16359
16360
16364
16365
16366
16367
16368
16369
16381
16384
16385
16387
16388
16393
16394
16395
16396
16397
16403
16404
16405
16414
16415
16416
16421
16422
16423
16424
16425
16430
16431
16432
16433
16442
16443
16444
16449
16450
16451
16452
16457
16458
16459
16471
16472
16474
16475
16476
16477
16481
16482
16490
16498
16499
16502
16503
16509
16510
16517
16518
16524
16525
16526
16528
16529
16530
16537
16538
16545
16546
16549
16550
16551
16557
16558
16559
16564
16565
16566
16577
16578
16579
16584
16585
16586
16587
16592
16593
16606
16612
16615
16616
16620
16621
16629
16636
16637
16648
16649
16654
16657
16660
16661
16663
16664
16665
16675
16676
16677
16682
16687
16688
16689
16690
16691
16692
16693
16694
16702
16703
16704
16717
16718
16719
16720
16721
16722
16723
16728
16729
16730
16731
16732
16733
16740
16741
16747
16748
16758
16759
16760
16761
16762
16768
16769
16788
16789
16790
16791
16792
16816
16817
16818
16819
16820
16859
16860
16887
16888
16940
16941
16962
16968
16969
16970
16989
16990
16991
16996
16997
16998
17001
17002
17017
17018
17019
17022
17023
17024
17025
17029
17030
17045
17046
17047
17051
17057
17058
17062
17063
17064
17065
17066
17074
17075
17081
17082
17083
17085
17086
17091
17092
17093
17094
17098
17108
17109
17110
17111
17112
17113
17121
17122
17125
17137
17138
17139
17140
17141
17149
17150
17151
17152
17153
17154
17160
17169
17171
17176
17177
17178
17180
17181
17182
17187
17188
17198
17199
17200
17204
17205
17206
17209
17210
17214
17215
17226
17227
17228
17231
17232
17233
17234
17237
17242
17243
17258
17259
17260
17261
17265
17266
17280
17285
17286
17287
17289
17293
17294
17301
17307
17308
17313
17314
17317
17318
17321
17322
17328
17329
17333
17334
17335
17336
17341
17342
17343
17349
17350
17356
17357
17360
17361
17362
17363
17370
17371
17376
17377
17389
17390
17391
17398
17399
17400
17403
17404
17405
17409
17410
17420
17421
17427
17431
17432
17433
17434
17437
17438
17442
17448
17449
17450
17458
17459
17460
17461
17462
17473
17474
17476
17477
17478
17479
17486
17487
17488
17489
17490
17502
17505
17506
17507
17508
17514
17515
17516
17517
17518
17519
17520
17524
17525
17526
17542
17543
17544
17545
17546
17547
17548
17549
17552
17553
17572
17573
17574
17575
17576
17577
17578
17579
17580
17600
17601
17602
17603
17604
17605
17606
17607
17629
17642
17643
17644
17665
17666
17671
17672
17693
17694
17722
17723
17724
17745
17746
17750
17751
17752
17753
17761
17772
17773
17774
17779
17785
17797
17801
17802
17806
17807
17813
17814
17825
17830
17831
17837
17838
17841
17846
17847
17848
17849
17850
17854
17858
17859
17863
17864
17865
17866
17875
17877
17878
17881
17882
17891
17892
17893
17895
17896
17897
17905
17906
17909
17910
17911
17919
17924
17925
17932
17933
17937
17938
17939
17944
17953
17954
17960
17961
17965
17966
17967
17971
17981
17982
17988
17989
17993
17994
17995
18010
18015
18016
18017
18021
18022
18037
18038
18043
18044
18045
18049
18050
18051
18060
18061
18064
18065
18066
18069
18070
18071
18072
18073
18074
18078
18079
18087
18088
18089
18091
18092
18093
18097
18098
18101
18102
18105
18106
18107
18112
18113
18115
18118
18119
18120
18121
18122
18123
18125
18126
18127
18129
18130
18133
18134
18139
18140
18141
18144
18145
18146
18147
18148
18150
18151
18154
18155
18160
18161
18167
18168
18171
18172
18173
18174
18175
18176
18182
18183
18188
18189
18193
18194
18195
18198
18199
18201
18202
18203
18204
18205
18206
18215
18216
18217
18218
18220
18221
18222
18223
18225
18226
18227
18232
18233
18234
18237
18238
18242
18243
18244
18245
18246
18247
18248
18249
18250
18253
18254
18255
18256
18261
18262
18263
18264
18265
18266
18270
18271
18272
18273
18274
18275
18276
18277
18278
18281
18282
18283
18284
18285
18291
18292
18298
18299
18300
18301
18302
18303
18304
18305
18308
18309
18310
18311
18312
18313
18314
18326
18327
18328
18329
18330
18331
18332
18333
18334
18335
18336
18337
18338
18355
18356
18357
18358
18359
18360
18361
18362
18363
18364
18383
18384
18385
18386
18387
18388
18389
18390
18391
18412
18413
18449
18450
18477
18478
18496
18506
18507
18512
18513
18516
18517
18524
18528
18529
18530
18534
18535
18536
18540
18541
18543
18544
18545
18556
18557
18558
18563
18571
18572
18581
18585
18593
18594
18609
18619
18620
18621
18622
18631
18637
18638
18639
18643
18647
18648
18649
18665
18666
18667
18675
18676
18693
18694
18695
18696
18702
18703
18709
18722
18723
18724
18730
18731
18737
18738
18750
18751
18758
18765
18766
18778
18779
18786
18787
18793
18794
18800
18806
18807
18821
18822
18833
18834
18835
18844
18848
18849
18850
18853
18854
18856
18857
18861
18862
18871
18872
18876
18877
18878
18881
18882
18885
18890
18891
18899
18900
18902
18903
18904
18905
18906
18907
18909
18910
18913
18914
18918
18924
18927
18928
18929
18930
18931
18932
18933
18934
18935
18938
18951
18954
18955
18956
18957
18958
18959
18960
18961
18977
18978
18979
18982
18983
18984
18985
18986
18987
18988
18989
18999
19000
19005
19006
19007
19008
19009
19010
19011
19012
19013
19014
19015
19016
19017
19018
19021
19022
19026
19027
19028
19029
19030
19032
19033
19034
19035
19036
19037
19038
19039
19040
19041
19042
19043
19049
19050
19054
19055
19056
19057
19058
19059
19060
19061
19062
19063
19064
19065
19066
19067
19068
19069
19083
19084
19085
19086
19087
19088
19089
19090
19091
19092
19093
19094
19095
19096
19097
19111
19112
19113
19114
19115
19116
19117
19118
19119
19120
19121
19122
19139
19140
19141
19142
19143
19144
19145
19146
19166
19167
19168
19169
19170
19196
19250
19251
19253
19268
19280
19281
19290
19291
19296
19297
19299
19300
19308
19309
19318
19319
19324
19325
19327
19328
19335
19336
19341
19349
19355
19356
19363
19364
19377
19378
19399
19400
19404
19405
19406
19422
19423
19427
19428
19432
19433
19450
19451
19460
19478
19479
19480
19486
19487
19506
19507
19508
19509
19514
19515
19516
19534
19535
19536
19537
19542
19543
19544
19549
19550
19551
19562
19563
19564
19570
19571
19577
19578
19579
19590
19591
19592
19603
19606
19615
19616
19617
19618
19619
19620
19621
19622
19623
19633
19634
19635
19644
19645
19646
19647
19648
19649
19650
19661
19662
19663
19669
19673
19674
19675
19676
19677
19688
19689
19690
19697
19698
19702
19703
19704
19705
19712
19713
19714
19716
19717
19718
19719
19725
19726
19731
19732
19739
19740
19741
19744
19745
19746
19748
19759
19760
19766
19767
19768
19769
19772
19773
19775
19776
19777
19787
19788
19792
19793
19794
19795
19796
19797
19798
19799
19804
19805
19810
19811
19812
19818
19819
19820
19821
19822
19823
19824
19825
19826
19827
19832
19833
19834
19839
19840
19841
19842
19846
19847
19848
19849
19852
19853
19862
19863
19868
19869
19870
19873
19874
19875
19876
19877
19900
19901
19902
19903
19904
19905
19911
19912
19922
19923
19927
19928
19929
19930
19931
19932
19933
19939
19940
19941
19949
19950
19951
19952
19955
19956
19958
19977
19978
20001
20002
20029
20030
20031
20036
20046
20047
20052
20058
20064
20065
20074
20075
20080
20081
20083
20084
20092
20105
20108
20109
20111
20112
20119
20120
20133
20136
20147
20148
20162
20183
20184
20188
20189
20190
20198
20206
20207
20211
20212
20216
20217
20234
20235
20244
20251
20261
20262
20263
20264
20266
20267
20271
20272
20288
20289
20290
20291
20292
20293
20294
20295
20299
20300
20316
20317
20318
20319
20320
20321
20322
20327
20328
20331
20334
20335
20344
20345
20346
20347
20348
20349
20354
20355
20358
20359
20362
20363
20371
20372
20373
20374
20375
20376
20382
20386
20387
20399
20400
20401
20402
20403
20404
20405
20406
20407
20408
20409
20410
20414
20417
20418
20428
20429
20430
20431
20432
20433
20434
20436
20437
20445
20446
20447
20456
20457
20458
20459
20460
20461
20473
20474
20481
20482
20483
20485
20486
20487
20488
20489
20500
20501
20502
20503
20504
20510
20511
20515
20516
20528
20530
20531
20532
20533
20543
20544
20560
20561
20571
20580
20588
20589
20593
20594
20595
20615
20616
20617
20618
20619
20623
20630
20631
20632
20642
20643
20644
20645
20646
20647
20657
20658
20659
20660
20670
20671
20672
20684
20685
20686
20687
20688
20695
20696
20699
20700
20711
20712
20713
20714
20715
20723
20724
20725
20727
20728
20733
20734
20739
20740
20741
20742
20761
20762
20770
20813
20814
20830
20842
20858
20879
20903
20904
20920
20921
20923
20930
20931
20932
20948
20949
20953
20954
20959
20963
20964
20976
20981
20982
20990
20991
20992
20996
21005
21006
21007
21016
21017
21018
21019
21023
21033
21034
21035
21036
21043
21044
21045
21046
21047
21048
21049
21050
21051
21052
21062
21063
21071
21072
21073
21074
21075
21076
21077
21078
21079
21083
21087
21100
21101
21102
21103
21104
21105
21106
21107
21111
21115
21116
21118
21128
21129
21130
21131
21132
21133
21134
21135
21136
21137
21138
21139
21142
21143
21144
21155
21156
21157
21158
21159
21160
21161
21162
21163
21164
21165
21166
21170
21171
21184
21185
21186
21187
21188
21189
21190
21191
21192
21193
21198
21212
21213
21214
21215
21216
21217
21218
21219
21220
21221
21228
21229
21230
21241
21242
21243
21244
21245
21246
21247
21248
21249
21256
21257
21258
21263
21266
21267
21269
21270
21271
21272
21273
21274
21275
21276
21285
21286
21287
21294
21295
21296
21299
21300
21303
21304
21315
21316
21317
21323
21344
21345
21346
21372
21373
21374
21375
21383
21399
21400
21401
21402
21403
21404
21427
21428
21429
21430
21431
21442
21443
21451
21454
21455
21456
21470
21471
21478
21479
21480
21481
21482
21483
21484
21496
21497
21498
21507
21508
21509
21511
21512
21524
21525
21526
21527
21540
21554
21555
21556
21583
21584
21629
21639
21640
21651
21661
21662
21663
21667
21668
21679
21680
21683
21686
21687
21688
21689
21690
21707
21708
21715
21716
21717
21718
21735
21736
21743
21744
21745
21746
21747
21748
21763
21764
21765
21772
21773
21774
21775
21776
21789
21791
21792
21800
21801
21802
21803
21804
21807
21816
21817
21818
21819
21820
21828
21829
21830
21831
21832
21833
21834
21835
21838
21839
21844
21845
21846
21847
21856
21857
21858
21859
21860
21861
21862
21863
21871
21872
21873
21874
21875
21879
21880
21881
21883
21884
21885
21886
21887
21888
21889
21890
21891
21898
21899
21900
21902
21907
21908
21909
21910
21913
21914
21915
21916
21917
21918
21919
21920
21921
21922
21926
21927
21933
21937
21940
21941
21942
21943
21944
21945
21946
21947
21948
21949
21950
