2
7
8
15
16
17
18
19
20
21
22
36
41
42
43
44
45
46
47
48
56
57
60
61
62
65
69
70
71
72
73
74
81
82
83
88
91
92
93
94
95
96
97
98
99
100
117
118
119
120
121
122
123
124
125
137
138
139
163
164
165
166
173
174
189
190
191
192
193
198
199
200
213
215
216
217
218
219
224
225
228
235
236
237
238
239
242
243
250
251
254
255
261
262
263
264
265
267
268
293
294
306
307
314
319
320
332
333
334
340
342
357
358
359
360
368
369
370
374
375
376
384
385
386
395
396
397
400
401
402
403
407
408
411
422
423
427
429
430
431
432
433
448
449
452
455
456
457
458
475
478
479
482
483
484
486
500
501
502
504
505
509
510
511
512
520
521
522
524
525
526
527
533
534
535
536
537
538
546
547
548
550
551
552
553
559
561
562
563
564
565
566
572
573
574
576
577
578
579
583
584
585
586
587
588
589
590
591
592
593
594
601
602
603
604
608
609
610
611
612
614
615
616
617
618
619
620
621
622
627
631
632
635
636
637
640
641
642
643
644
645
646
647
648
657
658
667
668
669
670
671
672
673
683
684
686
692
693
694
695
696
697
698
709
710
711
712
713
714
715
718
719
720
721
722
723
724
735
736
737
738
739
740
741
747
748
749
750
762
763
764
770
771
772
774
775
776
795
796
797
801
802
807
812
813
814
815
816
825
826
833
838
839
840
841
842
848
849
850
851
852
853
863
865
866
867
868
869
873
874
875
876
878
879
888
889
892
893
894
895
899
900
901
904
911
912
914
915
916
918
919
923
926
927
938
940
941
942
944
945
948
949
968
970
971
990
995
996
997
1007
1008
1009
1016
1017
1018
1019
1024
1033
1034
1035
1042
1043
1044
1045
1046
1049
1050
1051
1060
1061
1068
1069
1070
1071
1072
1075
1076
1077
1078
1083
1097
1102
1103
1105
1106
1107
1108
1112
1113
1131
1132
1133
1134
1151
1154
1155
1156
1160
1170
1174
1175
1176
1177
1178
1180
1181
1185
1186
1187
1188
1189
1196
1198
1199
1200
1201
1202
1203
1204
1207
1209
1210
1211
1212
1213
1214
1215
1222
1223
1224
1225
1228
1229
1234
1235
1237
1238
1239
1248
1249
1253
1254
1255
1259
1260
1261
1262
1263
1264
1265
1266
1267
1268
1269
1270
1276
1277
1278
1279
1280
1285
1286
1287
1288
1289
1290
1291
1292
1293
1294
1295
1296
1316
1317
1318
1319
1320
1321
1322
1323
1324
1333
1334
1343
1344
1345
1346
1347
1348
1359
1360
1361
1362
1363
1364
1365
1366
1368
1369
1370
1371
1372
1373
1384
1385
1386
1387
1388
1389
1390
1391
1392
1398
1399
1410
1411
1412
1413
1414
1415
1416
1417
1418
1436
1437
1438
1439
1440
1441
1466
1467
1483
1489
1490
1491
1492
1493
1498
1499
1508
1509
1515
1516
1517
1518
1519
1526
1527
1528
1529
1533
1538
1539
1540
1541
1542
1543
1544
1545
1550
1551
1552
1553
1554
1555
1558
1559
1564
1565
1566
1567
1568
1569
1570
1571
1574
1575
1576
1577
1578
1584
1590
1591
1592
1593
1594
1595
1599
1600
1601
1602
1603
1604
1617
1618
1619
1621
1624
1625
1626
1628
1629
1644
1646
1647
1650
1651
1654
1655
1656
1665
1666
1667
1668
1669
1672
1673
1677
1678
1679
1680
1681
1682
1683
1684
1691
1692
1693
1694
1695
1698
1699
1700
1701
1703
1704
1705
1706
1707
1709
1710
1718
1719
1720
1721
1725
1726
1731
1732
1733
1744
1745
1746
1747
1750
1751
1752
1762
1763
1771
1772
1773
1776
1777
1778
1782
1783
1784
1785
1788
1789
1798
1803
1804
1807
1808
1809
1810
1811
1820
1824
1830
1831
1832
1833
1836
1846
1847
1849
1850
1851
1852
1853
1854
1855
1856
1857
1858
1861
1862
1863
1864
1865
1869
1870
1871
1875
1876
1877
1878
1879
1880
1882
1883
1885
1886
1887
1888
1889
1890
1891
1911
1912
1913
1916
1917
1918
1919
1927
1928
1929
1930
1938
1939
1940
1941
1944
1945
1952
1953
1954
1955
1956
1961
1964
1965
1966
1967
1968
1969
1970
1971
1981
1985
1986
1987
1990
1993
1994
1995
1996
1997
2010
2011
2012
2013
2014
2015
2019
2020
2021
2022
2023
2024
2036
2037
2038
2039
2040
2041
2042
2045
2046
2062
2063
2064
2065
2066
2067
2068
2087
2088
2089
2090
2091
2092
2112
2113
2114
2115
2116
2117
2138
2139
2140
2141
2142
2143
2158
2164
2165
2166
2167
2168
2175
2180
2181
2182
2183
2184
2189
2190
2191
2192
2193
2194
2195
2207
2208
2209
2210
2214
2215
2216
2217
2218
2219
2220
2221
2222
2228
2229
2233
2234
2235
2239
2240
2241
2242
2243
2244
2245
2246
2250
2251
2252
2253
2254
2255
2265
2266
2267
2268
2269
2270
2271
2276
2277
2278
2279
2280
2292
2293
2294
2295
2296
2300
2301
2302
2303
2304
2305
2306
2314
2315
2316
2317
2318
2326
2327
2331
2332
2340
2341
2342
2343
2344
2348
2352
2353
2354
2356
2357
2358
2359
2367
2368
2369
2370
2371
2373
2374
2375
2378
2379
2380
2381
2382
2383
2394
2395
2396
2397
2400
2401
2406
2407
2408
2409
2420
2421
2422
2423
2426
2432
2433
2434
2438
2439
2447
2448
2449
2452
2453
2454
2458
2459
2460
2461
2464
2465
2473
2474
2479
2480
2481
2482
2484
2485
2486
2487
2496
2497
2498
2499
2500
2506
2507
2508
2509
2520
2522
2523
2524
2525
2530
2531
2532
2533
2534
2538
2539
2545
2546
2547
2548
2555
2556
2557
2558
2559
2562
2563
2564
2565
2567
2568
2572
2573
2575
2576
2577
2578
2583
2585
2588
2589
2590
2591
2593
2594
2595
2600
2601
2602
2603
2604
2605
2609
2611
2614
2615
2616
2620
2621
2626
2627
2628
2629
2630
2631
2635
2636
2637
2640
2641
2642
2643
2646
2647
2661
2662
2663
2669
2670
2673
2686
2687
2688
2689
2690
2691
2695
2696
2713
2714
2715
2726
2739
2740
2751
2752
2764
2765
2766
2777
2778
2787
2788
2789
2790
2791
2802
2803
2813
2814
2815
2816
2817
2827
2828
2834
2839
2840
2841
2842
2843
2847
2848
2857
2858
2859
2860
2864
2865
2866
2867
2868
2869
2870
2873
2874
2883
2884
2885
2889
2890
2891
2892
2893
2894
2895
2896
2897
2898
2899
2900
2904
2905
2909
2910
2911
2914
2915
2916
2917
2918
2919
2920
2921
2922
2924
2925
2926
2928
2929
2930
2931
2940
2941
2942
2943
2944
2945
2946
2953
2954
2955
2956
2968
2969
2970
2971
2979
2980
2981
2982
2990
2991
2992
2993
2994
2995
3005
3006
3007
3008
3009
3016
3017
3018
3019
3020
3021
3023
3029
3033
3034
3035
3043
3044
3045
3046
3047
3048
3049
3050
3054
3055
3056
3057
3069
3070
3071
3072
3073
3076
3082
3083
3084
3094
3096
3097
3098
3099
3108
3109
3110
3111
3115
3119
3120
3121
3122
3123
3128
3129
3130
3141
3145
3146
3147
3148
3149
3150
3154
3155
3156
3157
3158
3170
3171
3172
3173
3174
3175
3176
3183
3184
3185
3198
3199
3200
3201
3207
3209
3210
3211
3214
3215
3222
3223
3224
3225
3226
3232
3233
3235
3238
3239
3240
3241
3242
3248
3249
3250
3251
3252
3253
3254
3258
3259
3261
3265
3266
3267
3270
3271
3275
3276
3277
3278
3279
3280
3281
3285
3287
3302
3303
3304
3305
3306
3311
3313
3350
3364
3390
3391
3400
3401
3402
3412
3415
3416
3427
3428
3437
3438
3439
3440
3441
3442
3453
3454
3463
3464
3465
3466
3467
3478
3479
3487
3488
3489
3490
3491
3492
3493
3498
3503
3504
3505
3512
3513
3514
3515
3516
3517
3518
3523
3524
3536
3538
3539
3540
3541
3542
3543
3549
3550
3551
3552
3555
3556
3559
3560
3561
3565
3566
3567
3568
3569
3570
3571
3574
3575
3579
3580
3581
3582
3585
3586
3587
3590
3591
3592
3593
3594
3595
3596
3597
3600
3604
3605
3606
3616
3617
3618
3619
3620
3621
3622
3630
3631
3646
3655
3656
3657
3658
3669
3670
3681
3682
3683
3684
3685
3692
3693
3694
3695
3696
3697
3698
3707
3708
3709
3710
3711
3717
3718
3719
3720
3721
3722
3723
3724
3725
3735
3744
3745
3746
3747
3748
3749
3759
3760
3768
3769
3770
3771
3772
3773
3774
3775
3781
3783
3784
3785
3786
3794
3795
3796
3797
3798
3819
3820
3821
3822
3823
3824
3825
3846
3847
3848
3849
3850
3851
3852
3858
3859
3860
3861
3862
3863
3875
3876
3877
3883
3884
3885
3886
3890
3891
3892
3900
3901
3902
3909
3911
3912
3915
3916
3917
3918
3926
3927
3928
3929
3930
3934
3935
3936
3937
3941
3942
3943
3944
3952
3953
3954
3955
3956
3957
3958
3960
3961
3962
3963
3978
3979
3980
3981
3982
3983
3986
3999
4000
4008
4015
4025
4026
4040
4041
4052
4066
4067
4087
4088
4089
4091
4092
4093
4112
4113
4114
4115
4116
4117
4118
4119
4137
4138
4139
4140
4141
4142
4143
4144
4145
4162
4163
4164
4165
4166
4168
4169
4170
4188
4189
4190
4191
4194
4195
4206
4214
4215
4216
4217
4218
4219
4230
4231
4232
4236
4237
4241
4242
4243
4244
4245
4255
4256
4257
4258
4262
4269
4270
4271
4272
4280
4281
4292
4296
4297
4298
4306
4307
4316
4319
4331
4332
4333
4334
4345
4346
4357
4358
4359
4360
4361
4365
4366
4369
4370
4371
4372
4373
4385
4386
4387
4392
4394
4395
4396
4397
4398
4399
4411
4412
4418
4419
4420
4421
4422
4423
4424
4432
4435
4444
4445
4446
4447
4448
4449
4450
4457
4458
4459
4460
4461
4469
4470
4471
4472
4473
4483
4484
4495
4496
4497
4498
4499
4500
4502
4503
4511
4512
4513
4522
4523
4524
4525
4526
4527
4528
4529
4533
4534
4535
4536
4537
4538
4539
4544
4552
4553
4554
4559
4560
4561
4562
4567
4568
4569
4570
4578
4579
4585
4586
4587
4588
4593
4594
4595
4605
4606
4607
4611
4612
4613
4614
4629
4632
4633
4637
4638
4639
4640
4649
4650
4651
4652
4654
4655
4656
4658
4659
4665
4666
4667
4675
4676
4677
4678
4679
4680
4690
4691
4692
4702
4705
4716
4717
4718
4739
4741
4742
4743
4744
4745
4762
4763
4766
4767
4768
4769
4770
4786
4787
4788
4789
4792
4793
4794
4795
4800
4801
4802
4806
4812
4813
4814
4815
4818
4819
4820
4821
4832
4838
4839
4840
4841
4843
4844
4845
4846
4865
4866
4867
4869
4870
4871
4872
4881
4882
4883
4884
4890
4895
4907
4908
4919
4920
4945
4946
4947
4957
4971
4972
4973
4982
4983
4992
4993
4995
5015
5016
5017
5018
5020
5021
5022
5036
5041
5042
5043
5046
5047
5048
5053
5057
5061
5062
5063
5067
5068
5071
5072
5073
5074
5078
5079
5082
5083
5087
5088
5094
5108
5113
5117
5118
5119
5120
5122
5132
5133
5134
5145
5146
5147
5148
5158
5159
5160
5162
5163
5172
5173
5174
5175
5176
5177
5178
5179
5180
5183
5184
5185
5186
5187
5188
5189
5201
5202
5203
5204
5205
5206
5209
5210
5211
5212
5213
5214
5215
5220
5227
5228
5229
5230
5237
5244
5246
5254
5255
5256
5261
5263
5264
5269
5270
5281
5282
5283
5287
5288
5289
5290
5295
5296
5300
5301
5302
5305
5307
5308
5309
5313
5314
5315
5316
5317
5321
5322
5325
5326
5327
5328
5330
5331
5333
5334
5335
5340
5341
5342
5343
5353
5354
5355
5356
5357
5363
5366
5367
5368
5369
5381
5389
5392
5393
5394
5395
5415
5417
5418
5419
5420
5421
5435
5436
5437
5443
5444
5445
5446
5450
5451
5456
5461
5462
5463
5464
5465
5469
5470
5471
5474
5475
5476
5477
5481
5482
5488
5489
5490
5491
5495
5496
5501
5508
5514
5515
5516
5517
5519
5520
5521
5522
5523
5534
5535
5540
5544
5545
5546
5547
5548
5557
5558
5559
5560
5568
5570
5571
5572
5573
5574
5578
5579
5583
5584
5594
5595
5596
5604
5620
5621
5622
5623
5646
5647
5648
5649
5668
5673
5674
5681
5682
5683
5684
5685
5686
5691
5693
5694
5697
5707
5708
5709
5710
5711
5712
5717
5718
5719
5720
5723
5724
5729
5733
5734
5735
5736
5737
5738
5743
5744
5745
5750
5754
5755
5758
5759
5760
5761
5763
5764
5767
5768
5769
5770
5780
5783
5784
5785
5786
5787
5789
5790
5793
5794
5795
5796
5798
5800
5808
5809
5812
5813
5820
5821
5822
5823
5824
5826
5827
5828
5833
5834
5835
5838
5839
5847
5848
5849
5851
5852
5853
5854
5855
5859
5860
5861
5864
5865
5877
5878
5879
5880
5881
5885
5886
5887
5891
5894
5904
5905
5906
5917
5918
5920
5921
5925
5926
5930
5931
5932
5937
5938
5944
5946
5951
5952
5957
5958
5963
5964
5965
5971
5972
5973
5976
5977
5982
5983
5984
5985
5988
5989
5990
5991
5997
5998
5999
6002
6003
6004
6006
6007
6008
6009
6010
6016
6017
6018
6019
6020
6021
6033
6034
6039
6042
6043
6044
6045
6046
6060
6065
6068
6069
6070
6071
6090
6094
6095
6096
6097
6111
6112
6113
6121
6122
6123
6124
6125
6127
6137
6138
6139
6140
6141
6142
6146
6148
6149
6150
6151
6152
6153
6158
6164
6165
6166
6167
6168
6172
6173
6174
6175
6177
6178
6184
6190
6191
6193
6197
6198
6199
6200
6203
6204
6205
6208
6209
6210
6211
6216
6217
6218
6221
6222
6223
6224
6225
6228
6229
6230
6234
6235
6236
6243
6244
6248
6249
6254
6255
6269
6270
6280
6295
6296
6297
6298
6299
6322
6323
6324
6333
6334
6336
6349
6350
6357
6358
6359
6360
6361
6362
6370
6383
6384
6385
6386
6387
6388
6393
6394
6395
6396
6397
6409
6410
6411
6412
6419
6420
6421
6422
6423
6435
6436
6437
6438
6443
6444
6445
6446
6447
6448
6449
6456
6460
6461
6462
6463
6464
6466
6467
6469
6470
6471
6472
6473
6474
6475
6476
6477
6483
6484
6486
6487
6488
6489
6491
6492
6497
6498
6499
6500
6501
6502
6503
6504
6508
6509
6510
6513
6514
6517
6518
6523
6524
6525
6526
6527
6528
6529
6530
6535
6536
6544
6551
6554
6555
6556
6561
6570
6571
6581
6593
6594
6595
6596
6597
6606
6613
6614
6620
6621
6622
6623
6639
6640
6645
6646
6647
6648
6649
6650
6658
6659
6664
6665
6671
6672
6673
6674
6675
6676
6683
6684
6685
6686
6687
6691
6693
6694
6695
6696
6697
6698
6699
6709
6710
6714
6715
6719
6720
6721
6722
6740
6741
6745
6746
6765
6766
6771
6772
6775
6787
6788
6791
6799
6800
6813
6814
6817
6818
6819
6820
6824
6825
6826
6840
6843
6844
6845
6846
6849
6850
6851
6855
6856
6859
6867
6868
6869
6870
6871
6875
6876
6880
6881
6884
6885
6887
6893
6894
6906
6907
6910
6911
6919
6920
6945
6946
6954
6955
6971
6972
6979
6980
6998
6999
7009
7010
7011
7012
7033
7034
7035
7036
7037
7038
7060
7061
7062
7069
7070
7072
7085
7086
7087
7088
7095
7096
7097
7098
7099
7111
7112
7113
7114
7119
7120
7121
7122
7123
7124
7125
7132
7133
7135
7136
7137
7138
7139
7140
7142
7143
7146
7147
7148
7149
7150
7151
7152
7153
7158
7159
7160
7161
7162
7163
7164
7167
7168
7169
7173
7174
7175
7176
7177
7178
7179
7184
7185
7186
7188
7189
7193
7194
7200
7201
7202
7203
7204
7205
7210
7211
7212
7214
7215
7219
7220
7221
7230
7231
7246
7256
7257
7272
7278
7282
7283
7284
7289
7290
7296
7297
7298
7299
7303
7309
7310
7311
7312
7313
7314
7315
7316
7321
7322
7323
7324
7325
7334
7335
7336
7337
7338
7339
7340
7341
7347
7348
7349
7350
7351
7352
7360
7361
7362
7363
7364
7373
7374
7375
7376
7377
7389
7390
7395
7396
7402
7403
7415
7416
7421
7422
7440
7441
7442
7444
7445
7467
7470
7481
7493
7494
7495
7496
7497
7500
7506
7507
7518
7519
7520
7521
7522
7525
7526
7531
7532
7533
7535
7540
7541
7543
7544
7545
7546
7551
7552
7556
7557
7561
7566
7567
7569
7570
7571
7572
7587
7595
7596
7621
7622
7629
7630
7634
7648
7655
7656
7660
7661
7678
7679
7680
7681
7682
7686
7687
7688
7711
7712
7713
7736
7737
7738
7739
7762
7763
7764
7765
7772
7773
7774
7787
7788
7789
7790
7796
7797
7798
7799
7800
7801
7809
7811
7812
7813
7814
7815
7818
7819
7822
7823
7824
7825
7826
7827
7828
7834
7835
7836
7837
7838
7839
7840
7850
7851
7852
7853
7854
7860
7861
7862
7864
7865
7866
7868
7869
7870
7871
7878
7879
7880
7887
7890
7891
7895
7896
7897
7906
7907
7932
7933
7934
7941
7954
7958
7959
7960
7961
7965
7966
7967
7986
7987
7988
7989
7990
7991
7992
7993
7998
8011
8012
8013
8014
8015
8016
8017
8018
8022
8023
8036
8037
8038
8039
8040
8043
8044
8048
8049
8050
8051
8052
8053
8054
8065
8066
8068
8069
8075
8076
8078
8079
8080
8091
8092
8094
8095
8102
8117
8118
8120
8121
8146
8156
8157
8158
8170
8171
8172
8174
8175
8182
8183
8184
8193
8194
8195
8196
8197
8200
8201
8207
8208
8209
8217
8218
8219
8220
8221
8222
8226
8233
8242
8243
8244
8245
8247
8248
8268
8269
8270
8271
8272
8297
8298
8299
8301
8309
8310
8314
8315
8327
8328
8329
8330
8331
8332
8336
8337
8340
8341
8353
8354
8355
8356
8357
8358
8362
8363
8364
8378
8379
8380
8383
8388
8389
8403
8404
8405
8406
8413
8414
8415
8430
8439
8440
8464
8472
8473
8476
8485
8486
8487
8488
8489
8490
8491
8498
8499
8500
8501
8502
8503
8511
8512
8513
8514
8515
8516
8517
8518
8519
8520
8524
8526
8527
8528
8529
8539
8540
8541
8542
8543
8544
8545
8546
8547
8555
8566
8567
8568
8569
8570
8571
8573
8596
8597
8609
8610
8615
8616
8635
8636
8637
8638
8640
8641
8642
8643
8644
8662
8663
8664
8665
8666
8667
8668
8669
8687
8688
8689
8690
8691
8692
8693
8694
8695
8698
8699
8713
8714
8715
8716
8718
8719
8720
8721
8724
8725
8726
8744
8745
8751
8752
8756
8770
8771
8807
8825
8826
8827
8828
8833
8834
8843
8844
8850
8851
8852
8853
8854
8858
8859
8860
8869
8870
8871
8872
8876
8877
8883
8884
8885
8895
8896
8897
8898
8902
8908
8909
8910
8920
8921
8923
8933
8934
8945
8946
8947
8948
8959
8960
8963
8972
8973
8974
8975
8985
8986
8989
8990
8991
8998
8999
9000
9001
9004
9005
9006
9007
9012
9016
9017
9025
9026
9027
9030
9031
9032
9033
9038
9039
9052
9053
9054
9055
9056
9064
9065
9079
9080
9081
9082
9108
9163
9164
9166
9167
9168
9169
9173
9174
9175
9189
9190
9191
9192
9193
9194
9195
9196
9200
9201
9215
9216
9217
9218
9219
9220
9221
9222
9241
9242
9243
9244
9245
9246
9247
9248
9259
9260
9264
9272
9273
9285
9286
9287
9288
9290
9291
9292
9299
9300
9303
9304
9312
9313
9314
9315
9316
9317
9318
9319
9320
9326
9328
9329
9330
9340
9341
9342
9343
9344
9345
9346
9364
9365
9366
9367
9368
9369
9370
9371
9391
9393
9394
9395
9396
9397
9419
9420
9471
9475
9476
9477
9478
9483
9484
9496
9497
9501
9502
9503
9504
9508
9509
9510
9511
9512
9518
9519
9522
9523
9527
9528
9529
9530
9533
9534
9535
9536
9537
9538
9544
9545
9546
9547
9548
9553
9554
9555
9556
9559
9560
9561
9562
9563
9571
9572
9573
9574
9584
9585
9586
9587
9609
9610
9611
9622
9623
9624
9625
9635
9636
9637
9639
9648
9649
9650
9651
9652
9661
9662
9663
9665
9666
9674
9675
9676
9677
9681
9682
9686
9691
9692
9693
9694
9702
9703
9707
9708
9719
9720
9755
9756
9757
9758
9783
9784
9794
9818
9819
9824
9825
9842
9843
9844
9845
9849
9850
9851
9866
9867
9868
9869
9870
9871
9872
9875
9876
9877
9891
9892
9893
9894
9895
9896
9897
9913
9914
9915
9917
9918
9919
9920
9921
9922
9923
9924
9935
9936
9937
9940
9941
9948
9949
9950
9953
9954
9961
9962
9963
9964
9965
9966
9967
9974
9975
9976
9979
9980
9981
9989
9990
9992
9993
9994
9995
9996
10000
10001
10002
10005
10006
10007
10016
10017
10020
10021
10022
10023
10026
10027
10028
10041
10042
10043
10044
10047
10048
10067
10069
10070
10073
10074
10095
10096
10099
10100
10101
10121
10125
10126
10127
10134
10147
10149
10150
10151
10152
10153
10154
10155
10158
10159
10160
10161
10173
10175
10176
10177
10178
10179
10180
10181
10184
10185
10186
10187
10188
10193
10194
10195
10196
10198
10202
10203
10204
10205
10206
10207
10210
10211
10212
10213
10214
10218
10219
10220
10221
10223
10224
10226
10227
10228
10229
10230
10231
10232
10233
10235
10236
10237
10238
10239
10240
10247
10252
10253
10256
10257
10258
10259
10260
10261
10262
10263
10264
10285
10286
10287
10288
10300
10301
10302
10310
10311
10312
10313
10322
10325
10326
10327
10328
10336
10337
10339
10340
10341
10342
10348
10349
10352
10353
10354
10362
10363
10365
10366
10367
10368
10369
10370
10375
10376
10378
10391
10392
10393
10394
10395
10396
10397
10417
10418
10421
10422
10443
10444
10447
10448
10470
10471
10486
10487
10494
10495
10501
10502
10519
10520
10521
10524
10525
10526
10527
10528
10546
10551
10585
10586
10590
10597
10598
10599
10600
10612
10613
10623
10624
10625
10629
10639
10644
10649
10650
10651
10655
10656
10657
10670
10671
10672
10676
10677
10678
10697
10698
10699
10702
10703
10718
10723
10724
10725
10745
10749
10750
10751
10752
10771
10775
10776
10777
10778
10783
10784
10785
10801
10802
10803
10804
10809
10810
10811
10826
10827
10828
10829
10830
10831
10835
10836
10837
10852
10853
10854
10855
10856
10857
10860
10861
10862
10863
10864
10868
10869
10870
10871
10878
10879
10880
10881
10882
10886
10887
10888
10889
10890
10894
10895
10896
10897
10898
10902
10903
10905
10906
10907
10908
10911
10912
10913
10914
10915
10916
10920
10921
10922
10923
10924
10927
10928
10929
10932
10933
10934
10936
10937
10938
10939
10940
10942
10951
10952
10955
10956
10959
10960
10961
10962
10963
10977
10978
10981
10982
10985
10986
10987
10988
10989
10998
10999
11000
11001
11003
11004
11011
11012
11013
11016
11017
11018
11022
11024
11025
11026
11027
11029
11030
11038
11039
11041
11042
11043
11044
11052
11053
11054
11067
11068
11069
11071
11072
11093
11094
11095
11097
11098
11120
11123
11124
11146
11147
11163
11172
11173
11174
11177
11178
11189
11199
11200
11203
11204
11260
11261
11262
11272
11273
11274
11275
11286
11299
11300
11301
11304
11305
11311
11312
11316
11317
11320
11326
11327
11331
11337
11343
11344
11346
11347
11348
11352
11353
11363
11369
11370
11372
11373
11374
11375
11378
11379
11388
11389
11390
11391
11396
11398
11399
11400
11401
11402
11404
11412
11413
11414
11415
11416
11424
11425
11426
11427
11428
11429
11435
11438
11439
11451
11452
11453
11454
11455
11459
11460
11461
11478
11479
11480
11481
11485
11486
11487
11499
11505
11506
11507
11510
11511
11512
11513
11525
11530
11531
11532
11535
11536
11537
11538
11539
11548
11549
11557
11558
11559
11560
11561
11562
11563
11564
11565
11571
11572
11573
11574
11575
11577
11578
11585
11586
11587
11588
11589
11590
11591
11592
11593
11597
11598
11599
11600
11601
11603
11604
11605
11612
11613
11614
11617
11618
11619
11626
11627
11631
11632
11635
11636
11637
11638
11639
11657
11658
11660
11661
11662
11663
11664
11675
11676
11677
11686
11687
11688
11689
11690
11693
11694
11700
11701
11702
11703
11713
11718
11719
11720
11721
11727
11728
11729
11730
11744
11745
11746
11779
11780
11792
11793
11794
11805
11806
11822
11823
11824
11827
11828
11831
11832
11848
11849
11850
11875
11876
11915
11922
11935
11936
11937
11947
11948
11949
11961
11962
11963
11974
11975
11980
11981
11986
11987
11988
11991
11992
11993
12007
12013
12014
12017
12018
12019
12020
12022
12023
12024
12025
12029
12038
12039
12040
12045
12046
12048
12049
12050
12051
12064
12065
12066
12067
12068
12070
12071
12072
12074
12075
12076
12077
12078
12086
12088
12089
12090
12091
12097
12098
12101
12102
12103
12104
12105
12106
12110
12111
12112
12113
12114
12115
12123
12126
12128
12129
12130
12131
12132
12135
12136
12137
12138
12155
12156
12157
12161
12162
12163
12174
12175
12176
12181
12186
12187
12188
12191
12198
12199
12200
12201
12202
12211
12212
12213
12214
12217
12218
12224
12225
12226
12228
12229
12235
12236
12237
12238
12239
12250
12251
12253
12254
12255
12260
12261
12262
12263
12264
12267
12268
12275
12276
12277
12279
12280
12281
12282
12286
12287
12288
12289
12290
12293
12294
12295
12302
12303
12313
12314
12315
12320
12321
12324
12325
12328
12337
12338
12339
12340
12343
12344
12350
12351
12352
12353
12354
12362
12363
12364
12365
12369
12370
12376
12377
12378
12379
12380
12388
12389
12390
12395
12396
12397
12398
12403
12404
12405
12406
12414
12415
12416
12424
12429
12430
12442
12443
12444
12445
12455
12456
12468
12469
12470
12471
12477
12481
12482
12503
12508
12525
12565
12566
12584
12585
12586
12591
12610
12611
12612
12613
12624
12629
12630
12631
12634
12635
12636
12637
12638
12639
12640
12641
12642
12655
12656
12657
12660
12661
12662
12663
12666
12667
12668
12672
12673
12675
12683
12686
12687
12689
12690
12693
12695
12698
12699
12700
12701
12704
12714
12715
12716
12717
12718
12721
12722
12724
12725
12726
12727
12740
12741
12742
12743
12744
12746
12747
12748
12752
12753
12754
12755
12756
12761
12762
12772
12773
12774
12778
12779
12780
12781
12782
12786
12787
12788
12789
12798
12799
12800
12803
12804
12805
12806
12807
12811
12812
12813
12824
12825
12826
12830
12831
12832
12837
12838
12850
12851
12853
12854
12855
12859
12860
12864
12867
12874
12875
12876
12878
12879
12880
12885
12886
12892
12893
12894
12899
12901
12904
12905
12911
12912
12918
12919
12923
12924
12930
12931
12932
12936
12937
12938
12949
12950
12957
12958
12962
12963
12978
12984
12988
12989
12990
12993
12996
12997
13000
13001
13003
13004
13013
13014
13015
13019
13020
13025
13026
13027
13028
13029
13030
13031
13039
13040
13041
13053
13054
13055
13056
13057
13058
13063
13064
13065
13066
13067
13073
13074
13081
13082
13083
13091
13092
13093
13094
13095
13100
13101
13118
13119
13120
13121
13122
13145
13146
13147
13148
13158
13159
13184
13185
13211
13212
13234
13259
13260
13261
13262
13279
13280
13286
13287
13288
13290
13291
13305
13306
13310
13311
13312
13316
13317
13318
13331
13332
13333
13336
13337
13339
13340
13342
13343
13347
13348
13349
13350
13358
13359
13364
13365
13366
13367
13368
13369
13373
13374
13375
13376
13377
13380
13390
13391
13392
13393
13394
13395
13402
13403
13405
13406
13418
13419
13420
13421
13427
13428
13429
13431
13432
13437
13438
13447
13448
13449
13453
13454
13455
13457
13458
13462
13463
13473
13474
13475
13478
13479
13480
13481
13483
13484
13488
13489
13500
13501
13504
13505
13506
13510
13514
13529
13530
13531
13532
13535
13536
13537
13546
13549
13550
13555
13556
13557
13558
13561
13562
13568
13569
13575
13576
13580
13581
13584
13587
13588
13594
13595
13598
13599
13600
13601
13606
13607
13608
13613
13614
13619
13620
13624
13625
13626
13627
13633
13634
13638
13639
13640
13643
13644
13652
13653
13654
13660
13664
13665
13666
13669
13670
13673
13674
13679
13680
13681
13689
13690
13691
13692
13695
13699
13700
13704
13706
13707
13708
13709
13710
13711
13714
13715
13716
13717
13718
13719
13720
13721
13732
13733
13734
13735
13741
13742
13743
13744
13745
13746
13747
13750
13751
13759
13767
13768
13769
13770
13771
13772
13773
13775
13776
13777
13794
13795
13796
13797
13798
13799
13800
13801
13820
13821
13822
13823
13824
13825
13826
13827
13835
13855
13860
13861
13880
13881
13882
13887
13907
13908
13910
13929
13930
13934
13935
13936
13940
13943
13944
13954
13955
13956
13960
13961
13967
13969
13970
13977
13978
13981
13982
13986
13989
13992
13993
14003
14004
14008
14009
14014
14015
14016
14019
14023
14024
14026
14030
14031
14034
14035
14038
14039
14040
14041
14042
14052
14055
14056
14057
14064
14065
14066
14069
14070
14078
14081
14082
14083
14090
14091
14096
14097
14103
14104
14107
14108
14109
14113
14122
14123
14129
14130
14133
14134
14135
14149
14150
14154
14155
14156
14159
14160
14161
14180
14181
14185
14186
14187
14200
14201
14206
14207
14208
14212
14213
14222
14223
14225
14226
14227
14230
14231
14232
14233
14234
14238
14239
14246
14247
14248
14250
14251
14252
14253
14256
14257
14260
14263
14264
14265
14270
14272
14273
14274
14275
14276
14277
14278
14279
14280
14282
14283
14284
14286
14289
14290
14295
14296
14299
14300
14301
14302
14303
14304
14305
14306
14309
14310
14315
14319
14320
14321
14324
14325
14326
14327
14328
14329
14330
14331
14335
14340
14341
14342
14345
14346
14347
14349
14350
14351
14352
14353
14354
14355
14356
14357
14358
14360
14361
14364
14365
14366
14367
14368
14369
14370
14371
14372
14375
14376
14377
14378
14383
14384
14385
14386
14387
14390
14391
14392
14393
14394
14395
14396
14397
14398
14401
14402
14403
14404
14405
14410
14411
14417
14418
14419
14420
14421
14422
14423
14424
14425
14426
14427
14428
14429
14430
14431
14432
14443
14444
14445
14446
14447
14448
14449
14450
14451
14452
14453
14469
14470
14471
14472
14473
14474
14475
14476
14477
14495
14496
14497
14498
14499
14500
14501
14502
14531
14556
14557
14558
14563
14575
14584
14589
14590
14593
14600
14601
14605
14610
14611
14616
14618
14619
14620
14626
14627
14630
14631
14632
14636
14637
14644
14645
14652
14657
14658
14665
14666
14685
14690
14691
14692
14700
14706
14707
14711
14714
14715
14716
14717
14732
14733
14734
14740
14741
14742
14758
14759
14760
14766
14767
14772
14773
14784
14785
14786
14791
14792
14793
14798
14799
14810
14811
14817
14818
14824
14825
14826
14836
14837
14843
14844
14851
14862
14863
14877
14878
14886
14887
14888
14889
14892
14898
14902
14903
14904
14906
14907
14910
14913
14914
14915
14916
14917
14918
14922
14923
14924
14927
14928
14929
14930
14932
14933
14936
14937
14940
14941
14942
14943
14948
14949
14950
14951
14952
14953
14954
14955
14956
14959
14962
14963
14967
14968
14974
14975
14976
14977
14978
14979
14980
14981
14982
14994
14996
14997
15000
15001
15002
15003
15004
15005
15006
15016
15017
15020
15021
15022
15023
15024
15025
15026
15027
15028
15029
15030
15031
15032
15036
15037
15040
15041
15042
15043
15046
15047
15048
15049
15050
15051
15052
15053
15054
15055
15056
15057
15061
15062
15063
15067
15068
15069
15070
15071
15072
15073
15074
15075
15076
15077
15078
15079
15080
15081
15094
15095
15096
15097
15098
15099
15100
15101
15102
15103
15104
15105
15106
15107
15119
15120
15121
15122
15123
15124
15125
15126
15127
15128
15129
15135
15145
15146
15147
15148
15149
15150
15151
15152
15153
15154
15161
15162
15170
15171
15172
15173
15174
15219
15220
15240
15245
15246
15249
15250
15251
15252
15259
15260
15265
15266
15269
15276
15277
15286
15289
15292
15294
15295
15302
15303
15315
15321
15327
15328
15341
15342
15354
15361
15366
15367
15368
15382
15383
15387
15388
15392
15393
15408
15409
15417
15418
15434
15435
15436
15438
15442
15443
15444
15460
15461
15462
15463
15464
15468
15469
15470
15476
15485
15486
15487
15488
15489
15494
15495
15496
15501
15502
15511
15512
15513
15514
15520
15521
15527
15528
15537
15538
15539
15550
15551
15553
15562
15563
15564
15565
15566
15567
15568
15569
15570
15576
15579
15580
15588
15589
15590
15591
15592
15593
15594
15604
15605
15606
15612
15615
15616
15617
15618
15619
15630
15631
15632
15638
15639
15643
15644
15645
15655
15656
15657
15658
15659
15669
15670
15676
15678
15681
15682
15685
15686
15695
15696
15701
15703
15704
15705
15711
15712
15716
15717
15718
15726
15730
15731
15736
15737
15738
15739
15742
15743
15744
15745
15750
15751
15752
15762
15763
15765
15766
15771
15772
15774
15775
15776
15777
15778
15788
15789
15792
15800
15801
15802
15803
15804
15811
15812
15815
15821
15822
15825
15826
15827
15828
15829
15830
15837
15838
15839
15841
15846
15847
15852
15853
15854
15894
15895
15920
15921
15935
15936
15968
15971
15994
16003
16004
16019
16020
16025
16030
16034
16037
16042
16050
16051
16058
16059
16060
16063
16064
16068
16074
16075
16084
16085
16094
16100
16101
16108
16109
16110
16111
16112
16113
16114
16115
16119
16120
16134
16135
16136
16137
16138
16139
16140
16144
16145
16146
16149
16160
16161
16162
16163
16164
16165
16166
16170
16171
16174
16175
16177
16178
16186
16187
16188
16189
16190
16191
16192
16193
16194
16195
16196
16200
16201
16212
16213
16214
16215
16216
16217
16218
16219
16220
16221
16225
16226
16227
16238
16239
16240
16241
16242
16243
16244
16245
16246
16247
16251
16252
16255
16264
16265
16266
16267
16268
16269
16270
16271
16272
16273
16280
16281
16291
16292
16293
16294
16295
16296
16297
16298
16306
16307
16308
16312
16314
16315
16316
16318
16319
16320
16323
16332
16333
16334
16335
16341
16342
16345
16346
16360
16361
16362
16363
16371
16387
16388
16389
16390
16392
16393
16412
16413
16414
16415
16416
16437
16438
16439
16440
16441
16442
16451
16452
16453
16454
16461
16463
16464
16465
16477
16478
16479
16480
16486
16487
16488
16489
16490
16491
16502
16503
16504
16513
16514
16516
16517
16522
16528
16529
16530
16549
16556
16557
16558
16584
16611
16631
16635
16646
16647
16653
16654
16655
16656
16657
16661
16670
16672
16673
16679
16680
16681
16682
16696
16698
16699
16705
16706
16707
16708
16709
16710
16722
16725
16726
16732
16733
16734
16735
16736
16748
16749
16750
16751
16758
16759
16760
16761
16762
16764
16765
16774
16775
16776
16777
16784
16785
16786
16787
16788
16789
16790
16791
16794
16800
16801
16802
16810
16811
16812
16813
16814
16815
16816
16817
16824
16825
16826
16828
16832
16833
16834
16837
16838
16839
16840
16841
16842
16843
16844
16850
16851
16859
16860
16862
16863
16864
16865
16866
16867
16868
16869
16870
16871
16872
16876
16877
16888
16889
16890
16891
16893
16894
16895
16896
16897
16898
16901
16902
16915
16916
16917
16918
16919
16920
16921
16922
16927
16928
16941
16942
16943
16944
16945
16946
16947
16948
16949
16956
16957
16962
16968
16969
16970
16971
16972
16973
16974
16982
16983
16991
16992
16993
16994
16995
16996
16997
16998
16999
17017
17018
17021
17022
17024
17025
17037
17038
17039
17063
17064
17065
17066
17088
17089
17090
17091
17092
17099
17114
17115
17116
17117
17118
17128
17139
17154
17162
17163
17164
17165
17166
17167
17193
17206
17207
17232
17233
17234
17276
17285
17296
17302
17307
17311
17322
17323
17330
17331
17332
17333
17348
17349
17352
17355
17356
17357
17358
17374
17375
17383
17384
17385
17386
17401
17402
17408
17409
17410
17411
17412
17424
17425
17426
17427
17428
17434
17435
17436
17437
17441
17450
17451
17452
17453
17461
17462
17464
17465
17466
17467
17475
17476
17477
17478
17486
17487
17488
17489
17491
17492
17493
17500
17501
17502
17503
17504
17508
17509
17510
17511
17514
17515
17516
17517
17518
17519
17520
17526
17527
17534
17535
17536
17540
17541
17542
17543
17544
17545
17546
17547
17548
17552
17565
17566
17571
17572
17573
