1
2
6
7
13
14
15
16
17
18
19
20
27
30
31
32
36
37
38
39
40
41
42
43
49
50
53
54
55
58
60
61
62
63
64
65
73
81
82
83
84
85
86
87
88
98
99
100
105
106
110
121
122
123
124
130
144
145
146
147
148
152
153
154
162
165
167
168
169
170
171
174
175
176
178
179
185
186
187
188
189
191
192
195
198
201
202
208
209
210
211
212
213
214
215
225
236
237
247
248
249
254
255
270
271
272
278
280
281
285
286
287
293
294
295
303
304
305
308
309
310
314
317
318
327
328
331
332
333
334
335
336
337
350
351
356
357
358
359
368
374
375
376
377
378
381
382
383
384
392
394
395
396
397
398
400
401
403
404
405
406
407
414
415
416
417
418
419
420
425
426
427
428
429
430
431
432
437
438
439
440
441
442
443
446
447
448
449
450
451
452
453
454
455
456
462
463
464
465
469
470
471
472
473
474
475
476
477
478
479
480
481
485
489
490
492
493
494
497
498
499
500
501
502
503
504
512
513
520
521
522
523
524
525
535
536
537
538
539
543
544
545
546
547
548
558
559
560
561
562
563
564
566
567
568
569
570
571
581
582
583
584
585
586
587
592
593
594
611
612
613
616
617
627
628
629
630
634
635
636
639
645
649
650
651
652
653
660
661
662
671
674
675
676
677
680
681
682
683
684
685
694
695
696
697
698
699
700
703
704
705
706
708
714
715
717
718
719
720
721
724
725
726
727
728
740
741
742
743
744
747
748
759
762
765
766
767
776
777
783
784
785
786
789
790
791
796
799
800
806
807
808
809
810
813
814
819
822
823
830
831
832
833
835
836
837
838
843
854
855
859
860
862
863
864
865
868
869
882
883
885
886
887
888
897
902
903
904
906
907
911
917
920
922
923
924
925
926
927
929
930
932
933
934
935
936
937
943
944
945
946
947
948
949
954
955
956
957
958
959
960
966
967
969
970
971
972
976
977
979
980
981
982
983
984
985
991
992
993
994
998
999
1000
1001
1002
1003
1004
1005
1006
1007
1008
1017
1018
1019
1021
1027
1028
1029
1030
1031
1032
1033
1041
1042
1050
1051
1052
1053
1054
1064
1065
1066
1067
1068
1069
1070
1072
1073
1074
1075
1076
1077
1086
1087
1088
1089
1090
1091
1092
1093
1110
1111
1112
1113
1114
1115
1116
1132
1133
1134
1135
1136
1137
1155
1156
1157
1158
1159
1160
1164
1165
1173
1174
1178
1179
1180
1181
1182
1183
1188
1190
1191
1194
1195
1196
1200
1201
1202
1203
1204
1205
1206
1211
1212
1213
1214
1216
1217
1218
1222
1223
1224
1225
1226
1227
1228
1231
1232
1233
1234
1235
1240
1245
1246
1247
1248
1249
1250
1253
1254
1255
1256
1257
1269
1270
1271
1276
1277
1279
1280
1281
1288
1289
1290
1291
1292
1295
1296
1299
1300
1302
1303
1304
1305
1306
1312
1313
1314
1315
1316
1317
1318
1319
1320
1322
1323
1324
1325
1326
1327
1328
1335
1336
1337
1338
1341
1342
1343
1346
1347
1348
1349
1359
1360
1361
1364
1365
1366
1370
1374
1375
1382
1383
1384
1387
1388
1389
1392
1393
1394
1395
1397
1398
1406
1407
1411
1412
1413
1414
1415
1416
1417
1418
1426
1427
1428
1429
1430
1435
1436
1437
1440
1446
1447
1448
1449
1452
1453
1454
1455
1456
1457
1458
1459
1461
1462
1463
1464
1465
1466
1469
1470
1471
1472
1478
1481
1484
1485
1486
1487
1488
1489
1490
1495
1496
1497
1498
1499
1500
1503
1504
1505
1507
1508
1509
1510
1512
1513
1518
1519
1520
1521
1522
1523
1526
1527
1528
1530
1531
1532
1533
1535
1536
1537
1546
1548
1549
1550
1551
1553
1556
1557
1558
1559
1560
1571
1572
1573
1574
1575
1579
1580
1582
1583
1594
1595
1596
1597
1598
1599
1602
1618
1619
1620
1629
1638
1639
1640
1641
1642
1643
1651
1652
1661
1662
1663
1664
1665
1672
1673
1674
1679
1683
1684
1685
1686
1687
1688
1695
1696
1698
1699
1700
1702
1705
1706
1707
1708
1709
1710
1711
1722
1723
1724
1725
1728
1729
1730
1731
1732
1733
1734
1735
1736
1737
1741
1745
1746
1747
1750
1751
1752
1753
1754
1755
1756
1757
1758
1759
1760
1761
1762
1763
1764
1773
1774
1775
1776
1777
1778
1782
1783
1784
1785
1786
1797
1798
1799
1800
1805
1806
1807
1808
1809
1810
1817
1818
1819
1820
1821
1824
1828
1829
1832
1833
1840
1841
1842
1843
1844
1845
1846
1847
1851
1852
1853
1854
1855
1856
1864
1865
1866
1867
1868
1869
1870
1871
1874
1875
1876
1877
1878
1888
1889
1890
1893
1894
1898
1899
1900
1903
1904
1909
1911
1912
1913
1915
1916
1917
1918
1921
1922
1923
1926
1927
1931
1932
1933
1934
1935
1936
1940
1941
1942
1943
1945
1946
1947
1954
1955
1956
1957
1958
1964
1965
1966
1976
1977
1978
1979
1980
1985
1986
1987
1988
1991
1992
1993
1999
2000
2001
2002
2003
2004
2008
2009
2011
2014
2015
2016
2018
2019
2022
2023
2024
2025
2026
2027
2028
2031
2032
2033
2034
2037
2038
2041
2042
2047
2048
2049
2050
2051
2055
2056
2057
2060
2065
2078
2079
2085
2101
2102
2103
2104
2108
2124
2125
2134
2135
2144
2147
2148
2157
2158
2167
2168
2169
2170
2180
2181
2189
2190
2191
2192
2193
2202
2203
2210
2211
2212
2213
2214
2215
2220
2225
2231
2233
2234
2235
2236
2237
2238
2242
2243
2244
2245
2248
2251
2252
2253
2254
2256
2257
2258
2259
2260
2261
2262
2264
2265
2269
2270
2271
2274
2275
2276
2279
2280
2281
2282
2283
2284
2285
2287
2288
2291
2292
2293
2302
2303
2304
2305
2306
2307
2314
2315
2326
2327
2328
2336
2337
2338
2339
2346
2347
2348
2349
2350
2359
2360
2361
2362
2363
2369
2370
2371
2372
2373
2374
2375
2384
2385
2392
2393
2394
2395
2396
2397
2398
2405
2406
2413
2415
2416
2417
2418
2419
2424
2427
2428
2429
2436
2437
2438
2439
2440
2441
2458
2459
2460
2461
2462
2463
2464
2471
2482
2483
2484
2485
2486
2487
2493
2494
2495
2496
2507
2508
2509
2514
2515
2516
2517
2520
2521
2522
2523
2530
2531
2532
2533
2537
2538
2539
2540
2543
2544
2545
2546
2551
2552
2553
2554
2555
2556
2557
2558
2560
2561
2562
2563
2566
2567
2576
2577
2578
2579
2580
2583
2584
2595
2602
2608
2618
2631
2641
2654
2655
2664
2672
2673
2674
2676
2677
2678
2687
2695
2696
2697
2698
2699
2700
2709
2716
2717
2718
2719
2720
2721
2722
2723
2731
2732
2739
2740
2741
2742
2743
2744
2745
2749
2754
2761
2762
2763
2764
2765
2766
2774
2776
2777
2778
2781
2782
2785
2786
2787
2788
2789
2798
2799
2800
2803
2804
2805
2808
2810
2811
2812
2813
2820
2821
2831
2834
2835
2836
2843
2844
2852
2854
2855
2865
2866
2867
2868
2872
2873
2877
2878
2879
2888
2889
2890
2891
2895
2896
2898
2899
2900
2901
2902
2903
2913
2914
2919
2921
2922
2923
2924
2925
2926
2934
2942
2943
2944
2945
2946
2947
2948
2953
2954
2955
2956
2957
2964
2965
2966
2967
2968
2976
2977
2978
2987
2988
2989
2990
2991
2992
2994
2995
3000
3001
3002
3003
3011
3012
3013
3014
3015
3016
3017
3021
3022
3023
3024
3025
3026
3030
3037
3038
3039
3044
3046
3050
3051
3052
3053
3059
3061
3062
3066
3067
3068
3069
3073
3074
3075
3082
3083
3085
3086
3087
3089
3090
3091
3092
3100
3101
3102
3105
3106
3107
3108
3109
3115
3116
3123
3124
3125
3126
3127
3128
3137
3138
3139
3147
3150
3160
3161
3180
3182
3183
3184
3185
3199
3200
3201
3202
3204
3205
3206
3207
3212
3213
3222
3223
3224
3225
3226
3227
3228
3229
3235
3239
3245
3246
3247
3250
3251
3252
3268
3269
3270
3272
3273
3274
3275
3283
3284
3285
3291
3292
3293
3295
3296
3297
3305
3306
3307
3316
3317
3318
3339
3340
3341
3349
3350
3358
3362
3363
3364
3372
3381
3383
3384
3401
3402
3403
3404
3406
3407
3419
3420
3424
3425
3428
3429
3430
3431
3434
3435
3438
3441
3442
3443
3448
3451
3452
3454
3457
3460
3461
3465
3466
3469
3470
3471
3473
3482
3483
3484
3492
3493
3494
3496
3499
3504
3505
3506
3508
3509
3517
3518
3519
3520
3521
3522
3523
3524
3527
3528
3529
3530
3531
3532
3543
3544
3545
3547
3550
3551
3552
3553
3554
3555
3559
3560
3567
3568
3573
3575
3580
3582
3590
3591
3592
3596
3597
3598
3603
3608
3614
3615
3616
3619
3620
3621
3622
3626
3627
3629
3630
3631
3632
3634
3635
3637
3638
3642
3643
3644
3645
3646
3649
3652
3653
3654
3655
3656
3657
3663
3664
3665
3666
3667
3668
3678
3679
3686
3689
3690
3691
3709
3711
3712
3713
3714
3727
3728
3729
3730
3734
3735
3736
3737
3738
3739
3740
3741
3745
3750
3751
3752
3753
3757
3758
3760
3761
3762
3763
3764
3768
3774
3775
3776
3779
3780
3781
3782
3791
3792
3797
3799
3801
3802
3803
3804
3805
3812
3813
3814
3823
3824
3825
3826
3827
3830
3831
3834
3835
3836
3837
3844
3845
3847
3853
3854
3867
3868
3869
3870
3891
3892
3893
3900
3901
3910
3914
3915
3921
3922
3923
3924
3925
3926
3930
3931
3932
3933
3934
3935
3936
3944
3945
3946
3947
3948
3949
3953
3954
3955
3956
3959
3963
3964
3967
3968
3969
3970
3971
3972
3975
3976
3977
3978
3986
3989
3990
3991
3992
3994
3995
3997
3998
3999
4000
4002
4003
4004
4010
4011
4012
4014
4015
4021
4022
4023
4024
4025
4026
4027
4028
4029
4033
4034
4035
4037
4038
4046
4049
4050
4051
4052
4053
4056
4057
4058
4060
4061
4072
4073
4074
4079
4080
4081
4084
4087
4096
4097
4102
4107
4108
4109
4110
4114
4115
4119
4120
4125
4126
4131
4132
4133
4134
4137
4142
4143
4144
4147
4148
4149
4150
4155
4156
4157
4159
4160
4161
4163
4164
4165
4166
4167
4170
4171
4172
4173
4174
4175
4176
4178
4179
4187
4188
4192
4195
4196
4197
4198
4218
4219
4220
4237
4238
4241
4242
4256
4257
4259
4260
4264
4265
4266
4267
4268
4269
4279
4280
4281
4282
4283
4284
4288
4289
4290
4291
4292
4293
4303
4305
4306
4307
4309
4310
4311
4312
4314
4315
4316
4320
4321
4326
4327
4331
4333
4334
4336
4337
4338
4339
4341
4342
4343
4344
4349
4350
4353
4354
4359
4360
4365
4372
4373
4374
4382
4383
4396
4397
4398
4419
4420
4421
4428
4429
4430
4431
4432
4450
4451
4452
4453
4454
4455
4462
4473
4474
4475
4476
4477
4478
4482
4483
4484
4485
4486
4496
4497
4498
4499
4504
4505
4506
4507
4508
4509
4515
4516
4518
4519
4520
4521
4522
4523
4524
4525
4526
4527
4528
4529
4530
4531
4532
4533
4534
4539
4540
4541
4542
4543
4544
4546
4547
4551
4552
4553
4554
4555
4556
4557
4558
4561
4562
4563
4565
4566
4569
4570
4574
4575
4576
4577
4578
4579
4580
4585
4586
4592
4593
4599
4602
4603
4613
4614
4615
4616
4624
4631
4637
4638
4639
4640
4647
4654
4659
4660
4661
4662
4663
4670
4671
4672
4673
4676
4677
4682
4683
4684
4685
4686
4693
4694
4695
4696
4697
4699
4700
4702
4703
4704
4705
4706
4707
4708
4716
4717
4720
4721
4725
4726
4727
4743
4748
4749
4765
4766
4768
4771
4774
4784
4785
4786
4788
4789
4791
4795
4796
4808
4811
4812
4813
4814
4817
4818
4822
4823
4833
4834
4835
4836
4837
4840
4841
4844
4845
4846
4848
4853
4856
4857
4858
4867
4868
4871
4872
4878
4879
4901
4902
4909
4910
4911
4925
4926
4932
4933
4936
4937
4949
4958
4959
4960
4961
4980
4981
4982
4983
4984
5003
5004
5005
5011
5012
5014
5015
5025
5026
5027
5028
5033
5034
5035
5036
5037
5038
5044
5045
5047
5048
5049
5050
5051
5053
5054
5056
5057
5058
5059
5060
5061
5062
5067
5068
5069
5070
5071
5072
5075
5076
5080
5081
5082
5083
5084
5085
5090
5091
5092
5093
5094
5095
5098
5099
5104
5105
5106
5107
5108
5113
5114
5117
5118
5121
5122
5123
5131
5154
5155
5160
5161
5166
5167
5172
5173
5178
5179
5180
5181
5182
5183
5184
5188
5189
5190
5191
5192
5200
5201
5202
5203
5204
5205
5206
5211
5212
5213
5214
5215
5223
5224
5225
5226
5229
5234
5235
5236
5237
5238
5249
5251
5252
5254
5258
5260
5261
5271
5272
5274
5275
5277
5294
5295
5297
5298
5303
5318
5319
5320
5329
5330
5339
5340
5341
5342
5343
5344
5345
5346
5351
5352
5353
5362
5363
5364
5365
5368
5369
5374
5375
5377
5382
5383
5384
5385
5386
5387
5401
5405
5406
5407
5408
5409
5431
5432
5438
5441
5442
5446
5457
5458
5459
5460
5461
5462
5464
5465
5466
5469
5481
5482
5483
5484
5488
5489
5490
5502
5504
5510
5511
5512
5525
5526
5527
5533
5534
5543
5555
5556
5557
5563
5564
5565
5566
5567
5573
5574
5575
5576
5577
5578
5579
5585
5586
5587
5588
5589
5590
5596
5597
5598
5599
5600
5601
5602
5604
5605
5608
5610
5611
5612
5613
5614
5620
5622
5623
5624
5625
5626
5627
5628
5629
5635
5636
5637
5646
5647
5649
5651
5652
5660
5683
5684
5685
5689
5690
5691
5707
5708
5709
5710
5711
5712
5713
5714
5730
5731
5732
5733
5734
5735
5736
5737
5739
5740
5753
5754
5755
5757
5758
5759
5762
5763
5764
5765
5766
5767
5778
5780
5781
5786
5787
5789
5790
5801
5803
5804
5823
5835
5836
5851
5852
5854
5858
5859
5868
5869
5870
5871
5874
5875
5880
5881
5882
5890
5891
5892
5893
5896
5897
5902
5903
5904
5912
5913
5914
5915
5916
5924
5925
5926
5934
5935
5936
5937
5947
5948
5958
5959
5960
5961
5962
5963
5970
5971
5974
5975
5984
5986
5987
5988
5989
5990
5994
5995
5997
5998
6006
6007
6009
6010
6011
6012
6013
6017
6018
6030
6031
6032
6033
6040
6041
6053
6054
6055
6056
6063
6104
6105
6107
6108
6109
6110
6114
6115
6116
6118
6127
6128
6129
6130
6131
6132
6133
6134
6137
6138
6151
6152
6153
6154
6155
6156
6157
6174
6175
6176
6177
6178
6179
6190
6191
6194
6195
6201
6202
6213
6214
6215
6216
6217
6218
6219
6220
6221
6226
6228
6229
6237
6238
6239
6240
6241
6242
6243
6244
6259
6260
6261
6262
6263
6264
6265
6282
6283
6284
6286
6287
6288
6308
6309
6310
6354
6358
6359
6360
6364
6365
6377
6381
6382
6383
6386
6387
6388
6389
6390
6396
6397
6398
6399
6403
6404
6405
6406
6409
6410
6411
6412
6413
6419
6420
6421
6422
6427
6428
6431
6432
6433
6434
6453
6454
6455
6464
6465
6466
6467
6476
6477
6479
6480
6487
6488
6489
6490
6491
6499
6500
6502
6503
6504
6511
6512
6513
6514
6516
6517
6518
6521
6526
6527
6528
6535
6536
6539
6540
6541
6551
6559
6560
6561
6562
6583
6584
6585
6637
6638
6639
6642
6643
6644
6657
6658
6659
6660
6661
6662
6665
6666
6667
6679
6680
6681
6682
6683
6684
6685
6696
6699
6700
6705
6706
6707
6708
6709
6719
6720
6721
6722
6723
6724
6730
6731
6734
6735
6736
6742
6743
6744
6745
6746
6747
6748
6749
6753
6754
6755
6757
6758
6759
6767
6768
6769
6770
6771
6772
6773
6776
6777
6778
6790
6791
6792
6793
6794
6795
6796
6814
6815
6817
6818
6837
6838
6840
6841
6842
6843
6848
6860
6864
6865
6883
6885
6886
6887
6888
6889
6890
6893
6894
6895
6901
6905
6906
6908
6909
6910
6911
6912
6913
6916
6917
6918
6919
6920
6923
6924
6925
6926
6927
6928
6929
6930
6931
6932
6933
6934
6935
6936
6938
6939
6940
6941
6942
6946
6948
6949
6950
6951
6953
6954
6955
6956
6957
6958
6959
6960
6961
6962
6963
6964
6976
6982
6983
6984
6996
6997
7004
7005
7006
7007
7015
7018
7019
7020
7027
7028
7030
7031
7032
7038
7039
7041
7042
7043
7050
7051
7053
7054
7055
7056
7057
7058
7062
7064
7065
7075
7076
7077
7079
7080
7081
7099
7100
7102
7103
7122
7123
7125
7137
7145
7146
7150
7151
7160
7161
7166
7167
7168
7171
7172
7173
7174
7189
7190
7191
7194
7195
7212
7213
7214
7225
7226
7229
7235
7236
7237
7248
7249
7258
7259
7260
7263
7264
7272
7277
7278
7282
7283
7284
7286
7287
7288
7300
7301
7302
7305
7306
7307
7319
7323
7324
7325
7342
7343
7346
7347
7348
7349
7366
7367
7369
7370
7371
7372
7376
7377
7378
7392
7393
7394
7395
7399
7400
7401
7414
7415
7416
7417
7418
7419
7422
7423
7424
7430
7431
7438
7439
7440
7441
7442
7444
7445
7446
7447
7448
7452
7453
7454
7459
7461
7462
7463
7464
7467
7468
7469
7470
7471
7475
7476
7477
7478
7479
7481
7482
7483
7484
7485
7486
7487
7489
7490
7491
7492
7493
7494
7499
7501
7502
7503
7504
7505
7506
7507
7509
7510
7511
7512
7513
7514
7525
7526
7527
7529
7530
7532
7533
7534
7535
7536
7544
7545
7546
7548
7549
7555
7556
7557
7558
7560
7561
7565
7567
7568
7569
7570
7572
7579
7580
7582
7583
7584
7585
7592
7593
7594
7604
7605
7606
7607
7608
7609
7628
7629
7631
7632
7652
7653
7661
7667
7675
7676
7679
7680
7690
7699
7700
7702
7703
7731
7740
7752
7753
7754
7763
7764
7765
7766
7775
7776
7780
7787
7788
7789
7792
7793
7798
7802
7803
7804
7806
7807
7811
7812
7815
7821
7824
7826
7827
7829
7830
7831
7834
7835
7843
7844
7845
7848
7850
7852
7853
7854
7855
7857
7858
7864
7865
7866
7867
7868
7875
7876
7877
7878
7879
7884
7885
7886
7887
7888
7898
7899
7900
7901
7902
7906
7907
7908
7922
7923
7924
7925
7929
7930
7940
7941
7942
7946
7947
7948
7951
7952
7953
7954
7962
7963
7964
7969
7970
7973
7974
7975
7976
7977
7984
7985
7986
7987
7988
7992
7994
7995
7996
7997
7998
7999
8000
8005
8006
8007
8008
8010
8011
8012
8017
8018
8019
8020
8022
8023
8024
8030
8031
8034
8035
8036
8040
8041
8042
8046
8047
8054
8058
8059
8061
8062
8063
8064
8065
8074
8075
8084
8085
8086
8087
8089
8090
8091
8096
8097
8098
8099
8107
8108
8111
8112
8113
8114
8115
8120
8121
8122
8135
8136
8143
8154
8155
8156
8166
8167
8178
8179
8181
8182
8185
8186
8189
8190
8204
8205
8208
8209
8227
8228
8240
8241
8258
8263
8269
8281
8282
8292
8293
8298
8303
8304
8305
8307
8308
8309
8321
8324
8325
8326
8327
8328
8330
8331
8332
8335
8336
8337
8347
8348
8349
8350
8351
8355
8356
8358
8359
8360
8364
8372
8373
8374
8375
8376
8378
8379
8381
8382
8383
8384
8390
8391
8393
8394
8395
8396
8398
8400
8401
8402
8404
8405
8406
8407
8408
8409
8412
8413
8414
8415
8416
8417
8423
8424
8429
8430
8431
8432
8434
8435
8436
8437
8447
8452
8453
8454
8458
8459
8460
8469
8470
8471
8472
8473
8475
8476
8480
8481
8484
8485
8490
8491
8492
8493
8495
8496
8500
8501
8502
8503
8504
8507
8508
8513
8514
8515
8516
8517
8518
8522
8523
8524
8525
8526
8534
8535
8536
8537
8539
8540
8541
8542
8545
8546
8547
8548
8551
8552
8553
8560
8562
8569
8570
8571
8575
8576
8579
8580
8582
8583
8590
8591
8592
8593
8596
8600
8602
8603
8604
8605
8606
8613
8614
8615
8619
8625
8626
8627
8628
8629
8635
8636
8637
8642
8643
8644
8649
8650
8651
8659
8660
8661
8663
8667
8672
8683
8684
8685
8686
8695
8707
8708
8709
8714
8718
8719
8720
8737
8743
8769
8786
8787
8788
8792
8804
8809
8810
8811
8813
8814
8825
8826
8827
8830
8831
8832
8833
8835
8836
8837
8849
8850
8853
8854
8855
8856
8859
8860
8863
8864
8865
8866
8869
8878
8879
8880
8881
8882
8884
8886
8887
8888
8889
8901
8902
8903
8904
8905
8906
8907
8911
8912
8913
8914
8915
8919
8920
8928
8929
8930
8934
8935
8936
8937
8938
8942
8943
8952
8953
8954
8957
8958
8959
8960
8964
8965
8976
8980
8981
8982
8987
9001
9002
9003
9006
9007
9013
9019
9023
9024
9025
9029
9030
9035
9036
9037
9041
9042
9046
9047
9052
9053
9058
9059
9062
9063
9064
9065
9069
9070
9071
9074
9075
9076
9086
9087
9088
9093
9094
9097
9098
9099
9102
9111
9112
9120
9121
9122
9124
9125
9131
9132
9133
9134
9135
9136
9137
9142
9143
9144
9145
9155
9156
9157
9158
9159
9160
9164
9165
9166
9167
9168
9170
9173
9174
9180
9182
9188
9189
9190
9191
9192
9193
9196
9197
9212
9213
9214
9215
9216
9217
9218
9236
9237
9238
9239
9240
9248
9249
9266
9267
9271
9272
9288
9289
9290
9292
9309
9313
9314
9315
9316
9331
9332
9333
9336
9337
9338
9339
9340
9342
9343
9351
9352
9354
9355
9359
9360
9362
9365
9366
9369
9370
9374
9378
9379
9382
9384
9385
9386
9388
9392
9393
9394
9395
9398
9402
9407
9408
9409
9410
9411
9417
9418
9420
9421
9429
9433
9434
9440
9441
9443
9444
9445
9448
9449
9457
9458
9462
9463
9464
9466
9467
9468
9471
9472
9480
9481
9482
9485
9486
9487
9489
9490
9491
9493
9494
9508
9509
9512
9513
9526
9530
9531
9532
9533
9535
9536
9537
9545
9547
9548
9549
9552
9553
9554
9555
9556
9559
9560
9564
9566
9567
9568
9570
9571
9572
9573
9575
9576
9578
9579
9581
9582
9586
9587
9588
9591
9592
9593
9594
9596
9597
9598
9599
9600
9604
9605
9609
9610
9614
9615
9616
9617
9618
9622
9623
9626
9627
9628
9630
9631
9632
9634
9635
9636
9639
9640
9641
9642
9644
9645
9648
9649
9650
9651
9652
9653
9654
9657
9658
9660
9663
9664
9665
9666
9667
9668
9671
9672
9673
9674
9675
9676
9677
9680
9681
9683
9684
9687
9688
9689
9694
9695
9696
9697
9698
9699
9700
9701
9702
9703
9704
9706
9707
9708
9717
9718
9719
9720
9721
9722
9723
9724
9725
9726
9741
9742
9743
9744
9745
9746
9747
9748
9764
9765
9766
9767
9768
9769
9794
9795
9796
9817
9818
9819
9821
9824
9825
9827
9828
9833
9834
9837
9838
9842
9843
9844
9847
9848
9850
9851
9860
9861
9865
9866
9872
9873
9880
9883
9884
9890
9891
9898
9899
9903
9904
9905
9908
9911
9913
9914
9921
9922
9926
9927
9928
9931
9934
9935
9936
9949
9950
9951
9952
9957
9958
9963
9969
9972
9973
9974
9975
9979
9980
9986
9987
9991
9992
9996
9997
10002
10003
10009
10010
10014
10019
10020
10026
10032
10037
10038
10042
10043
10055
10056
10061
10062
10065
10066
10072
10074
10077
10078
10079
10081
10082
10084
10088
10089
10095
10096
10097
10098
10099
10100
10101
10102
10104
10105
10107
10108
10111
10112
10113
10116
10118
10119
10120
10121
10122
10123
10124
10125
10128
10130
10131
10135
10138
10141
10142
10143
10144
10145
10146
10147
10156
10160
10161
10162
10163
10164
10165
10166
10167
10168
10169
10170
10173
10177
10178
10179
10182
10183
10184
10185
10186
10187
10188
10189
10190
10191
10192
10195
10196
10197
10200
10201
10202
10203
10204
10205
10206
10207
10208
10209
10210
10211
10212
10213
10214
10223
10224
10225
10226
10227
10228
10229
10230
10231
10232
10233
10234
10235
10236
10246
10247
10248
10249
10250
10251
10252
10253
10254
10255
10261
10269
10270
10271
10272
10273
10274
10275
10292
10293
10294
10312
10330
10335
10338
10339
10340
10341
10348
10353
10354
10356
10362
10363
10364
10371
10376
10377
10378
10379
10380
10385
10386
10389
10390
10394
10397
10401
10402
10407
10408
10419
10420
10421
10433
10434
10437
10438
10442
10443
10456
10457
10460
10461
10465
10479
10480
10481
10486
10487
10488
10502
10503
10504
10505
10508
10509
10510
10511
10515
10516
10525
10526
10527
10528
10532
10533
10534
10538
10539
10548
10549
10550
10554
10555
10556
10561
10562
10571
10572
10581
10582
10584
10585
10592
10593
10594
10595
10596
10597
10598
10599
10607
10608
10615
10616
10617
10618
10619
10620
10629
10630
10631
10636
10637
10639
10640
10641
10642
10649
10652
10653
10654
10655
10659
10660
10664
10665
10670
10671
10672
10673
10675
10676
10677
10678
10679
10687
10692
10693
10694
10695
10696
10698
10699
10701
10702
10705
10706
10707
10710
10714
10715
10716
10717
10718
10720
10723
10724
10725
10726
10729
10730
10731
10735
10736
10737
10738
10742
10746
10747
10749
10750
10754
10755
10757
10758
10759
10760
10761
10769
10770
10775
10776
10779
10780
10781
10782
10783
10784
10789
10790
10791
10793
10797
10798
10799
10802
10803
10804
10805
10806
10820
10821
10827
10840
10841
10863
10864
10869
10870
10876
10877
10892
10899
10900
10903
10905
10906
10908
10914
10928
10929
10936
10937
10948
10949
10950
10951
10955
10956
10962
10963
10964
10966
10967
10971
10975
10985
10986
10990
10993
10994
10999
11000
11006
11007
11008
11009
11010
11011
11012
11016
11017
11029
11030
11031
11032
11033
11034
11035
11038
11039
11040
11042
11043
11052
11053
11054
11055
11056
11057
11058
11061
11062
11065
11066
11068
11075
11076
11077
11078
11079
11080
11081
11082
11083
11084
11088
11091
11098
11099
11100
11102
11103
11104
11106
11110
11111
11121
11122
11123
11124
11125
11126
11127
11128
11129
11133
11134
11136
11145
11146
11147
11148
11149
11150
11151
11152
11158
11159
11160
11163
11164
11165
11166
11167
11168
11169
11170
11171
11172
11173
11174
11181
11182
11183
11184
11189
11190
11193
11194
11195
11196
11197
11206
11207
11208
11209
11216
11230
11231
11232
11235
11239
11252
11253
11254
11255
11256
11258
11265
11274
11275
11276
11277
11278
11279
11287
11288
11289
11295
11296
11297
11298
11299
11309
11310
11311
11312
11318
11319
11320
11321
11322
11323
11326
11331
11332
11333
11334
11345
11349
11350
11356
11357
11358
11380
11381
11405
11423
11426
11427
11436
11437
11443
11444
11445
11446
11450
11457
11458
11459
11460
11465
11466
11467
11468
11483
11484
11490
11491
11492
11493
11503
11504
11506
11507
11512
11513
11514
11515
11516
11526
11527
11528
11529
11535
11536
11537
11538
11539
11540
11541
11542
11544
11549
11550
11551
11558
11559
11560
11561
11562
11563
11564
11571
11572
11573
11574
11578
11579
11580
11582
11583
11584
11585
11586
11587
11588
11589
11594
11595
11601
11602
11603
11605
11606
11607
11608
11609
11610
11611
11612
11613
11617
11628
11629
11630
11631
11632
11633
11634
11635
11639
11640
11651
11652
11653
11654
11655
11656
11657
11658
11662
11674
11675
11676
11677
11678
11679
11680
11681
11687
11688
11695
11696
11698
11699
11700
11701
11702
11703
11711
11718
11719
11720
11721
11722
11723
11725
11726
11736
11759
11760
11761
11782
11783
11784
11785
11791
11804
11805
11806
11807
11824
11825
11839
11840
11847
11848
11849
11851
11863
11874
11885
11886
11887
11909
11910
11925
11932
11933
11942
11943
11947
11952
11955
11956
11965
11966
11972
11973
11974
11975
11988
11989
11995
11996
11997
12011
12012
12013
12019
12020
12021
12022
12035
12036
12042
12043
12044
12055
12056
12057
12058
12065
12066
12067
12068
12069
12070
12078
12079
12080
12087
12088
12089
12093
12100
12101
12102
12103
12107
12108
12109
12112
12113
12114
12115
12116
12117
12123
12128
12130
12131
12132
12135
12137
12138
12139
12140
12141
12163
