1
4
5
6
9
10
11
12
13
14
19
20
21
22
23
24
25
27
28
29
30
31
36
37
42
43
44
45
46
47
48
55
56
57
61
63
64
72
73
74
75
78
79
80
81
86
87
88
89
90
91
92
95
96
97
98
103
104
105
106
107
108
110
112
114
115
123
124
125
132
133
137
138
139
141
142
148
149
150
154
155
156
157
159
160
161
163
164
165
166
167
173
174
176
177
178
179
180
181
183
191
193
194
195
196
197
198
205
206
207
208
209
210
211
212
213
214
215
216
221
222
223
224
225
226
229
230
231
232
233
234
238
239
240
241
242
245
246
247
248
249
250
251
252
256
257
258
260
261
262
263
265
266
267
268
269
270
276
277
282
283
284
285
286
293
294
295
296
297
298
299
300
301
302
303
310
311
312
313
314
315
318
319
327
328
329
330
333
334
336
337
340
341
344
345
346
347
350
351
352
353
357
360
361
362
363
364
366
367
368
369
370
372
373
376
377
378
379
380
381
383
384
385
386
387
389
393
394
395
396
397
399
400
401
402
408
409
410
412
413
414
416
417
418
419
420
421
425
426
427
428
429
430
431
432
433
434
435
436
437
438
443
444
445
447
448
449
451
452
455
461
462
464
465
466
467
468
469
470
471
472
476
478
480
482
483
484
485
486
487
493
495
496
497
498
499
500
501
502
503
504
505
507
508
509
510
511
512
513
514
516
517
518
519
520
521
522
523
527
528
529
530
531
533
534
535
536
537
538
539
540
541
545
546
547
548
549
550
551
553
554
555
556
557
558
566
567
568
569
572
573
574
583
584
585
586
587
589
599
600
601
602
603
604
608
609
615
616
617
618
619
624
625
629
632
633
634
635
637
640
641
643
644
645
646
648
649
650
651
652
653
654
655
657
658
660
661
662
664
665
666
667
668
669
670
671
672
673
674
675
678
682
683
684
685
688
689
690
691
697
698
699
700
702
704
705
707
708
709
714
715
716
717
718
719
720
722
723
724
725
726
732
733
734
736
737
740
741
742
744
748
749
750
751
753
754
757
758
759
760
761
764
765
766
767
768
771
772
773
775
776
780
781
782
783
784
787
788
789
790
791
792
793
794
797
798
799
800
801
802
804
805
806
808
809
810
811
812
814
815
816
817
818
819
821
822
823
825
826
828
829
833
834
835
838
839
840
841
842
843
844
846
855
856
857
858
861
873
874
880
881
887
888
889
890
897
898
903
904
905
906
907
913
914
918
919
920
921
922
923
926
927
928
930
932
933
934
935
936
937
938
939
940
941
942
943
944
945
946
947
949
950
951
953
954
955
956
957
958
959
960
962
963
964
970
971
972
973
974
978
979
980
986
987
988
989
995
996
997
998
1001
1003
1004
1005
1006
1007
1014
1015
1018
1020
1021
1022
1023
1027
1028
1029
1030
1035
1036
1037
1038
1039
1040
1044
1045
1046
1047
1052
1053
1054
1055
1056
1057
1060
1061
1062
1063
1064
1069
1070
1071
1072
1073
1076
1077
1078
1079
1080
1081
1082
1083
1088
1089
1090
1091
1093
1094
1095
1097
1098
1099
1104
1105
1106
1107
1108
1110
1111
1112
1118
1119
1120
1122
1123
1124
1128
1129
1135
1136
1145
1146
1153
1160
1161
1162
1163
1164
1174
1175
1176
1177
1178
1179
1180
1184
1187
1191
1192
1193
1195
1196
1197
1208
1209
1210
1211
1212
1213
1219
1220
1225
1226
1227
1228
1235
1236
1237
1239
1244
1245
1246
1251
1252
1258
1260
1261
1262
1263
1268
1269
1273
1274
1275
1276
1277
1285
1286
1287
1289
1290
1291
1292
1293
1294
1295
1297
1299
1300
1302
1303
1307
1308
1309
1310
1311
1312
1316
1317
1322
1323
1324
1325
1326
1328
1329
1332
1333
1334
1335
1341
1342
1343
1344
1345
1346
1349
1350
1351
1352
1353
1358
1359
1361
1362
1365
1366
1367
1368
1371
1372
1373
1378
1379
1380
1382
1383
1384
1388
1391
1392
1394
1395
1396
1397
1400
1401
1402
1404
1405
1407
1408
1409
1410
1411
1412
1415
1416
1417
1418
1419
1425
1426
1427
1432
1434
1435
1436
1446
1449
1450
1451
1452
1453
1463
1464
1465
1467
1468
1469
1470
1471
1472
1473
1475
1476
1480
1481
1482
1484
1485
1486
1488
1489
1493
1497
1499
1500
1501
1502
1503
1505
1506
1508
1509
1510
1514
1515
1516
1517
1518
1522
1532
1533
1534
1547
1550
1551
1555
1556
1557
1558
1562
1563
1564
1565
1566
1572
1573
1574
1575
1576
1578
1579
1580
1581
1583
1586
1588
1589
1590
1591
1592
1594
1595
1596
1597
1598
1599
1600
1603
1604
1605
1606
1607
1608
1609
1611
1612
1613
1614
1615
1616
1617
1618
1620
1621
1622
1623
1624
1626
1630
1631
1633
1634
1635
1637
1638
1639
1640
1641
1643
1644
1650
1651
1658
1659
1660
1661
1664
1667
1668
1671
1672
1673
1676
1677
1678
1680
1681
1683
1684
1685
1686
1688
1689
1690
1691
1692
1693
1694
1695
1697
1698
1700
1701
1704
1706
1707
1708
1709
1718
1721
1723
1724
1725
1734
1735
1737
1738
1741
1742
1743
1751
1752
1754
1755
1756
1758
1759
1760
1761
1769
1770
1771
1772
1773
1774
1775
1776
1778
1779
1781
1782
1783
1786
1787
1788
1789
1790
1791
1792
1794
1795
1796
1797
1798
1799
1800
1804
1809
1810
1811
1821
1822
1823
1826
1827
1829
1830
1839
1844
1845
1846
1847
1848
1853
1861
1862
1863
1864
1867
1868
1869
1870
1871
1878
1879
1880
1882
1883
1884
1885
1886
1887
1888
1889
1892
1893
1894
1895
1896
1897
1898
1899
1901
1902
1903
1904
1905
1906
1909
1910
1911
1912
1913
1915
1916
1919
1920
1921
1922
1923
1926
1927
1929
1932
1933
1939
1940
1948
1949
1950
1953
1957
1958
1959
1960
1961
1964
1965
1966
1967
1973
1974
1975
1976
1977
1978
1980
1981
1982
1983
1984
1989
1990
1992
1993
1996
1997
1998
2000
2001
2009
2010
2013
2026
2027
2028
2029
2032
2033
2035
2042
2043
2044
2045
2047
2048
2051
2052
2059
2060
2061
2062
2063
2064
2065
2067
2068
2070
2074
2075
2076
2077
2078
2087
2093
2094
2095
2098
2101
2104
2110
2112
2113
2114
2115
2116
2117
2118
2119
2121
2130
2131
2132
2134
2135
2136
2145
2146
2147
2151
2152
2159
2167
2168
2169
2173
2174
2175
2176
2177
2181
2182
2183
2184
2185
2187
2188
2190
2191
2192
2193
2194
2198
2199
2200
2201
2202
2203
2204
2205
2208
2209
2210
2211
2217
2218
2220
2221
2222
2228
2229
2230
2233
2234
2242
2246
2247
2248
2249
2250
2251
2254
2262
2263
2264
2265
2266
2267
2268
2270
2271
2272
2279
2281
2282
2283
2284
2287
2288
2289
2290
2291
2298
2299
2300
2301
2315
2319
2321
2324
2325
2331
2332
2333
2335
2336
2337
2338
2340
2341
2342
2348
2349
2350
2352
2353
2354
2356
2357
2358
2363
2364
2365
2366
2367
2372
2373
2374
2380
2381
2382
2383
2389
2390
2392
2393
2398
2399
2400
2401
2402
2403
2404
2407
2408
2409
2410
2416
2417
2418
2419
2420
2421
2424
2425
2434
2435
2436
2441
2462
2465
2471
2472
2473
2474
2475
2476
2478
2479
2480
2482
2489
2490
2491
2492
2493
2494
2501
2504
2507
2508
2509
2510
2518
2519
2520
2521
2522
2523
2527
2529
2530
2535
2536
2537
2538
2539
2540
2541
2544
2545
2546
2552
2553
2554
2555
2556
2557
2559
2571
2572
2573
2574
2605
2606
2607
2608
2609
2610
2612
2613
2614
2619
2620
2621
2622
2623
2624
2625
2626
2627
2629
2630
2631
2632
2636
2637
2638
2639
2640
2641
2642
2643
2644
2645
2646
2647
2648
2649
2661
2662
2663
2670
2671
2672
2678
2679
2680
2681
2682
2686
2687
2688
2689
2690
2691
2692
2695
2697
2698
2699
2700
2704
2705
2706
2709
2714
2716
2717
2724
2725
2731
2732
2733
2742
2747
2748
2749
2751
2752
2762
2763
2764
2765
2767
2768
2769
2778
2779
2780
2781
2782
2790
2791
2792
2793
2797
2798
2799
2801
2807
2808
2809
2810
2811
2812
2815
2816
2818
2819
2825
2826
2827
2828
2829
2830
2832
2833
2842
2843
2844
2846
2847
2860
2861
2863
2864
2865
2868
2869
2877
2878
2880
2881
2882
2885
2886
2896
2897
2898
2899
2900
2901
2902
2903
2907
2908
2909
2913
2914
2915
2916
2918
2919
2920
2921
2924
2925
2926
2927
2928
2929
2930
2931
2932
2933
2934
2935
2936
2937
2938
2943
2944
2945
2946
2947
2949
2950
2951
2952
2959
2961
2962
2964
2966
2967
2968
2969
2970
2973
2975
2976
2977
2978
2979
2984
2986
2987
2988
2989
2993
2994
2995
3002
3003
3004
3005
3006
3020
3021
3022
3023
3027
3031
3032
3037
3038
3039
3040
3041
3049
3055
3056
3057
3058
3062
3069
3070
3078
3079
3081
3085
3086
3087
3088
3090
3094
3095
3098
3099
3100
3101
3104
3105
3107
3111
3112
3115
3116
3117
3118
3119
3121
3122
3128
3129
3133
3134
3135
3136
3137
3138
3142
3143
3144
3145
3151
3152
3153
3154
3155
3157
3158
3159
3160
3169
3170
3171
3174
3175
3182
3183
3184
3187
3188
3190
3191
3192
3194
3198
3199
3200
3201
3204
3205
3206
3207
3208
3209
3213
3214
3215
3216
3217
3218
3219
3222
3223
3224
3226
3227
3232
3233
3236
3238
3239
3240
3241
3243
3244
3247
3248
3249
3255
3256
3257
3259
3260
3262
3264
3265
3266
3271
3272
3273
3275
3276
3277
3278
3282
3283
3290
3291
3292
3293
3298
3299
3307
3308
3309
3312
3313
3316
3326
3327
3328
3329
3330
3336
3344
3349
3350
3353
3354
3357
3358
3366
3367
3368
3369
3374
3375
3378
3379
3381
3382
3383
3384
3385
3386
3387
3388
3389
3390
3391
3396
3398
3399
3400
3401
3402
3403
3404
3405
3406
3407
3408
3417
3418
3419
3420
3421
3422
3423
3424
3425
3426
3427
3430
3431
3432
3433
3437
3438
3439
3441
3442
3443
3444
3446
3447
3448
3449
3455
3459
3460
3463
3464
3471
3472
3473
3474
3475
3478
3480
3481
3482
3483
3486
3487
3488
3490
3491
3494
3495
3499
3500
3502
3503
3504
3507
3508
3511
3512
3520
3521
3522
3525
3527
3528
3529
3531
3533
3536
3537
3538
3539
3540
3544
3545
3546
3548
3551
3553
3554
3555
3556
3557
3560
3561
3562
3563
3564
3566
3567
3568
3571
3572
3578
3579
3580
3581
3582
3583
3584
3596
3597
3598
3599
3600
3605
3606
3618
3619
3621
3623
3636
3637
3638
3639
3650
3651
3653
3654
3655
3656
3657
3658
3665
3667
3668
3670
3671
3672
3673
3675
3678
3679
3680
3682
3684
3685
3689
3690
3691
3692
3695
3696
3697
3698
3699
3705
3707
3708
3709
3710
3713
3714
3715
3716
3719
3720
3726
3727
3729
3730
3731
3732
3733
3735
3736
3744
3746
3747
3750
3752
3757
3759
3760
3762
3763
3764
3765
3767
3768
3772
3773
3774
3775
3776
3777
3778
3779
3780
3781
3782
3784
3787
3788
3789
3790
3791
3792
3793
3794
3795
3796
3797
3798
3800
3801
3803
3804
3805
3806
3807
3808
3809
3810
3811
3814
3816
3817
3818
3820
3821
3822
3823
3824
3825
3827
3828
3829
3830
3831
3833
3834
3835
3836
3837
3838
3839
3840
3841
3842
3843
3844
3845
3846
3847
3850
3851
3852
3853
3854
3855
3856
3857
3858
3859
3860
3867
3868
3869
3870
3871
3872
3873
3884
3885
3886
3887
3888
3889
3907
3908
3910
3912
3919
3920
3925
3926
3927
3929
3930
3931
3932
3936
3938
3939
3940
3942
3943
3944
3945
3948
3953
3954
3956
3957
3961
3962
3967
3971
3972
3974
3976
3977
3978
3988
3989
3993
3994
3997
3998
4002
4005
4006
4010
4012
4014
4015
4016
4018
4019
4021
4022
4023
4027
4032
4035
4036
4039
4040
4046
4047
4048
4049
4054
4055
4056
4057
4058
4059
4061
4062
4063
4064
4065
4066
4067
4068
4069
4070
4071
4072
4073
4074
4075
4078
4079
4080
4081
4082
4083
4084
4086
4087
4088
4091
4092
4093
4095
4096
4097
4098
4099
4100
4101
4102
4106
4108
4109
4110
4111
4112
4113
4114
4115
4116
4118
4119
4120
4122
4123
4124
4125
4126
4127
4128
4129
4130
4131
4132
4135
4136
4137
4139
4140
4141
4142
4143
4144
4145
4146
4147
4150
4156
4157
4158
4159
4160
4161
4162
4167
4168
4172
4173
4174
4175
4176
4177
4178
4187
4188
4201
4204
4205
4207
4208
4209
4214
4216
4218
4219
4220
4224
4225
4233
4234
4235
4237
4241
4242
4246
4250
4251
4255
4256
4260
4261
4263
4264
4266
4267
4271
4275
4276
4277
4278
4279
4280
4282
4283
4284
4293
4294
4295
4296
4297
4299
4300
4301
4302
4303
4304
4305
4310
4311
4312
4313
4316
4317
4319
4321
4322
4327
4328
4329
4336
4337
4338
4343
4344
4345
4346
4347
4348
4349
4350
4354
4355
4356
4358
4360
4361
4362
4363
4364
4365
4366
4371
4372
4373
4375
4376
4377
4378
4379
4380
4381
4382
4386
4388
4390
4391
4392
4397
4403
4407
4408
4409
4410
4411
4414
4416
4417
4423
4424
4425
4426
4432
4433
4434
4438
4439
4440
4441
4442
4445
4448
4449
4450
4451
4456
4457
4458
4459
4461
4462
4465
4466
4467
4476
4477
4484
4485
4493
4499
4501
4503
4507
4509
4511
4513
4514
4515
4516
4518
4524
4526
4527
4530
4531
4532
4533
4541
4542
4543
4544
4548
4549
4550
4552
4558
4559
4560
4565
4566
4567
4568
4569
4571
4574
4575
4576
4577
4579
4580
4581
4582
4583
4584
4585
4586
4588
4591
4592
4593
4596
4597
4598
4599
4600
4601
4602
4603
4604
4605
4608
4609
4616
4617
4618
4619
4620
4621
4622
4625
4633
4634
4635
4636
4637
4638
4643
4644
4647
4649
4651
4652
4653
4654
4655
4660
4661
4666
4667
4668
4669
4670
4671
4679
4680
4681
4696
4697
4698
4703
4713
4714
4715
4722
4727
4728
4747
4748
4756
4773
4774
4781
4784
4785
4788
4790
4798
4802
4803
4804
4805
4815
4819
4820
4821
4822
4832
4833
4837
4838
4839
4847
4848
4849
4854
4855
4856
4857
4858
4864
4865
4866
4869
4871
4872
4873
4874
4875
4880
4881
4882
4885
4886
4887
4889
4890
4891
4892
4893
4894
4910
