1
3
4
5
6
7
8
9
10
11
14
15
16
17
18
19
20
21
22
23
24
26
29
30
31
32
33
34
35
36
37
39
41
42
43
44
46
47
48
49
52
53
54
55
56
57
58
59
60
62
65
66
67
68
69
71
75
79
80
81
82
83
87
88
89
92
93
94
95
96
97
99
100
101
102
106
107
109
110
111
112
114
117
119
120
121
122
123
124
125
126
130
131
132
133
134
135
136
137
138
139
140
143
144
145
146
148
149
150
151
152
153
154
155
157
158
159
160
161
162
163
164
165
166
167
168
172
173
174
175
176
177
178
179
185
186
187
188
189
195
198
199
200
201
203
206
207
208
210
211
212
213
214
216
217
218
219
220
222
223
224
225
226
227
228
229
230
233
234
235
236
237
238
240
241
242
243
247
248
249
250
251
252
253
254
255
256
257
261
262
264
265
267
268
270
273
274
275
276
277
278
279
280
281
283
286
287
288
289
290
291
292
293
294
295
297
298
299
300
301
302
303
304
305
306
307
308
309
311
312
313
314
315
316
317
319
320
321
322
326
327
329
330
331
332
333
334
335
336
341
342
343
344
348
349
353
354
355
356
361
362
364
365
366
367
368
370
371
373
374
375
376
377
378
379
380
381
382
383
384
385
386
387
388
389
391
392
393
394
395
396
397
398
399
403
404
405
406
410
411
412
416
417
418
419
420
422
423
424
425
428
429
430
431
433
434
435
436
437
439
441
442
443
444
446
447
448
452
453
454
455
456
457
459
460
461
462
463
464
467
468
469
470
472
473
474
475
476
477
478
480
481
482
483
484
485
486
491
492
494
495
496
499
504
505
509
510
511
512
513
521
522
523
524
525
528
529
531
534
535
536
537
538
540
542
543
544
547
548
549
550
554
555
556
557
558
560
561
562
563
567
572
573
574
579
580
581
583
584
585
586
587
589
591
593
594
596
597
598
599
600
603
604
605
606
607
608
609
610
611
612
613
614
615
616
617
618
622
623
624
625
626
627
628
629
630
631
632
633
634
638
639
641
642
643
645
646
648
649
650
651
652
653
654
655
656
658
659
660
661
662
663
666
667
668
669
674
675
676
677
679
680
681
682
683
684
687
689
690
691
692
693
694
695
696
697
699
700
703
704
705
706
707
708
709
710
711
712
713
716
717
718
719
720
722
724
725
729
730
731
735
736
737
741
742
743
744
747
748
749
750
752
753
754
755
756
758
760
761
762
763
764
765
766
767
768
771
772
773
774
775
776
777
778
779
780
781
782
783
784
785
786
787
788
789
791
792
793
794
795
797
798
800
801
802
804
805
806
807
808
810
811
813
814
815
816
817
818
819
820
821
823
824
825
826
827
828
829
830
831
832
833
835
837
838
839
845
846
847
848
849
850
851
852
854
858
859
860
861
862
863
864
865
866
867
868
871
872
873
874
876
877
879
881
882
883
885
886
889
890
892
898
899
900
901
902
903
904
905
906
916
917
918
919
921
922
923
929
930
931
933
934
935
936
937
940
941
942
943
944
945
947
948
949
950
953
954
955
956
957
958
961
963
964
967
971
974
976
977
978
979
980
982
983
984
986
989
990
991
992
993
995
996
997
998
1003
1004
1005
1006
1007
1008
1009
1010
1011
1016
1017
1018
1019
1020
1021
1023
1024
1028
1029
1030
1031
1032
1033
1034
1035
1036
1037
1040
1041
1042
1043
1045
1047
1048
1049
1053
1054
1055
1056
1060
1061
1062
1063
1067
1068
1069
1070
1071
1072
1074
1075
1076
1081
1082
1083
1084
1086
1087
1095
1096
1099
1100
1103
1104
1105
1109
1110
1111
1112
1113
1114
1115
1116
1117
1118
1123
1124
1125
1126
1127
1132
1133
1134
1135
1136
1139
1140
1141
1142
1145
1146
1147
1148
1149
1150
1153
1154
1155
1158
1159
1160
1161
1162
1164
1165
1173
1174
1177
1178
1180
1186
1187
1188
1189
1190
1192
1193
1194
1196
1197
1198
1199
1200
1201
1202
1203
1204
1205
1206
1207
1210
1211
1212
1213
1215
1216
1217
1218
1219
1222
1223
1224
1225
1228
1229
1230
1231
1232
1235
1236
1237
1238
1239
1240
1242
1243
1244
1245
1246
1250
1251
1252
1256
1257
1258
1259
1264
1265
1269
1270
1272
1273
1280
1281
1282
1283
1284
1285
1286
1288
1289
1290
1291
1292
1293
1294
1295
1296
1301
1302
1303
1304
1305
1307
1308
1309
1310
1311
1315
1316
1317
1318
1319
1321
1322
1323
1324
1328
1329
1330
1331
1332
1333
1342
1343
1344
1345
1346
1348
1349
1355
1357
1358
1359
1360
1361
1362
1363
1365
1366
1367
1368
1369
1370
1371
1372
1373
1374
1375
1376
1378
1379
1380
1381
1382
1383
1384
1385
1386
1387
1388
1389
1391
1392
1393
1394
1395
1396
1397
1398
1399
1400
1401
1403
1404
1405
1406
1407
1410
1411
1412
1413
1414
1415
1417
1418
1424
1425
1426
1427
1428
1430
1431
1434
1439
1440
1441
1442
1447
1452
1453
1454
1455
1456
1457
1458
1459
1460
1462
1463
1464
1469
1470
1471
1472
1474
1476
1477
1479
1482
1483
1484
1485
1486
1487
1488
1490
1495
1496
1497
1498
1499
1500
1501
1502
1503
1505
1506
1507
1511
1513
1514
1515
1516
1517
1518
1519
1523
1524
1525
1526
1527
1528
1529
1530
1531
1532
1533
1534
1535
1536
1537
1538
1539
1541
1542
1543
1544
1545
1547
1548
1549
1550
1551
1552
1554
1555
1556
1557
1558
1560
1561
1562
1563
1566
1567
1568
1569
1570
1572
1573
1574
1575
1576
1578
1579
1580
1581
1582
1583
1584
1586
1587
1593
1594
1595
1597
1599
1600
1608
1610
1612
1613
1614
1615
1616
1624
1625
1626
1627
1628
1632
1634
1635
1637
1638
1639
1640
1641
1642
1643
1644
1647
1648
1650
1651
1652
1653
1654
1655
1656
1657
1658
1659
1664
1665
1666
1667
1668
1669
1670
1671
1672
1674
1675
1679
1680
1681
1682
1683
1684
1685
1686
1687
1690
1691
1692
1694
1695
1696
1697
1698
1701
1702
1703
1704
1705
1706
1707
1708
1709
1710
1711
1713
1714
1715
1716
1717
1718
1719
1720
1721
1722
1723
1724
1725
1726
1727
1728
1729
1730
1731
1732
1733
1735
1736
1737
1738
1739
1740
1741
1742
1743
1744
1745
1748
1749
1750
1751
1752
1753
1754
1761
1762
1763
1764
1765
1769
1779
1780
1781
1782
1783
1784
1785
1788
1790
1791
1792
1793
1794
1796
1797
1798
1801
1802
1803
1804
1806
1807
1808
1809
1811
1812
1813
1814
1815
1817
1819
1820
1821
1822
1826
1827
1828
1829
1832
1835
1838
1839
1840
1841
1842
1843
1844
1845
1848
1849
1851
1852
1853
1854
1855
1857
1858
1859
1860
1861
1862
1863
1865
1866
1867
1868
1869
1870
1871
1872
1873
1874
1875
1876
1878
1879
1880
1881
1884
1885
1886
1887
1888
1889
1891
1892
1893
1894
1895
1896
1897
1898
1899
1900
1901
1902
1904
1905
1906
1907
1908
1909
1910
1911
1912
1914
1915
1916
1917
1918
1919
1920
1921
1922
1923
1925
1926
1927
1930
1931
1932
1933
1934
1935
1941
1942
1951
1952
1953
1954
1955
1956
1957
1958
1961
1962
1963
1964
1965
1966
1969
1970
1976
1977
1978
1980
1983
1984
1985
1986
1987
1989
1992
1995
1996
1997
1998
1999
2001
2002
2003
2005
2009
2010
2011
2012
2014
2015
2016
2017
2018
2022
2023
2024
2025
2026
2027
2028
2029
2030
2035
2036
2037
2038
2039
2043
2044
2046
2047
2048
2049
2050
2051
2052
2056
2057
2058
2060
2061
2062
2063
2064
2070
2071
2072
2073
2075
2077
2081
2082
2083
2084
2085
2089
2090
2091
2094
2095
2096
2097
2099
2102
2103
2112
2116
2117
2122
2125
2127
2128
2129
2130
2134
2135
2136
2137
2138
2139
2140
2142
2147
2148
2149
2151
2152
2153
2154
2160
2161
2162
2165
2166
2167
2168
2170
2172
2173
2174
2176
2177
2178
2179
2180
2181
2182
2185
2186
2188
2189
2190
2191
2192
2193
2194
2195
2196
