3
10
11
21
22
23
24
25
26
27
28
29
30
31
32
46
57
58
59
60
61
62
63
64
65
66
67
96
97
98
99
100
101
102
103
104
114
115
121
122
132
133
134
135
136
137
138
139
149
150
151
157
168
169
170
171
172
173
174
175
185
199
200
201
202
203
204
205
206
207
208
209
210
235
236
237
238
241
244
245
246
262
298
299
300
301
302
334
335
336
337
338
348
349
370
371
372
373
374
375
383
384
405
406
407
408
409
410
411
412
419
420
424
434
435
439
443
444
445
455
456
460
461
470
471
472
479
480
496
497
506
507
508
509
510
511
512
549
550
551
586
587
604
605
606
640
641
642
643
651
675
676
677
678
687
711
712
713
714
727
728
729
735
736
737
749
750
763
764
765
771
772
773
774
780
781
786
800
801
802
814
815
816
837
838
846
847
848
849
850
851
873
874
878
882
883
884
885
886
887
909
921
922
923
945
946
947
950
951
958
959
960
961
962
981
982
983
987
993
994
995
996
997
998
1010
1014
1017
1018
1019
1027
1028
1029
1030
1031
1032
1033
1044
1045
1046
1047
1049
1050
1051
1052
1053
1054
1063
1066
1067
1068
1072
1073
1080
1081
1082
1083
1086
1087
1088
1089
1090
1101
1102
1103
1105
1106
1107
1108
1109
1117
1118
1121
1122
1123
1124
1125
1132
1136
1137
1138
1139
1140
1141
1142
1144
1145
1146
1156
1157
1158
1159
1160
1167
1168
1169
1170
1171
1172
1173
1174
1175
1176
1177
1178
1179
1180
1181
1182
1183
1192
1193
1194
1195
1196
1203
1204
1205
1206
1207
1211
1212
1213
1214
1215
1217
1218
1219
1220
1221
1222
1235
1240
1241
1242
1247
1248
1249
1250
1251
1252
1253
1254
1255
1256
1257
1258
1271
1283
1285
1288
1289
1290
1291
1306
1307
1318
1319
1320
1321
1322
1323
1324
1325
1326
1327
1342
1343
1354
1355
1356
1357
1358
1359
1360
1361
1362
1363
1378
1379
1380
1381
1382
1383
1394
1395
1396
1397
1398
1399
1409
1414
1415
1416
1417
1418
1419
1431
1432
1433
1434
1435
1451
1452
1453
1454
1465
1466
1469
1470
1497
1498
1499
1500
1501
1505
1506
1533
1534
1535
1536
1541
1542
1558
1559
1560
1561
1593
1594
1595
1596
1597
1598
1611
1612
1630
1631
1632
1633
1634
1643
1644
1645
1646
1647
1666
1667
1668
1669
1670
1671
1672
1678
1679
1680
1681
1684
1685
1698
1699
1703
1704
1705
1706
1707
1708
1714
1715
1716
1721
1730
1731
1734
1735
1740
1741
1750
1751
1752
1756
1757
1766
1767
1770
1771
1776
1777
1782
1793
1802
1803
1806
1807
1808
1812
1813
1818
1819
1848
1849
1882
1883
1884
1885
1910
1918
1919
1920
1936
1937
1938
1946
1947
1971
1972
1973
1983
1984
1986
1987
1994
1995
2007
2008
2009
2010
2019
2020
2022
2023
2024
2030
2031
2032
2045
2046
2059
2060
2061
2066
2067
2068
2069
2070
2076
2077
2096
2097
2103
2104
2111
2112
2132
2133
2134
2143
2144
2145
2146
2179
2180
2181
2182
2183
2217
2218
2219
2242
2243
2247
2248
2254
2255
2257
2258
2276
2277
2278
2279
2283
2284
2291
2292
2293
2294
2306
2307
2308
2309
2310
2311
2312
2313
2314
2315
2323
2324
2327
2328
2329
2340
2341
2342
2343
2344
2345
2346
2348
2349
2350
2351
2358
2359
2363
2364
2365
2376
2377
2378
2384
2385
2397
2398
2399
2413
2414
2419
2420
2421
2427
2428
2429
2430
2431
2432
2433
2434
2435
2436
2437
2438
2439
2440
2441
2442
2452
2453
2454
2455
2456
2463
2464
2465
2466
2467
2468
2471
2472
2473
2474
2475
2476
2477
2478
2479
2489
2490
2491
2492
2499
2500
2501
2502
2503
2508
2509
2510
2511
2512
2513
2514
2515
2516
2517
2518
2544
2545
2546
2547
2548
2549
2550
2551
2552
2553
2554
2567
2580
2581
2586
2587
2602
2603
2615
2616
2617
2618
2619
2620
2621
2622
2638
2639
2641
2642
2643
2644
2651
2652
2653
2654
2655
2656
2657
2658
2673
2674
2675
2676
2677
2678
2679
2680
2681
2682
2683
2691
2692
2693
2694
2709
2710
2711
2712
2713
2714
2715
2716
2717
2718
2719
2728
2729
2747
2748
2749
2750
2766
2795
2796
2802
2830
2831
2832
2837
2838
2854
2855
2856
2857
2858
2867
2881
2882
2889
2890
2891
2892
2893
2894
2906
2907
2908
2909
2928
2929
2930
2931
2941
2942
2943
2944
2945
2946
2963
2964
2965
2966
2967
2974
2975
2976
2980
2981
2982
2994
2995
2999
3000
3001
3002
3003
3009
3010
3011
3012
3017
3030
3031
3032
3034
3036
3037
3038
3039
3045
3046
3047
3048
3049
3066
3067
3068
3069
3072
3073
3078
3083
3103
3104
3105
3108
3109
3113
3114
3115
3140
3141
3144
3145
3150
3169
3180
3181
3209
3210
3215
3216
3217
3231
3232
3233
3243
3246
3247
3252
3253
3254
3255
3267
3268
3269
3278
3279
3280
3281
3282
3283
3289
3290
3291
3299
3315
3316
3317
3318
3319
3325
3326
3327
3351
3352
3353
3354
3355
3356
3361
3362
3363
3391
3397
3398
3399
3412
3433
3434
3439
3440
3441
3442
3443
3474
3475
3476
3477
3478
3479
3507
3508
3515
3528
3538
3543
3544
3564
3569
3570
3571
3572
3573
3574
3575
3576
3579
3580
3585
3586
3587
3588
3589
3590
3596
3604
3605
3606
3607
3608
3609
3610
3611
3615
3616
3619
3620
3621
3622
3624
3625
3626
3627
3640
3645
3646
3654
3655
3656
3659
3672
3681
3690
3694
3695
3716
3717
3724
3725
3729
3730
3731
3732
3733
3736
3737
3738
3747
3748
3749
3750
3751
3752
3753
3759
3760
3764
3765
3767
3768
3769
3770
3771
3772
3773
3774
3775
3783
3784
3785
3786
3787
3788
3789
3795
3796
3804
3805
3806
3807
3808
3809
3810
3840
3841
3842
3843
3844
3845
3846
3863
3876
3877
3878
3879
3880
3881
3882
3898
3899
3900
3901
3902
3903
3904
3906
3907
3908
3912
3913
3914
3915
3917
3918
3933
3934
3935
3936
3937
3938
3939
3940
3941
3942
3943
3948
3949
3952
3953
3954
3969
3970
3971
3972
3973
3974
3975
3976
3977
3978
3979
3980
4005
4006
4007
4008
4009
4010
4011
4012
4013
4014
4015
4041
4042
4043
4044
4045
4047
4048
4118
4119
4120
4149
4150
4151
4152
4153
4154
4155
4163
4177
4178
4186
4187
4188
4189
4190
4191
4203
4204
4205
4212
4223
4224
4225
4226
4227
4228
4238
4239
4240
4241
4256
4258
4259
4260
4261
4262
4263
4264
4273
4274
4275
4276
4277
4282
4290
4291
4292
4293
4294
4295
4296
4297
4298
4299
4305
4306
4307
4308
4309
4310
4326
4327
4328
4329
4330
4331
4332
4333
4334
4340
4341
4342
4343
4344
4345
4362
4363
4364
4365
4366
4367
4368
4374
4376
4377
4378
4379
4380
4381
4400
4401
4402
4410
4411
4415
4416
4436
4437
4441
4445
4446
4452
4453
4476
4477
4482
4486
4488
4489
4491
4492
4504
4505
4506
4507
4511
4512
4513
4518
4519
4520
4521
4523
4526
4527
4528
4529
4538
4539
4540
4541
4542
4543
4547
4548
4549
4550
4554
4555
4556
4557
4558
4559
4560
4562
4563
4564
4574
4575
4576
4577
4578
4579
4584
4585
4586
4587
4592
4593
4594
4595
4611
4612
4613
4614
4621
4622
4631
4647
4648
4649
4650
4651
4656
4657
4658
4684
4685
4686
4687
4692
4693
4694
4695
4700
4701
4708
4709
4710
4721
4722
4723
4729
4730
4735
4736
4737
4738
4739
4740
4744
4745
4746
4758
4765
4766
4771
4772
4773
4774
4775
4776
4803
4804
4805
4810
4811
4812
4824
4825
4829
4830
4839
4840
4841
4856
4857
4860
4865
4866
4867
4868
4870
4871
4872
4874
4875
4876
4881
4882
4883
4886
4887
4892
4893
4894
4895
4901
4902
4903
4904
4905
4906
4907
4911
4915
4916
4917
4918
4919
4920
4921
4922
4923
4941
4942
4947
4951
4952
4953
4958
4959
4988
5009
5010
5011
5012
5024
5025
5026
5027
5028
5032
5033
5034
5043
5044
5045
5046
5047
5048
5055
5056
5060
5061
5062
5063
5064
5065
5068
5069
5070
5079
5080
5081
5082
5083
5084
5091
5092
5096
5097
5099
5100
5101
5104
5105
5106
5126
5127
5128
5136
5137
5138
5139
5141
5142
5160
5162
5163
5164
5172
5173
5174
5177
5178
5196
5197
5198
5199
5200
5201
5202
5203
5204
5208
5209
5213
5232
5233
5234
5235
5236
5237
5238
5239
5266
5268
5269
5270
5271
5272
5273
5274
5275
5276
5301
5302
5303
5304
5305
5306
5307
5308
5309
5310
5337
5338
5339
5340
5341
5342
5343
5344
5373
5374
5375
5377
5378
5379
5409
5410
5411
5413
5414
5415
5445
5446
5447
5448
5449
5450
5451
5472
5473
5481
5482
5483
5484
5485
5486
5487
5496
5505
5506
5507
5508
5516
5517
5518
5519
5520
5521
5522
5523
5524
5541
5542
5543
5544
5550
5551
5552
5553
5554
5555
5556
5557
5558
5559
5560
5561
5569
5570
5571
5577
5578
5579
5585
5586
5587
5588
5589
5590
5591
5592
5593
5594
5595
5602
5603
5604
5605
5606
5614
5621
5622
5623
5624
5625
5626
5627
5628
5629
5636
5637
5638
5639
5640
5641
5642
5658
5659
5660
5661
5662
5663
5664
5672
5673
5674
5675
5676
5677
5695
5696
5697
5698
5706
5707
5710
5711
5712
5713
5731
5733
5741
5742
5743
5748
5749
5761
5764
5765
5778
5779
5782
5784
5785
5786
5797
5798
5799
5800
5801
5802
5807
5808
5813
5814
5815
5816
5819
5820
5821
5822
5823
5834
5835
5836
5837
5838
5839
5842
5843
5844
5845
5849
5850
5851
5852
5853
5854
5855
5856
5858
5859
5870
5871
5872
5873
5874
5875
5879
5880
5881
5882
5888
5889
5890
5891
5892
5908
5909
5910
5911
5925
5928
5944
5945
5946
5947
5951
5952
5960
5969
5980
5981
5982
5983
5987
5988
5989
5996
5997
5998
6004
6005
6006
6017
6018
6024
6025
6026
6032
6033
6034
6035
6036
6040
6041
6053
6054
6061
6062
6063
6064
6067
6068
6069
6070
6071
6072
6085
6086
6089
6090
6099
6100
6101
6102
6107
6120
6121
6122
6123
6124
6135
6136
6137
6138
6153
6154
6155
6156
6157
6158
6168
6169
6170
6171
6178
6179
6180
6189
6190
6191
6202
6203
6204
6205
6206
6207
6212
6213
6214
6215
6216
6218
6219
6225
6226
6248
6249
6250
6251
6252
6254
6255
6256
6257
6264
6265
6267
6268
6269
6284
6285
6292
6293
6301
6302
6303
6304
6305
6306
6307
6313
6315
6316
6320
6321
6322
6329
6337
6338
6339
6340
6341
6342
6343
6344
6349
6351
6352
6356
6357
6358
6359
6360
6365
6366
6374
6375
6376
6377
6378
6379
6380
6386
6387
6388
6393
6395
6396
6397
6401
6402
6421
6422
6423
6424
6432
6433
6437
6438
6456
6457
6458
6459
6460
6462
6463
6468
6469
6473
6492
6493
6494
6495
6496
6497
6498
6499
6504
6528
6529
6530
6531
6532
6533
6534
6565
6566
6567
6569
6599
6600
6601
6602
6603
6604
6633
6634
6635
6636
6637
6638
6639
6668
6669
6670
6671
6672
6673
6674
6687
6704
6705
6706
6707
6708
6709
6710
6723
6732
6740
6741
6742
6743
6744
6745
6746
6763
6764
6765
6766
6768
6769
6775
6776
6777
6778
6779
6780
6781
6782
6800
6801
6802
6803
6804
6809
6810
6811
6812
6813
6814
6815
6816
6817
6818
6819
6820
6836
6837
6838
6839
6845
6846
6847
6848
6849
6850
6851
6852
6853
6854
6855
6856
6857
6858
6866
6873
6874
6875
6880
6881
6882
6883
6884
6885
6886
6887
6888
6889
6890
6893
6895
6896
6898
6899
6900
6901
6902
6916
6917
6918
6919
6920
6921
6922
6923
6924
6925
6932
6933
6934
6935
6936
6937
6954
6955
6956
6957
6958
6959
6960
6968
6969
6970
6971
6972
6973
6990
6991
6992
6993
6994
7002
7003
7005
7006
7007
7008
7009
7026
7027
7028
7037
7038
7039
7042
7043
7044
7045
7057
7058
7059
7060
7061
7062
7063
7074
7075
7080
7081
7082
7093
7094
7095
7096
7097
7098
7103
7108
7110
7111
7116
7117
7118
7119
7130
7131
7132
7133
7134
7135
7138
7139
7140
7145
7146
7147
7148
7152
7166
7167
7168
7169
7170
7171
7175
7176
7181
7182
7184
7185
7186
7187
7188
7203
7204
7205
7206
7207
7220
7221
7222
7223
7239
7240
7241
7242
7243
7256
7257
7258
7259
7265
7276
7277
7278
7283
7284
7285
7286
7292
7293
7294
7300
7301
7302
7312
7313
7314
7319
7320
7321
7322
7329
7345
7348
7349
7350
7356
7357
7358
7359
7360
7380
7381
7382
7383
7384
7385
7386
7395
7396
7397
7398
7416
7417
7418
7419
7420
7421
7431
7432
7433
7434
7450
7452
7453
7454
7465
7466
7467
7468
7475
7476
7485
7486
7487
7488
7500
7501
7502
7503
7504
7510
7511
7512
7522
7523
7524
7536
7537
7545
7546
7547
7548
7552
7553
7558
7559
7561
7562
7563
7564
7565
7566
7575
7576
7581
7582
7583
7584
7588
7589
7596
7597
7598
7599
7600
7601
7602
7603
7608
7609
7611
7612
7617
7625
7633
7634
7635
7636
7637
7638
7644
7645
7647
7648
7661
7670
7671
7672
7673
7681
7719
7728
7755
7756
7764
7790
7791
7806
7807
7825
7826
7827
7861
7862
7878
7896
7897
7898
7913
7914
7928
7929
7930
7931
7932
7933
7949
7950
7964
7965
7966
7967
7968
7969
7983
7984
7985
8000
8001
8002
8003
8004
8018
8019
8020
8035
8036
8037
8038
8039
8040
8047
8048
8064
8071
8072
8073
8074
8075
8076
8083
8084
8096
8097
8098
8099
8100
8105
8106
8107
8108
8109
8110
8111
8112
8113
8120
8132
8133
8134
8135
8141
8142
8143
8144
8145
8146
8147
8148
8149
8150
8152
8153
8154
8155
8162
8163
8169
8170
8171
8176
8177
8178
8179
8180
8181
8182
8183
8184
8185
8188
8189
8190
8191
8192
8195
8196
8197
8198
8211
8212
8213
8214
8215
8216
8217
8218
8219
8220
8230
8231
8232
8233
8248
8249
8250
8251
8252
8253
8254
8255
8266
8267
8268
8286
8287
8288
8289
8290
8302
8303
8304
8305
8322
8323
8337
8338
8339
8340
8341
8353
8354
8355
8356
8357
8358
8374
8375
8377
8378
8389
8390
8391
8392
8393
8394
8395
8413
8414
8425
8426
8427
8428
8429
8430
8431
8432
8433
8434
8442
8462
8463
8464
8465
8466
8467
8468
8469
8470
8471
8499
8500
8501
8502
8503
8517
8518
8519
8532
8535
8536
8537
8538
8539
8552
8553
8554
8555
8568
8571
8572
8573
8574
8589
8590
8603
8604
8605
8608
8609
8616
8617
8618
8639
8640
8641
8644
8645
8646
8654
8655
8674
8675
8676
8677
8678
8679
8680
8681
8682
8692
8693
8694
8713
8714
8715
8716
8717
8727
8728
8729
8730
8749
8750
8751
8763
8764
8765
8771
8772
8784
8785
8786
8796
8797
8799
8800
8805
8806
8807
8808
8809
8819
8820
8821
8832
8833
8841
8842
8843
8844
8845
8854
8855
8856
8857
8858
8859
8860
8861
8862
8868
8869
8871
8872
8877
8878
8879
8892
8893
8894
8895
8896
8897
8898
8899
8904
8905
8907
8908
8928
8929
8930
8931
8932
8933
8934
8940
8941
8965
8966
8967
8968
8969
9031
9087
9101
9102
9103
9122
9123
9137
9138
9152
9157
9158
9173
9174
9188
9189
9192
9193
9194
9209
9210
9223
9224
9225
9226
9227
9228
9229
9244
9245
9246
9259
9260
9261
9262
9263
9264
9265
9279
9280
9281
9295
9296
9297
9298
9299
9300
9315
9316
9328
9329
9330
9331
9332
9333
9334
9335
9343
9344
9360
9363
9364
9365
9366
9367
9368
9369
9370
9380
9381
9382
9383
9393
9394
9395
9396
9400
9401
9402
9403
9404
9405
9406
9414
9418
9423
9424
9429
9430
9431
9436
9437
9438
9439
9440
9441
9442
9443
9444
9449
9450
9456
9457
9458
9459
9460
9465
9466
9472
9473
9474
9475
9476
9477
9478
9479
9480
9481
9485
9486
9491
9492
9493
9508
9509
9510
9511
9512
9513
9514
9515
9516
9527
9528
9543
9544
9545
9548
9549
9550
9551
9563
9564
9598
9599
9600
9601
9633
9634
9635
9636
9637
9638
9649
9651
9652
9653
9654
9670
9671
9672
9673
9674
9675
9685
9686
9687
9688
9689
9690
9691
9692
9707
9708
9709
9710
9711
9721
9722
9723
9724
9725
9726
9727
9728
9729
9730
9757
9758
9759
9760
9761
9762
9763
9764
9765
9766
9792
9793
9794
9795
9796
9797
9798
9799
9813
9814
9826
9828
9829
9830
9831
9832
9833
9834
9835
9848
9849
9850
9851
9862
9863
9864
9865
9866
9867
9869
9885
9898
9899
9900
9901
9902
9903
9934
9935
9936
9937
9938
9939
9940
9970
9971
9972
9973
9974
9975
9976
9977
9990
9991
10009
10010
10011
10012
10013
10023
10024
10025
10026
10027
10045
10046
10047
10048
10059
10060
10061
10067
10068
10069
10080
10081
10082
10083
10092
10093
10096
10101
10102
10103
10104
10105
10116
10117
10118
10119
10128
10129
10132
10137
10138
10139
10140
10141
10152
10153
10154
10155
10156
10157
10158
10159
10164
10165
10167
10168
10173
10174
10188
10189
10190
10191
10192
10193
10194
10195
10196
10200
10201
10203
10204
10224
10225
10226
10227
10228
10229
10230
10261
10262
10263
10264
10265
10290
10291
10326
10327
10347
10362
10363
10382
10383
10384
10398
10399
10418
10419
10448
10449
10453
10454
10455
10483
10484
10485
10486
10488
10489
10490
10491
10518
10519
10520
10521
10522
10523
10524
10525
10526
10541
10554
10555
10556
10557
10558
10559
10560
10561
10562
10576
10577
10589
10590
10591
10592
10593
10595
10596
10603
10612
10623
10624
10625
10626
10627
10628
10629
10630
10631
10639
10640
10659
10660
10661
10662
10663
10664
10666
10679
10682
10683
10684
10691
10695
10696
10697
10698
10699
10700
10701
10702
10717
10718
10719
10720
10725
10726
10727
10732
10733
10734
10735
10736
10737
10738
10739
10752
10753
10754
10755
10756
10761
10762
10770
10771
10772
10773
10774
10775
10788
10803
10804
10808
10809
10810
10811
10822
10823
10824
10840
10844
10845
10846
10847
10858
10859
10860
10894
10895
10896
10897
10930
10931
10932
10933
10934
10948
10949
10950
10966
10967
10968
10969
10970
10978
10982
10983
10984
10985
10986
11003
11004
11005
11006
11013
11014
11017
11018
11019
11020
11021
11022
11023
11024
11040
11041
11052
11053
11054
11055
11056
11057
11058
11059
11060
11086
11087
11088
11089
11090
11091
11092
11093
11094
11109
11110
11122
11123
11124
11125
11126
11127
11128
11129
11130
11140
11141
11142
11143
11144
11145
11158
11159
11160
11161
11162
11175
11176
11177
11178
11179
11193
11194
11195
11196
11197
11198
11229
11230
11231
11232
11233
11234
11235
11253
11265
11266
11267
11269
11270
11271
11272
11283
11285
11286
11287
11288
11289
11290
11305
11306
11307
11308
11309
11318
11319
11320
11321
11322
11323
11342
11343
11344
11345
11353
11354
11356
11357
11364
11365
11367
11368
11379
11380
11389
11390
11392
11399
11400
11401
11402
11416
11424
11425
11426
11428
11436
11437
11449
11453
11454
11455
11460
11461
11462
11463
11464
11485
11486
11489
11490
11491
11492
11496
11497
11499
11500
11514
11517
11520
11521
11522
11523
11526
11527
11537
11550
11551
11552
11557
11558
11572
11573
11586
11587
11588
11607
11608
11609
11623
11642
11643
11644
11659
11678
11679
11680
11681
11714
11715
11716
11743
11744
11745
11748
11749
11750
11751
11752
11778
11779
11780
11781
11782
11783
11784
11785
11786
11787
11813
11814
11815
11816
11820
11821
11822
11823
11848
11849
11850
11851
11855
11856
11857
11858
11859
11884
11885
11886
11887
11891
11892
11893
11894
11920
11921
11922
11923
11928
11929
11955
11956
11957
11958
11959
11978
11979
11980
11981
11991
11992
11993
11994
11995
11996
12014
12015
12016
12022
12031
12032
12033
12034
12058
12067
12068
12069
12070
12071
12104
12105
12106
12107
12119
12120
12141
12142
12143
12154
12155
12156
12168
12169
12190
12191
12204
12208
12209
12236
12237
12238
12239
12244
12245
12265
12266
12272
12273
12274
12279
12280
12281
12282
12300
12301
12302
12309
12310
12314
12315
12316
12317
12318
12319
12336
12337
12349
12350
12351
12352
12353
12354
12355
12382
12383
12384
12385
12386
12387
12389
12390
12401
12417
12418
12419
12420
12422
12435
12436
12437
12438
12453
12454
12455
12456
12457
12471
12472
12473
12474
12489
12490
12491
12492
12493
12525
12526
12527
12528
12529
12535
12547
12548
12549
12562
12563
12565
12566
12567
12570
12571
12572
12578
12579
12580
12581
12582
12583
12584
12585
12586
12602
12603
12604
12605
12613
12614
12615
12616
12617
12618
12619
12628
12639
12640
12641
12649
12652
12653
12660
12661
12663
12664
12675
12676
12685
12688
12689
12696
12697
12721
12722
12723
12724
12725
12749
12750
12751
12757
12758
12759
12760
12785
12786
12787
12788
12794
12795
12796
12797
12810
12811
12812
12813
12816
12817
12818
12822
12823
12832
12833
12834
12845
12846
12847
12848
12849
12850
12851
12852
12853
12867
12868
12869
12870
12883
12886
12887
12902
12903
12904
12905
12935
12938
12939
12940
12970
12974
12975
12976
12977
12978
13009
13010
13011
13012
13013
13038
13039
13044
13045
13046
13047
13048
13057
13071
13073
13074
13075
13076
13080
13081
13082
13083
13093
13108
13109
13110
13111
13116
13117
13118
13119
13135
13143
13144
13145
13146
13147
13151
13152
13153
13154
13155
13179
13180
13181
13182
13187
13188
13189
13190
13217
13218
13222
13223
13224
13225
13226
13240
13241
13242
13251
13252
13254
13258
13259
13275
13276
13277
13278
13287
13311
13327
13328
13363
13364
13365
13366
13379
13399
13400
13401
13402
13415
13436
13437
13451
13464
13465
13468
13500
13501
13504
13505
13532
13533
13534
13535
13536
13540
13541
13561
13562
13568
13569
13570
13571
13575
13576
13577
13578
13596
13597
13598
13605
13606
13611
13612
13613
13614
13620
13626
13631
13632
13633
13646
13647
13661
13668
13669
13675
13677
13697
13711
13712
13713
13714
13731
13732
13733
13749
13750
13752
13767
13768
13786
13787
13788
13789
13802
13803
13804
13808
13809
13825
13830
13831
13832
13838
13839
13840
13841
13842
13843
13844
13845
13861
13862
13863
13865
13866
13867
13868
13874
13875
13876
13877
13878
13879
13880
13881
13898
13899
13900
13901
13910
13911
13912
13913
13915
13917
13924
13925
13936
13937
13960
13972
13973
13984
13993
14008
14009
14017
14018
14019
14020
14045
14046
14047
14048
14053
14054
14055
14056
14065
14071
14072
14073
14081
14082
14083
14084
14090
14091
14092
14093
14100
14101
14107
14108
14109
14110
14112
14113
14114
14117
14118
14119
14126
14127
14128
14129
14130
14131
14144
14145
14146
14147
14148
14149
14150
14162
14163
14164
14165
14166
14182
14183
14194
14198
14199
14200
14201
14202
14230
14234
14235
14236
14237
14238
14269
14270
14271
14272
14273
14274
14305
14306
14307
14308
14309
14330
14331
14332
14333
14334
14340
14341
14342
14343
14351
14352
14358
14359
14366
14367
14368
14369
14370
14371
14377
14378
14379
14386
14387
14388
14394
14395
14403
14404
14405
14406
14407
14413
14414
14415
14430
14431
14439
14440
14441
14442
14443
14448
14449
14450
14451
14467
14475
14476
14478
14479
14483
14484
14485
14486
14503
14511
14517
14518
14519
14520
14521
14522
14535
14536
14537
14538
14539
14553
14554
14555
14556
14557
14571
14572
14573
14574
14623
14658
14659
14661
14662
14694
14695
14696
14697
14698
14731
14732
14733
14760
14767
14768
14769
14796
14797
14828
14829
14830
14831
14832
14836
14837
14851
14856
14857
14858
14865
14866
14867
14872
14873
14881
14886
14887
14889
14892
14893
14894
14901
14902
14903
14908
14909
14915
14916
14922
14923
14925
14926
14927
14928
14929
14930
14937
14938
14951
14952
14956
14957
14958
14961
14964
14965
14970
14971
14972
14973
14974
15006
15007
15008
15009
15010
15027
15033
15043
15045
15046
15047
15048
15062
15063
15064
15068
15069
15088
15089
15090
15091
15097
15098
15099
15100
15104
15105
15122
15125
15126
15127
15128
15132
15133
15134
15135
15136
15140
15141
15158
15159
15160
15161
15162
15163
15164
15169
15170
15171
15172
15176
15195
15196
15197
15198
15205
15207
15213
15232
15233
15253
15254
15261
15268
15269
15277
15289
15290
15297
15304
15305
15313
15314
15316
15325
15326
15333
15340
15341
15342
15349
15350
15351
15352
15360
15361
15362
15367
15368
15369
15377
15378
15379
15385
15386
15387
15396
15397
15398
15403
15404
15405
15406
15408
15409
15410
15412
15413
15414
15415
15422
15423
15424
15425
15426
15427
15428
15433
15441
15444
15445
15446
15447
15459
15460
15461
15462
15463
15464
15482
15483
15490
15494
15495
15496
15497
15498
15499
15526
15530
15531
15532
15533
15534
15535
15561
15566
15567
15568
15569
15570
15591
15602
15603
15604
15605
15626
15627
15628
15638
15639
15640
15642
15643
15644
15645
15646
15647
15648
15654
15655
15662
15663
15664
15665
15666
15667
15674
15675
15677
15678
15679
15680
15681
15682
15683
15684
15690
15691
15699
15700
15702
15703
15709
15710
15711
15717
15718
15719
15726
15727
15735
15736
15738
15739
15744
15745
15746
15747
15748
15763
15764
15771
15772
15780
15781
15782
15783
15784
15789
15790
15799
15800
15807
15814
15815
15816
15817
15818
15819
15825
15831
15832
15833
15834
15835
15850
15851
15852
15853
15860
15861
15867
15868
15869
15882
15895
15896
15897
15918
15931
15932
15953
15954
15955
15957
15990
15991
15992
15993
15994
16027
16028
16029
16042
16063
16064
16074
16075
16077
16078
16079
16080
16081
16110
16111
16112
16113
16114
16115
16116
16117
16118
16128
16129
16146
16147
16148
16149
16150
16151
16152
16153
16154
16161
16162
16163
16164
16165
16182
16183
16184
16185
16186
16188
16189
16197
16198
16199
16211
16212
16218
16219
16220
16221
16222
16224
16225
16230
16231
16232
16233
16234
16247
16248
16254
16255
16256
16257
16258
16260
16261
16266
16267
16268
16269
16270
16271
16283
16284
16289
16290
16291
16292
16293
16294
16302
16303
16304
16305
16306
16307
16308
16310
16311
16322
16327
16328
16329
16330
16340
16341
16342
16343
16347
16348
16349
16357
16358
16359
16363
16364
16365
16377
16378
16379
16382
16383
16384
16385
16386
16392
16393
16394
16395
16400
16418
16419
16420
16421
16422
16423
16429
16430
16431
16455
16456
16457
16458
16464
16465
16466
16467
16492
16493
16513
16514
16528
16529
16546
16549
16550
16557
16565
16573
16582
16585
16586
16593
16609
16610
16618
16621
16622
16623
16645
16646
16654
16656
16657
16658
16659
16671
16672
16673
16680
16681
16689
16690
16692
16693
16694
16695
16705
16706
16707
16708
16709
16716
16717
16723
16724
16725
16741
16742
16743
16756
16757
16758
16759
16760
16777
16778
16779
16785
16792
16793
16794
16795
16815
16821
16822
16827
16828
16829
16830
16856
16857
16863
16864
16865
16899
16900
16903
16921
16922
16923
16924
16938
16939
16940
16942
16943
16958
16959
16960
16963
16964
16973
16974
16975
16976
16978
16979
16995
16996
16998
16999
17000
17001
17009
17014
17015
17035
17036
17043
17044
17045
17050
17051
17059
17060
17067
17078
17079
17080
17086
17087
17088
17093
17095
17096
17097
17103
17104
17105
17111
17115
17120
17121
17123
17128
17129
17130
17131
17140
17141
17147
17148
17156
17157
17158
17164
17165
17176
17177
17192
17193
17213
17214
17227
17228
17249
17250
17251
17285
17286
17287
17288
17289
17322
17323
17324
17337
17338
17341
17370
17371
17372
17373
17374
17375
17376
17377
17378
17406
17407
17408
17409
17410
17411
17412
17413
17424
17425
17442
17443
17444
17445
17446
17447
17448
17449
17457
17458
17460
17461
17478
17479
17480
17481
17482
17492
17493
17494
17495
17496
17497
17514
17515
17516
17517
17518
17526
17527
17528
17529
17530
17531
17532
17533
17550
17551
17552
17553
17554
17558
17562
17563
17564
17565
17566
17567
17568
17569
17585
17586
17587
17588
17589
17590
17593
17594
17599
17600
17601
17602
17603
17604
17605
17606
17607
17608
17618
17622
17623
17624
17625
17629
17630
17636
17637
17638
17639
17640
17641
17642
17643
17644
17645
17653
17654
17658
17659
17660
17665
17673
17674
17675
17676
17677
17678
17679
17680
17681
17689
17690
17694
17701
17710
17711
17712
17713
17715
17716
17717
17725
17726
17737
17751
17752
17753
17761
17762
17773
17774
17788
17789
17809
17810
17842
17843
17845
17846
17858
17859
17869
17878
17879
17880
17881
17882
17883
17905
17914
17915
17916
17917
17918
17919
17932
17939
17940
17941
17949
17950
17951
17952
17953
17954
17955
17956
17967
17968
17969
17975
17976
17977
17985
17986
17987
17988
17989
17990
17991
17992
18002
18003
18004
18005
18012
18019
18020
18021
18022
18023
18024
18025
18038
18039
18045
18052
18053
18054
18055
18056
18057
18073
18074
18075
18081
18088
18089
18090
18091
18117
18124
18125
18151
18152
18153
18159
18160
18161
18181
18182
18188
18200
18217
18218
18219
18223
18224
18234
18235
18236
18253
18254
18255
18256
18259
18260
18261
18262
18269
18270
18271
18291
18295
18296
18297
18298
18299
18304
18305
18306
18330
18331
18332
18333
18334
18340
18341
18342
18347
18348
18365
18366
18367
18382
18383
18384
18389
18390
18401
18419
18424
18425
18426
18436
18437
18472
18473
18508
18509
18510
18521
18522
18545
18546
18557
18581
18582
18618
18633
18634
18635
18636
18637
18638
18668
18669
18670
18671
18672
18673
18674
18703
18704
18705
18706
18707
18740
18741
18742
18753
18754
18756
18757
18775
18776
18777
18778
18789
18790
18791
18792
18793
18810
18811
18812
18813
18814
18815
18822
18823
18824
18825
18826
18827
18828
18829
18830
18846
18847
18848
18849
18850
18851
18853
18854
18855
18858
18859
18860
18861
18862
18863
18864
18865
18866
18876
18877
18882
18883
18884
18885
18886
18889
18890
18891
18895
18896
18897
18898
18899
18900
18901
18902
18903
18904
18913
18914
18915
18916
18917
18918
18919
18925
18926
18933
18934
18935
18936
18937
18938
18939
18940
18948
18949
18950
18953
18954
18955
18961
18962
18969
18970
18971
18972
18973
18974
18975
18976
18984
18985
18989
18990
18996
18997
18998
19006
19007
19008
19009
19010
19011
19012
19020
19021
19022
19033
19034
19047
19048
19084
19120
19141
19142
19155
19156
19165
19175
19176
19177
19179
19201
19202
19210
19211
19212
19213
19214
19215
19229
19232
19233
19236
19237
19245
19246
19247
19248
19249
19250
19251
19252
19264
19265
19266
19267
19268
19269
19270
19272
19273
19281
19282
19283
19284
19285
19286
19287
19288
19299
19300
19301
19302
19303
19304
19305
19317
19318
19319
19320
19321
19322
19323
19335
19339
19340
19341
19348
19349
19376
19377
19384
19385
19412
19413
19420
19421
19447
19448
19449
19483
19484
19495
19496
19497
19513
19514
19519
19523
19524
19532
19556
19557
19558
19559
19560
19565
19566
19573
19575
19592
19593
19594
19595
19596
19600
19601
19608
19609
19610
19613
19625
19626
19627
19628
19629
19630
19631
19636
19637
19643
19644
19645
19649
19661
19662
19663
19664
19665
19679
19680
19685
19686
19692
19697
19698
19721
19722
19732
19733
19769
19770
19805
19806
19817
19841
19842
19852
19853
19858
19878
19888
19889
19895
19896
19897
19930
19931
19932
19933
19934
19965
19966
19967
19968
19969
20000
20001
20002
20003
20036
20037
20038
20039
20071
20072
20073
20074
20075
20086
20088
20107
20108
20109
20110
20111
20119
20120
20121
20122
20123
20124
20125
20142
20143
20144
20145
20146
20147
20150
20155
20156
20157
20158
20159
20160
20161
20162
20172
20173
20176
20177
20178
20179
20180
20185
20186
20187
20191
20192
20193
20194
20195
20196
20197
20198
20208
20209
20210
20211
20212
20213
20214
20215
20216
20222
20229
20230
20231
20232
20233
20234
20235
20244
20245
20246
20248
20249
20250
20251
20257
20258
20266
20267
20268
20269
20270
20271
20280
20281
20285
20286
20287
20292
20293
20294
20302
20304
20305
20306
20307
20308
20316
20317
20321
20322
20323
20329
20330
20331
20343
20344
20379
20380
20415
20416
20417
20427
20445
20446
20452
20453
20454
20461
20481
20489
20490
20491
20492
20496
20497
20498
20506
20507
20525
20526
20527
20528
20529
20530
20531
20532
20533
20542
20560
20561
20562
20563
20564
20565
20566
20567
20569
20577
20578
20595
20596
20597
20598
20599
20600
20601
20605
20613
20614
20615
20616
20617
20618
20631
20632
20635
20636
20637
20649
20650
20651
20653
20654
20655
20656
20672
20673
20680
20686
20690
20691
20692
20707
20708
20712
20743
20744
20748
20749
20793
20819
20820
20834
20835
20852
20853
20854
20855
20856
20869
20870
20871
20886
20887
20888
20889
20890
20891
20892
20896
20897
20904
20905
20906
20921
20922
20923
20924
20925
20931
20932
20933
20940
20941
20953
20957
20958
20959
20960
20961
20988
20989
20990
20993
20995
20996
21025
21029
21065
21066
21101
21102
21112
21146
21147
21148
21149
21154
21155
21180
21181
21183
21184
21185
21190
21191
21192
21193
21216
21217
21218
21220
21221
21226
21227
21228
21229
21262
21263
21264
21297
21298
21299
21300
21332
21333
21334
21335
21336
21369
21370
21371
21382
21384
21405
21406
21416
21417
21418
21419
21420
21421
21439
21440
21441
21451
21452
21453
21454
21455
21456
21457
21468
21469
21472
21473
21474
21475
21476
21477
21487
21488
21489
21490
21491
21492
21493
21494
21504
21505
21506
21507
21508
21509
21510
21511
21512
21526
21527
21528
21529
21530
21540
21541
21542
21544
21545
21546
21547
21548
21553
21554
21564
21565
21566
21581
21582
21583
21584
21587
21588
21589
21590
21591
21601
21602
21603
21617
21618
21619
21626
21627
21639
21676
21711
21712
21713
21748
21749
21750
21751
21756
21758
21759
21760
21785
21786
21787
21788
21789
21790
21791
21792
21793
21794
21795
21796
21822
21823
21824
21825
21826
21827
21828
21829
21830
21831
21857
21858
21859
21860
21861
21862
21863
21864
21865
21866
21867
21872
21873
21893
21894
21895
21896
21897
21901
21902
21903
21908
21909
21910
21911
21932
21936
21937
21945
21946
21947
21950
21951
21952
21968
21971
21972
21973
21982
21983
21986
21987
21988
22004
22007
22008
22009
22018
22040
22044
22095
22115
22130
22131
22148
22149
22150
22151
22152
22155
22156
22165
22166
22167
22168
22181
22182
22184
22185
22186
22190
22191
22192
22201
22202
22217
22218
22219
22220
22221
22226
22227
22236
22237
22250
22251
22252
22253
22254
22255
22256
22257
22284
22285
22286
22287
22288
22291
22292
22293
22320
22321
22322
22323
22324
22357
22361
22362
22397
22398
22399
22414
22420
22421
22438
22440
22441
22442
22443
22444
22450
22451
22456
22457
22475
22476
22477
22478
22479
22480
22486
22487
22488
22511
22512
22513
22514
22515
22516
22517
22522
22523
22524
22525
22547
22559
22560
22580
22581
22582
22583
22594
22595
22596
22616
22617
22619
22629
22630
22631
22665
22666
22735
22736
22737
22747
22748
22749
22750
22751
22752
22767
22768
22771
22772
22773
22783
22784
22785
22786
22787
22788
22789
22802
22803
22804
22805
22806
22807
22808
22809
22810
22811
22813
22819
22823
22824
22825
22840
22841
22842
22843
22844
22845
22846
22847
22848
22849
22850
22861
22862
22876
22877
22878
22879
22880
22881
22882
22883
22884
22885
22886
22887
22913
22914
22916
22917
22919
22920
22954
22955
22956
23008
23009
23010
23018
23019
23045
23046
23047
23052
23053
23054
23055
23056
23057
23058
23081
23082
23083
23084
23085
23086
23087
23088
23089
23090
23091
23092
23093
23118
23119
23120
23121
23122
23123
23124
23125
23126
23127
23153
23154
23155
23156
23157
23159
23160
23161
23162
23163
23168
23169
23189
23190
23191
23192
23196
23197
23198
23199
23204
23205
23231
23232
23233
23234
23241
23242
23243
23267
23268
23269
23278
23279
23303
23304
23305
23391
23392
23416
23426
23427
23428
23441
23451
23452
23462
23463
23464
23476
23477
23478
23479
23486
23487
23496
23497
23498
23499
23512
23513
23514
23515
23516
23517
23522
23523
23531
23532
23533
23534
23548
23549
23550
23551
23552
23567
23568
23582
23583
23587
23588
23602
23617
23618
23619
23620
23638
23654
23655
23656
23657
23658
23674
23691
23692
23693
23694
23695
23696
23710
23711
23715
23716
23717
23731
23734
23736
23737
23738
23739
23740
23746
23747
23752
23753
23754
23771
23772
23773
23774
23775
23776
23783
23784
23801
23802
23807
23808
23809
23810
23811
23812
23819
23820
23838
23843
23855
23856
23875
23876
23877
23878
23879
23880
23912
23913
23914
23915
23916
24043
24044
24063
24064
24065
24068
24069
24070
24071
24072
24078
24079
24080
24099
24100
24101
24102
24103
24104
24105
24106
24107
24108
24109
24115
24116
24136
24137
24138
24139
24140
24141
24142
24143
24144
24145
24146
24172
24173
24174
24175
24176
24177
24178
24179
24180
24181
24208
24211
24212
24213
24214
24215
24216
24250
24251
24252
24269
24270
24277
24288
24305
24306
24307
24312
24313
24314
24329
24330
24331
24341
24342
24343
24344
24345
24347
24348
24349
24350
24351
24352
24365
24366
24380
24381
24382
24383
24384
24385
24386
24387
24388
24389
24416
24417
24418
24419
24420
24421
24422
24423
24450
24451
24452
24453
24454
24455
24456
24457
24458
24459
24485
24486
24487
24488
24491
24492
24493
24494
24495
24527
24528
24563
24652
24676
24679
24680
24687
24688
24712
24713
24714
24715
24716
24722
24723
24724
24725
24737
24748
24749
24750
24751
24752
24757
24758
24759
24760
24761
24772
24773
24774
24775
24776
24784
24785
24786
24792
24793
24794
24795
24796
24808
24809
24810
24811
24812
24818
24827
24828
24829
24830
24845
24846
24847
24848
24863
24864
24865
24897
24898
24899
24933
24934
24935
24951
24952
24953
24954
24969
24970
24971
24974
24975
24987
24988
24989
24990
24991
24992
25006
25011
25012
25013
25023
25024
25025
25026
25027
25028
25048
25049
25050
25060
25061
25062
25063
25068
25069
25070
25071
25084
25085
25086
25097
25098
25099
25104
25105
25106
25107
25108
25133
25134
25135
25139
25171
25172
25173
25174
25175
25176
25208
25209
25210
25211
25212
25247
25331
25360
25364
25365
25366
25367
25368
25374
25375
25376
25396
25397
25398
25400
25401
25402
25403
25404
25405
25410
25411
25412
25432
25433
25434
25435
25436
25437
25438
25439
25440
25441
25467
25468
25469
25470
25471
25472
25473
25474
25475
25476
25507
25508
25509
25510
25511
25512
25513
25529
25530
25535
25536
25547
25548
25549
25565
25566
25571
25572
25573
25584
25585
25601
25602
25603
25604
25607
25608
25609
25621
25622
25625
25626
25627
25628
25638
25639
25640
25641
25643
25644
25645
25646
25647
25648
25656
25657
25658
25661
25662
25663
25676
25677
25678
25679
25680
25681
25682
25683
25684
25685
25693
25694
25712
25713
25714
25715
25716
25717
25718
25719
25720
25722
25748
25749
25750
25751
25752
25753
25786
25787
25788
25822
25823
25824
25858
25859
25895
25930
25931
25935
25936
25937
25938
25939
25947
25948
25965
25966
25972
25973
25974
25975
25976
25981
25982
25983
25984
25985
26001
26002
26008
26009
26010
26011
26012
26017
26018
26019
26020
26021
26023
26032
26033
26037
26043
26044
26045
26046
26047
26048
26053
26054
26055
26056
26057
26058
26059
26067
26068
26069
26070
26072
26073
26080
26081
26082
26083
26084
26088
26089
26090
26091
26092
26093
26103
26104
26105
26107
26108
26109
26116
26117
26124
26125
26126
26143
26159
26160
26161
26162
26194
26195
26196
26229
26230
26231
26248
26249
26250
26251
26265
26266
26267
26271
26284
26285
26286
26287
26288
26307
26308
26320
26321
26322
26323
26324
26336
26343
26344
26345
26346
26347
26357
26358
26359
26365
26366
26372
26380
26381
26382
26383
26394
26395
26401
26402
26418
26419
26507
26508
26543
26557
26558
26580
26626
26627
26628
26635
26636
26637
26661
26662
26663
26664
26669
26670
26671
26672
26696
26697
26698
26699
26700
26701
26705
26706
26707
26708
26730
26731
26733
26734
26735
26736
26763
26764
26765
26766
26767
26769
26770
26771
26772
26795
26796
26805
26806
26807
26808
26809
26825
26826
26827
26831
26832
26843
26844
26845
26861
26862
26863
26867
26868
26878
26879
26880
26885
26886
26887
26888
26898
26899
26900
26903
26904
26914
26915
26916
26921
26922
26923
26924
26935
26936
26943
26951
26952
26953
26954
26959
26960
26979
26980
26981
26982
26987
26988
26989
26990
27009
27015
27016
27017
27018
27024
27025
27044
27045
27053
27082
27083
27089
27118
27119
27154
27155
27160
27161
27162
27163
27190
27191
27196
27197
27198
27199
27226
27230
27231
27232
27233
27234
27235
27236
27242
27243
27244
27245
27261
27262
27265
27266
27267
27268
27269
27270
27271
27272
27273
27277
27278
27279
27280
27281
27298
27301
27302
27303
27304
27305
27306
27307
27308
27313
27314
27315
27316
27317
27318
27319
27326
27327
27328
27329
27332
27333
27339
27340
27341
27342
27343
27344
27349
27350
27351
27352
27353
27354
27355
27362
27363
27364
27365
27368
27369
27372
27375
27376
27377
27378
27379
27380
27381
27384
27385
27386
27387
27388
27389
27390
27391
27399
27400
27401
27404
27408
27409
27412
27413
27414
27415
27416
27420
27421
27422
27423
27424
27444
27445
27455
27456
27457
27458
27490
27491
27492
27510
27511
27524
27525
27526
27527
27528
27546
27547
27548
27560
27561
27564
27581
27582
27583
27584
27596
27597
27601
27602
27603
27604
27617
27618
27619
27620
27632
27633
27637
27638
27639
27640
27642
27649
27650
27654
27655
27668
27673
27674
27675
27676
27677
27678
27679
27680
27686
27687
27713
27714
27715
27716
27745
27750
27751
27780
27781
27782
27785
27786
27817
27818
27853
27854
27876
27922
27923
27932
27933
27934
27958
27959
27960
27965
27966
27967
27968
27969
28001
28002
28066
28085
28086
28091
28102
28103
28104
28105
28121
28122
28127
28138
28139
28140
28158
28159
28174
28175
28176
28181
28182
28183
28195
28210
28211
28212
28218
28219
28220
28239
28240
28247
28248
28249
28275
28276
28277
28278
28283
28284
28285
28311
28312
28313
28314
28319
28340
28347
28348
28349
28376
28378
28384
28385
28414
28415
28420
28422
28423
28450
28455
28456
28457
28458
28459
28467
28468
28491
28492
28493
28494
28495
28496
28503
28504
28505
28526
28527
28528
28529
28530
28531
28532
28533
28539
28540
28541
28561
28562
28563
28564
28565
28566
28567
28568
28569
28574
28575
28576
28577
28578
28598
28599
28600
28601
28602
28603
28604
28605
28609
28610
28611
28612
28613
28614
28615
28621
28622
28623
28624
28635
28636
28637
28638
28639
28640
28645
28646
28647
28648
28649
28650
28651
28657
28658
28659
28660
28668
28671
28672
28673
28674
28675
28676
28681
28682
28683
28684
28685
28686
28687
28693
28694
28696
28697
28703
28704
28705
28707
28708
28709
28710
28711
28712
28715
28716
28717
28718
28719
28720
28721
28739
28740
28746
28751
28752
28753
28754
28777
28778
28784
28785
28786
28787
28788
28807
28808
28809
28813
28814
28820
28821
28822
28823
28824
28843
28844
28845
28855
28856
28857
28858
28874
28875
28879
28880
28881
28891
28892
28893
28897
28898
28899
28908
28912
28915
28916
28928
28929
28933
28934
28935
28936
28945
28946
28949
28950
28969
28970
28971
28972
28973
28983
28984
28986
29003
29004
29005
29006
29009
29010
29011
29040
29041
29042
29045
29046
29047
29077
29078
29081
29082
29083
29113
29114
29149
29150
29172
29193
29194
29208
29209
29224
29225
29228
29229
29230
29261
29265
29266
29381
29382
29397
29398
29399
29400
29417
29418
29433
29434
29435
29436
29441
29470
29471
29472
29477
29478
29498
29499
29506
29507
29508
29513
29514
29534
29535
29536
29537
29543
29544
29571
29572
29573
29574
29579
29580
29607
29608
29609
29610
29615
29616
29631
29643
29644
29645
29646
29647
29667
29679
29680
29681
29682
29683
29715
29716
29717
29718
29719
29727
29728
29752
29753
29754
29755
29756
29763
29764
29765
29766
29787
29788
29789
29790
29791
29792
29799
29800
29801
29826
29827
29828
29829
29835
29836
29837
29838
29861
29862
29863
29864
29865
29870
29871
29872
29873
29874
29897
29898
29899
29900
29906
29907
29908
29909
29910
29911
29917
29918
29919
29934
29935
29936
29941
29942
29943
29944
29945
29946
29953
29954
29955
29963
29969
29970
29971
29977
29978
29979
29980
29981
29982
29983
29989
29990
29991
29992
29993
29998
29999
30000
30005
30006
30007
30012
30013
30014
30015
30016
30017
30018
30019
30025
30026
30029
30030
30031
30035
30036
30042
30043
30048
30049
30050
30051
30052
30068
30069
30073
30074
30079
30080
30083
30084
30103
30104
30105
30109
30110
30111
30115
30116
30117
30118
30119
30139
30140
30141
30146
30150
30151
30152
30153
30154
30170
30171
30172
30176
30187
30188
30189
30190
30195
30196
30202
30204
30206
30207
30208
30212
30224
30225
30229
30230
30231
30232
30243
30244
30245
30265
30266
30267
30268
30269
30280
30281
30301
30302
30303
30306
30337
30338
30342
30378
30379
30446
30447
30459
30482
30483
30484
30489
30490
30519
30520
30521
30525
30526
30556
30656
30675
30692
30693
30710
30711
30728
30729
30730
30731
30737
30738
30746
30747
30767
30773
30774
30782
30789
30790
30791
30794
30795
30803
30804
30818
30825
30826
30827
30830
30831
30832
30833
30839
30840
30854
30858
30862
30863
30864
30867
30868
30869
30870
30876
30889
30890
30891
30899
30900
30903
30904
30905
30906
30907
30911
30912
30924
30925
30926
30927
30928
30935
30939
30940
30941
30942
30943
30957
30958
30959
30960
30961
30962
30963
30975
30976
30977
30978
30979
30980
30993
30994
30995
30997
31011
31012
31013
31014
31015
31016
31017
31025
31026
31027
31028
31050
31051
31052
31053
31054
31059
31060
31061
31062
31086
31087
31088
31089
31090
31095
31096
31097
31098
31122
31123
31124
31130
31131
31132
31133
31134
31158
31165
31166
31167
31168
31169
31170
31194
31195
31200
31201
31202
31203
31204
31205
31206
31230
31231
31235
31236
31237
31238
31239
31240
31241
31242
31250
31254
31255
31258
31259
31270
31271
31272
31273
31274
31275
31276
31277
31278
31279
31285
31286
31288
31289
31290
31291
31294
31295
31296
31307
31308
31309
31310
31313
31314
31315
31316
31325
31326
31327
31330
31331
31332
31343
31344
31345
31350
31351
31352
31362
31363
31369
31370
31378
31379
31380
31398
31399
31405
31406
31411
31412
31413
31414
31415
31416
31446
31447
31448
31449
31450
31451
31466
31467
31468
31482
31483
31485
31486
31491
31492
31502
31503
31504
31518
31519
31525
31526
31527
31528
31529
31530
31538
31539
31540
31541
31561
31562
31563
31564
31565
31576
31577
31597
31598
31599
31664
31665
31666
31682
31683
31701
31702
31718
31719
31720
31742
31743
31744
31748
31749
31754
31755
31756
31778
31779
31780
31785
31791
31814
31815
31816
31942
31951
31952
31970
31971
31972
31987
31988
31989
32006
32007
32008
32024
32025
32033
32034
32041
32042
32043
32049
32069
32070
32076
32077
32078
32079
32084
32085
32086
32113
32114
32119
32121
32122
32123
32127
32128
32129
32130
32149
32150
32158
32159
32160
32163
32164
32165
32166
32172
32185
32186
32187
32193
32194
32195
32196
32198
32199
32200
32201
32202
32203
32220
32221
32222
32223
32225
32226
32230
32231
32232
32235
32236
32237
32238
32239
32253
32254
32255
32256
32257
32258
32265
32266
32267
32271
32272
32273
32274
32275
32276
32277
32285
32286
32287
32288
32289
32290
32291
32302
32309
32310
32311
32312
32313
32314
32320
32321
32322
32323
32324
32325
32346
32347
32348
32349
32350
32355
32356
32357
32358
32359
32382
32383
32384
32385
32391
32392
32393
32394
32409
32410
32411
32418
32419
32426
32427
32428
32444
32445
32446
32447
32461
32462
32463
32464
32478
32479
32480
32481
32483
32496
32497
32498
32499
32500
32501
32514
32515
32516
32531
32532
32533
32534
32535
32550
32551
32555
32556
32564
32565
32566
32567
32568
32569
32570
32573
32574
32585
32586
32587
32590
32591
32592
32593
32601
32602
32603
32604
32605
32610
32611
32612
32621
32622
32623
32626
32627
32628
32629
32638
32639
32640
32641
32646
32647
32648
32658
32659
32674
32675
32676
32683
32684
32694
32708
32709
32710
32711
32724
32742
32743
32744
32745
32746
32747
32761
32762
32763
32764
32765
32777
32778
32779
32787
32788
32797
32798
32799
32800
32801
32813
32814
32815
32823
32824
32825
32826
32833
32834
32835
32836
32837
32850
32851
32859
32860
32861
32862
32863
32870
32871
32872
32873
32874
32906
32907
32924
32925
32928
32942
32960
32961
32962
32963
32978
32979
32997
32998
32999
33008
33009
33014
33015
33044
33045
33050
33051
33075
33110
33111
33166
33202
33203
33229
33230
33231
33238
33265
33266
33267
33268
33283
33284
33293
33300
33301
33302
33303
33304
33328
33329
33330
33334
33335
33336
33337
33338
33342
33343
33344
33345
33365
33370
33371
33372
33373
33374
33378
33379
33380
33381
33406
33407
33408
33409
33410
33411
33415
33416
33422
33423
33424
33425
33426
33445
33446
33447
33454
33455
33458
33459
33460
33461
33462
33481
33482
33483
33484
33485
33490
33491
33494
33495
33496
33497
33498
33516
33517
33518
33519
33521
33522
33525
33526
33527
33532
33533
33534
33535
33536
33537
33538
33546
33561
33562
33563
33569
33570
33571
33572
33573
33574
33581
33582
33583
33596
33597
33598
33599
33605
33606
33607
33608
33609
33610
33616
33617
33618
33619
33632
33633
33634
33635
33641
33642
33643
33644
33645
33646
33651
33652
33653
33669
33670
33677
33678
33679
33687
33688
33705
33706
33707
33710
33714
33723
33724
33740
33741
33742
33745
33746
33754
33758
33759
33764
33765
33766
33774
33775
33776
33777
33781
33790
33791
33793
33800
33801
33810
33811
33812
33815
33816
33817
33825
33826
33827
33829
33846
33847
33851
33852
33853
33860
33861
33862
33863
33887
33888
33889
33896
33897
33898
33924
33933
33934
33943
33944
33969
33970
33971
33979
33980
33990
34004
34005
34006
34011
34012
34020
34021
34022
34025
34026
34038
34039
34040
34041
34043
34047
34048
34055
34056
34057
34058
34059
34060
34061
34062
34074
34075
34076
34093
34094
34095
34096
34097
34109
34110
34111
34120
34121
34122
34129
34130
34131
34132
34133
34134
34144
34145
34146
34147
34148
34156
34157
34158
34159
34166
34167
34168
34169
34170
34183
34184
34195
34203
34220
34221
34222
34223
34224
34238
34256
34257
34258
34259
34260
34294
34295
34296
34304
34310
34377
34385
34489
34490
34498
34524
34525
34526
34527
34560
34561
34562
34563
34564
34587
34588
34589
34594
34595
34596
34597
34598
34602
34603
34604
34623
34624
34625
34630
34631
34632
34633
34638
34639
34640
34660
34661
34666
34667
34669
34674
34675
34676
34682
34683
34684
34685
34686
34706
34707
34711
34718
34719
34720
34721
34722
34727
34741
34742
34743
34744
34754
34755
34756
34757
34758
34777
34778
34779
34780
34781
34782
34783
34793
34794
34814
34815
34818
34819
34821
34822
34828
34829
34830
34831
34832
34833
34834
34842
34857
34858
34865
34866
34867
34868
34869
34870
34877
34878
34892
34893
34894
34895
34900
34901
34902
34903
34904
34905
34906
34912
34913
34928
34929
34930
34937
34938
34939
34940
34948
34949
34965
34966
34974
34975
34983
34984
35005
35006
35007
35008
35014
35015
35041
35042
35043
35050
35051
35060
35061
35069
35076
35077
35078
35086
35087
35095
35096
35097
35105
35111
35112
35113
35122
35123
35132
35138
35139
35148
35149
35173
35174
35175
35184
35185
35186
35192
35193
35210
35211
35221
35222
35223
35228
35229
35230
35258
35264
35265
35266
35286
35300
35301
35317
35318
35321
35322
35335
35336
35337
35353
35354
35355
35356
35357
35358
35359
35360
35371
35372
35373
35390
35391
35392
35393
35394
35395
35396
35406
35407
35408
35409
35428
35429
35430
35431
35432
35440
35441
35442
35443
35444
35445
35446
35455
35456
35479
35480
35481
35482
35483
35484
35491
35516
35517
35518
35519
35520
35521
35553
35554
35555
35556
35557
35591
35592
35643
35644
35645
35680
35681
35716
35717
35784
35785
35786
35811
35812
35820
35821
35822
35823
35847
35848
35849
35856
35857
35863
35883
35884
35885
35890
35891
35892
35898
35899
35900
35919
35920
35921
35926
35927
35934
35935
35936
35956
35957
35966
35967
35971
35977
35978
35979
35980
35981
35993
36001
36002
36003
36004
36007
36013
36014
36015
36016
36017
36018
36022
36037
36038
36039
36040
36041
36042
36043
36053
36054
36058
36073
36074
36075
36076
36077
36078
36079
36089
36090
36093
36094
36095
36114
36115
36125
36126
36129
36130
36131
36137
36138
36150
36151
36160
36161
36162
36165
36166
36173
36174
36188
36189
36195
36196
36197
36201
36202
36209
36224
36225
36226
36231
36232
36233
36238
36244
36245
36260
36267
36268
36269
36275
36302
36303
36304
36310
36311
36337
36338
36339
36340
36346
36347
36365
36366
36372
36373
36374
36382
36383
36391
36392
36393
36400
36401
36408
36409
36410
36418
36419
36427
36428
36434
36435
36436
36437
36444
36445
36454
36463
36468
36469
36470
36471
36472
36481
36482
36489
36490
36505
36506
36507
36508
36517
36518
36519
36524
36525
36526
36531
36546
36554
36555
36560
36561
36562
36567
36568
36581
36582
36583
36596
36597
36598
36603
36617
36618
36619
36620
36631
36632
36633
36634
36653
36654
36655
36656
36666
36667
36668
36669
36670
36689
36690
36691
36692
36693
36694
36702
36703
36704
36705
36706
36707
36710
36727
36728
36729
36730
36738
36739
36740
36741
36742
36743
36745
36746
36750
36751
36752
36775
36776
36777
36778
36779
36780
36781
36782
36786
36787
36788
36812
36813
36814
36815
36816
36817
36818
36819
36820
36821
36822
36849
36850
36851
36852
36853
36854
36855
36856
36857
36858
36885
36886
36887
36888
36889
36890
36891
36892
36893
36939
36940
36941
36968
36969
36976
36977
37003
37004
37005
37041
37042
37044
37077
37078
37079
37080
37106
37107
37108
37109
37114
37115
37116
37143
37144
37150
37151
37173
37174
37179
37180
37186
37194
37195
37196
37209
37210
37226
37231
37238
37246
37252
37253
37254
37261
37262
37263
37273
37274
37277
37282
37283
37289
37294
37296
37297
37298
37299
37313
37318
37319
37331
37332
37337
37338
37354
37355
37373
37374
37375
37389
37390
37391
37392
37410
37411
37420
37421
37426
37427
37428
37446
37447
37455
37456
37457
37462
37463
37464
37482
37483
37484
37491
37492
37497
37498
37499
37519
37520
37527
37528
37534
37535
37563
37564
37570
37571
37591
37598
37599
37600
37601
37606
37607
37608
37626
37627
37633
37634
37635
37636
37637
37642
37643
37656
37657
37661
37662
37668
37669
37672
37673
37678
37679
37692
37693
37696
37697
37698
37704
37705
37709
37714
37715
37722
37723
37724
37731
37732
37733
37740
37741
37742
37749
37750
37751
37758
37759
37760
37764
37765
37766
37767
37768
37769
37772
37773
37776
37777
37778
37785
37786
37793
37794
37795
37800
37801
37802
37803
37804
37805
37813
37814
37815
37821
37822
37827
37828
37829
37839
37840
37841
37842
37849
37850
37856
37857
37858
37859
37862
37863
37864
37869
37870
37871
37876
37877
37878
37879
37891
37892
37893
37894
37895
37898
37899
37900
37904
37905
37906
37914
37915
37916
37920
37921
37925
37926
37927
37928
37929
37930
37931
37932
37933
37934
37935
37940
37941
37942
37950
37951
37952
37953
37956
37957
37962
37963
37964
37965
37966
37967
37968
37969
37970
37971
37980
37988
37989
37990
37998
37999
38000
38001
38002
38003
38004
38005
38006
38007
38012
38013
38014
38015
38017
38018
38025
38026
38034
38035
38036
38037
38038
38039
38040
38041
38042
38043
38046
38047
38048
38049
38054
38055
38070
38071
38072
38073
38074
38075
38076
38077
38078
38079
38080
38081
38082
38083
38084
38108
38109
38110
38111
38112
38113
38114
38115
38116
38117
38118
38143
38144
38145
38146
38147
38148
38149
38150
38151
38152
38153
38180
38181
38182
38184
38185
38186
38187
38264
38265
38299
38300
38301
38337
38338
38373
38374
38375
38376
38381
38382
38386
38387
38401
38402
38403
38404
38409
38410
38411
38418
38421
38422
38423
38438
38439
38440
38446
38457
38458
38475
38476
38486
38505
38506
38522
38534
38541
38542
38543
38549
38554
38555
38556
38557
38558
38570
38578
38579
38580
38585
38586
38590
38591
38592
38593
38594
38614
38615
38616
38626
38627
38628
38629
38650
38651
38652
38653
38662
38663
38686
38687
38688
38689
38697
38698
38706
38707
38716
38723
38724
38725
38733
38734
38742
38743
38752
38759
38760
38769
38770
38778
38779
38780
38795
38796
38805
38806
38815
38816
38831
38832
38851
38852
38859
38860
38866
38867
38868
38886
38887
38888
38894
38895
38896
38903
38904
38916
38917
38922
38923
38924
38928
38930
38931
38932
38933
38939
38940
38950
38951
38952
38953
38957
38958
38959
38960
38963
38964
38965
38968
38969
38974
38975
38986
38987
38988
38989
38992
38993
38994
38995
39000
39001
39004
39005
39010
39011
39019
39023
39024
39026
39027
39028
39029
39030
39031
39032
39033
39036
39037
39041
39046
39047
39054
39055
39060
39061
39062
39063
39064
39065
39066
39067
39068
39069
39072
39073
39090
39094
39095
39096
39097
39098
39099
39100
39101
39102
39123
39124
39125
39126
39130
39131
39132
39133
39134
39135
39136
39137
39138
39152
39153
39159
39160
39161
39162
39164
39165
39166
39167
39170
39171
39172
39173
39174
39175
39187
39188
39189
39190
39194
39195
39196
39197
39198
39199
39200
39201
39202
39203
39204
39208
39209
39211
39212
39215
39216
39217
39222
39223
39224
39225
39226
39227
39228
39229
39230
39231
39232
39233
39236
39237
39238
39239
39240
39241
39251
39252
39253
39258
39259
39260
39261
39262
39263
39264
39265
39266
39267
39268
39272
39273
39274
39275
39276
39277
39278
39285
39286
39289
39294
39295
39296
39297
39298
39299
39300
39301
39302
39303
39304
39305
39306
39307
39308
39309
39310
39311
39312
39313
39314
39330
39331
39332
39333
39334
39335
39336
39337
39338
39339
39340
39341
39342
39343
39344
39345
39346
39349
39350
39367
39368
39369
39370
39371
39372
39373
39374
39375
39376
39377
39378
39379
39380
39403
39404
39405
39406
39407
39408
39409
39410
39411
39412
39413
39439
39440
39441
39442
39443
39444
39475
39476
39477
39478
39561
39620
39621
39622
39634
39641
39642
39646
39656
39657
39658
39669
39670
39677
39678
39682
39683
39692
39693
39698
39699
39706
39707
39714
39717
39718
39719
39728
39734
39735
39753
39754
39764
39782
39817
39818
39819
39839
39845
39846
39852
39853
39854
39875
39876
39881
39882
39888
39889
39911
39912
39924
39947
39948
39949
39958
39959
39983
39984
39985
39986
39993
39994
39995
40019
40020
40021
40022
40029
40030
40039
40055
40056
40057
40065
40066
40075
40076
40091
40092
40101
40102
40103
40111
40112
40113
40127
40128
40129
40137
40138
40147
40148
40163
40164
40165
40183
40184
40198
40199
40200
40212
40219
40220
40234
40235
40236
40246
40247
40248
40255
40256
40260
40261
40271
40272
40282
40283
40290
40291
40292
40296
40301
40307
40308
40310
40319
40320
40322
40323
40324
40325
40326
40327
40328
40329
40337
40338
40344
40345
40355
40356
40357
40358
40359
40360
40361
40362
40363
40364
40365
40373
40390
40391
40392
40393
40394
40395
40396
40397
40398
40399
40400
40426
40427
40428
40429
40430
40432
40433
40434
40456
40457
40459
40460
40461
40462
40463
40464
40465
40468
40469
40470
40484
40491
40492
40493
40494
40495
40496
40497
40498
40499
40500
40501
40503
40504
40505
40511
40512
40518
40519
40520
40521
40527
40528
40529
40530
40531
40532
40533
40534
40535
40536
40537
40538
40539
40540
40547
40548
40549
40555
40556
40557
40558
40563
40564
40565
40566
40567
40568
40569
40570
40571
40572
40573
40574
40576
40592
40593
40594
40595
40599
40600
40601
40602
40603
40604
40605
40606
40608
40609
40610
40628
40629
40630
40631
40634
40635
40636
40637
40638
40639
40640
40641
40663
40664
40665
40668
40669
40670
40671
40672
40673
40674
40675
40676
40699
40700
40703
40704
40705
40706
40707
40708
40709
40710
40711
40721
40734
40735
40736
40737
40738
40740
40770
40771
40772
40773
40873
40874
40878
40909
40916
40917
40918
40929
40930
40937
40938
40952
40953
40954
40966
40973
40974
40978
40987
40988
40989
41013
41014
41023
41024
41041
41042
41049
41050
41059
41060
41078
41079
41105
41106
41114
41115
41141
41142
41148
41149
41150
41151
41171
41172
41177
41178
41179
41184
41185
41207
41208
41220
41243
41244
41245
41255
41279
41280
41281
41282
41283
41289
41290
41291
41292
41315
41316
41317
41318
41319
41320
41325
41326
41327
41328
41351
41352
41353
41354
41355
41361
41362
41363
41364
41372
41373
41387
41388
41389
41390
41397
41398
41399
41407
41408
41409
41422
41423
41424
41425
41434
41443
41444
41459
41460
41475
41476
41491
41492
41493
41494
41495
41496
41497
41498
41499
41500
41501
41515
41516
41528
41529
41530
41531
41532
41533
41534
41535
41536
41537
41551
41552
41564
41565
41566
41567
41568
41569
41570
41571
41586
41587
41588
41597
41603
41604
41605
41606
41607
41622
41623
41624
41633
41634
41640
41641
41642
41657
41658
41659
41660
41661
41669
41670
41676
41677
41678
41686
41687
41693
41694
41696
41698
41712
41713
41722
41723
41724
41725
41729
41730
41734
41748
41749
41757
41758
41759
41760
41761
41765
41770
41771
41772
41791
41792
41793
41796
41797
41807
41808
41813
41814
41815
41816
41826
41827
41828
41831
41832
41833
41835
41842
41843
41844
41845
41850
41851
41852
41853
41860
41861
41862
41863
41864
41878
41879
41881
41882
41889
41890
41895
41896
41897
41898
41899
41925
41926
41930
41931
41932
41933
41934
41935
41936
41965
41966
41967
41968
41969
41970
41971
41980
41981
41995
41996
42000
42001
42002
42003
42004
42005
42006
42007
42016
42017
42018
42029
42030
42031
42036
42037
42038
42040
42065
42066
42132
42133
42168
42169
42170
42189
42204
42205
42206
42213
42214
42225
42226
42249
42261
42262
42306
42319
42320
42342
42355
42356
42402
42410
42432
42437
42438
42444
42447
42467
42468
42474
42480
42481
42503
42504
42516
42525
42538
42539
42540
42541
42551
42552
42573
42574
42575
42576
42577
42578
42579
42580
42581
42587
42588
42608
42609
42610
42611
42612
42613
42614
42615
42616
42617
42622
42623
42624
42625
42645
42646
42647
42648
42649
42650
42651
42652
42658
42659
42660
42664
42668
42669
42681
42682
42683
42684
42685
42686
42694
42695
42699
42700
42704
42716
42717
42718
42719
42720
42721
42722
42735
42740
42751
42752
42753
42754
42756
42757
42760
42770
42771
42772
42787
42788
42789
42790
42791
42792
42793
42794
42795
42796
42797
42798
42799
42800
42806
42807
42824
42825
42826
42827
42828
42829
42830
42831
42832
42847
42848
42860
42861
42862
42863
42864
42865
42866
42867
42871
42883
42884
42897
42898
42899
42900
42901
42902
42918
42919
42920
42929
42930
42936
42937
42938
42954
42955
42956
42957
42966
42967
42972
42973
42989
42990
42992
42993
42994
43008
43009
43025
43029
43030
43031
43044
43045
43066
43067
43103
43104
43105
43109
43110
43111
43137
43138
43139
43140
43141
43142
43146
43147
43173
43174
43175
43176
43177
43178
43191
43192
43193
43194
43195
43208
43209
43210
43213
43214
43226
43227
43228
43229
43230
43231
43244
43245
43246
43247
43262
43263
43264
43265
43266
43267
43276
43277
43281
43282
43297
43298
43299
43300
43301
43312
43313
43314
43315
43317
43318
43319
43325
43326
43333
43334
43335
43336
43361
43362
43371
43372
43464
43465
43485
43501
43521
43522
43616
43637
43638
43651
43652
43673
43674
43687
43688
43715
43716
43728
43729
43734
43746
43763
43764
43765
43782
43783
43785
43798
43799
43800
43801
43818
43819
43820
43821
43822
43832
43833
43834
43835
43836
43837
43840
43841
43842
43857
43868
43869
43870
43871
43872
43873
43874
43875
43876
43877
43878
43883
43904
43905
43906
43907
43908
43909
43910
43911
43912
43913
43924
43941
43942
43943
43944
43945
43946
43947
43948
43949
43955
43959
43960
43961
43964
43977
43978
43979
43981
43982
43983
43984
43985
43986
43989
43995
43996
43997
44012
44013
44014
44015
44017
44018
44019
44020
44021
44022
44023
44024
44025
44026
44031
44032
44048
44049
44052
44054
44055
44056
44057
44058
44059
44060
44061
44066
44067
44068
44084
44085
44086
44087
44088
44089
44090
44091
44092
44093
44094
44095
44096
44102
44103
44120
44121
44122
44123
44124
44125
44127
44128
44129
44130
44131
44132
44157
44158
44159
44160
44161
44162
44163
44164
44165
44166
44167
44168
44178
44179
44180
44194
44195
44196
44197
44198
44199
44201
44202
44203
44214
44215
44216
44222
44226
44227
44231
44232
44233
44234
44237
44238
44250
44251
44252
44253
44262
44263
44264
44268
44269
44273
44288
44289
44290
44300
44325
44326
44327
44362
44363
44364
44365
44398
44399
44400
44401
44402
44405
44433
44434
44435
44436
44437
44438
44469
44470
44471
44472
44473
44474
44489
44490
44504
44505
44506
44507
44509
44523
44524
44525
44536
44539
44540
44541
44542
44559
44560
44572
44573
44576
44577
44578
44593
44594
44595
44596
44608
44609
44610
44613
44614
44615
44629
44630
44631
44632
44650
44658
44667
44668
44669
44704
44706
44707
44742
44743
44844
44845
44865
44878
44879
44880
44881
44886
44901
44902
44911
44912
44913
44914
44915
44936
44937
44938
44946
44947
44948
44949
44950
44951
44972
44973
44974
44983
44984
44987
45010
45011
45022
45023
45024
45025
45046
45047
45056
45057
45058
45059
45060
45061
45078
45079
45081
45082
45083
45092
45093
45094
45095
45096
45097
45114
45115
45116
45117
45118
45128
45129
45130
45131
45132
45133
45134
45136
45137
45138
45150
45151
45152
45153
45164
45165
45166
45167
45168
45170
45171
45172
45173
45174
45178
45188
45199
45200
45201
45202
45203
45204
45205
45206
45207
45208
45209
45220
45221
45222
45224
45230
45231
45232
45237
45238
45239
45240
45241
45242
45243
45244
45245
45246
45255
45256
45257
45266
45267
45268
45269
45274
45275
45278
45279
45280
45281
45282
45283
45284
45285
45291
45292
45305
45310
45311
45312
45313
45314
45315
45316
45317
45318
45319
45320
45321
45327
45328
45345
45346
45347
45348
45350
45351
45352
45353
45354
45355
45356
45357
45362
45363
45381
45382
45383
45384
45387
45389
45391
45392
45399
45417
45418
45419
45420
45421
45422
45423
45425
45426
45427
45428
45455
45456
45457
45458
45459
45460
45461
45462
45463
45464
45474
45475
45491
45492
45493
45494
45495
45496
45497
45498
45499
45510
45511
45523
45527
45528
45529
45530
45531
45532
45533
45534
45559
45560
45561
45564
45565
45566
45569
45570
45595
45596
45605
45622
45623
45658
45659
45660
45661
45694
45695
45696
45697
45698
45729
45730
45731
45732
45733
45734
45735
45765
45766
45767
45768
45769
45770
45802
45803
45804
45805
45820
45856
45867
45868
45869
45871
45873
45874
45904
45905
45910
45946
45947
45964
45965
45966
46000
46001
46002
46003
46038
46097
46110
46133
46140
46146
46161
46162
46174
46175
46176
46197
46198
46207
46208
46209
46210
46211
46233
46234
46238
46243
46244
46245
46246
46247
46269
46279
46282
46283
46306
46307
46318
46319
46320
46321
46322
46342
46343
46352
46353
46354
46355
46356
46357
46377
46378
46379
46388
46389
46390
46391
46392
46393
46410
46411
46412
46413
46414
46425
46426
46427
46433
46446
46447
46448
46449
46460
46462
46463
46467
46468
46469
46482
46483
46484
46496
46497
46498
46499
46504
46505
46516
46517
46518
46519
46520
46527
46528
46534
46535
46537
46539
46540
46541
46551
46552
46553
46556
46562
46563
46564
46565
46566
46570
46571
46572
46575
46577
46578
46579
46580
46581
46587
46600
46601
46607
46609
46613
46614
46615
46616
46617
46623
46650
46651
46652
