1
4
5
6
8
9
10
11
12
13
17
18
19
20
21
22
23
24
25
26
27
28
32
38
39
40
41
42
48
49
50
51
55
56
57
62
63
64
65
66
69
70
71
72
75
76
77
78
79
80
81
82
84
85
86
87
91
92
93
94
95
97
102
106
107
108
109
110
116
117
121
122
123
124
125
126
127
130
131
132
136
138
139
140
141
142
143
144
145
146
147
153
154
155
156
157
158
159
160
165
166
167
168
169
170
171
173
174
175
176
180
181
182
183
184
187
188
189
190
191
192
195
196
197
198
199
201
202
203
204
205
206
207
208
209
211
213
214
216
217
219
220
221
222
223
224
229
230
231
232
233
234
235
236
237
243
244
245
246
247
248
251
252
258
259
260
261
264
265
267
270
271
273
274
275
276
279
280
281
282
284
285
287
288
289
290
291
292
294
295
296
297
298
299
302
303
304
305
306
307
308
309
310
315
316
317
318
319
320
322
323
324
325
326
330
331
332
333
334
335
336
337
338
339
340
341
342
346
347
348
349
350
351
353
354
355
361
362
363
364
365
366
368
369
370
371
372
375
376
377
379
380
381
382
383
384
385
390
391
392
393
394
395
396
397
398
399
400
401
403
404
405
406
407
408
409
411
412
413
414
415
416
417
420
421
422
423
424
425
426
428
429
430
431
432
438
440
441
442
443
444
445
446
447
455
456
457
458
460
462
468
469
470
471
472
477
483
484
485
486
491
492
493
495
496
497
498
499
500
501
503
504
508
509
510
511
512
513
514
515
516
517
518
519
520
521
523
524
526
527
528
529
530
532
533
534
535
540
541
542
543
544
547
548
549
550
551
555
556
557
558
559
560
562
563
564
565
566
570
571
572
573
574
575
577
578
579
580
585
586
587
588
589
590
591
593
594
596
597
599
600
601
602
605
606
607
608
609
610
614
615
616
617
620
621
622
623
624
625
629
630
631
632
633
635
636
638
639
640
641
642
644
645
646
647
648
650
651
653
657
662
665
666
667
668
670
672
673
678
680
681
682
687
688
692
693
694
695
696
702
706
707
708
709
710
711
713
716
717
720
721
722
723
724
728
729
730
731
732
733
734
736
737
738
739
740
742
744
745
746
748
749
751
752
753
754
755
759
760
765
766
767
774
775
776
778
779
780
781
782
783
784
789
790
791
793
794
795
796
797
798
801
802
803
804
808
809
810
811
812
816
817
818
819
823
824
825
826
827
828
830
831
832
833
834
839
840
841
842
845
846
847
849
850
851
855
856
857
858
860
861
862
863
864
865
870
871
872
873
875
876
877
882
883
884
885
887
891
892
897
898
899
901
904
905
906
907
916
917
918
919
920
921
924
925
927
928
931
932
933
934
935
936
942
943
946
947
948
949
950
951
953
956
957
958
961
962
963
964
969
975
977
978
979
984
985
990
991
992
993
998
999
1000
1001
1003
1004
1005
1006
1007
1009
1010
1012
1013
1014
1015
1016
1018
1019
1020
1021
1022
1024
1025
1026
1027
1028
1029
1030
1032
1033
1034
1035
1036
1037
1040
1041
1042
1043
1044
1048
1049
1050
1051
1052
1053
1055
1056
1057
1058
1059
1066
1067
1070
1071
1072
1075
1076
1077
1078
1079
1081
1082
1083
1085
1086
1087
1090
1091
1093
1094
1095
1096
1097
1098
1100
1101
1102
1103
1105
1106
1107
1108
1109
1110
1111
1114
1115
1116
1117
1118
1124
1125
1126
1128
1129
1130
1131
1132
1133
1140
1141
1142
1143
1144
1145
1146
1147
1148
1149
1150
1152
1153
1156
1157
1158
1159
1160
1161
1162
1164
1165
1167
1168
1171
1172
1174
1175
1176
1178
1179
1181
1182
1183
1186
1187
1188
1189
1193
1202
1203
1204
1208
1209
1210
1215
1218
1222
1223
1224
1225
1228
1229
1230
1234
1235
1237
1238
1239
1240
1242
1243
1244
1245
1246
1249
1250
1251
1252
1253
1254
1255
1256
1257
1258
1259
1260
1261
1262
1265
1266
1267
1268
1269
1270
1273
1274
1275
1276
1277
1278
1280
1281
1285
1286
1289
1291
1292
1295
1299
1300
1301
1304
1306
1307
1309
1310
1313
1314
1315
1316
1320
1321
1322
1323
1324
1325
1326
1327
1328
1329
1330
1331
1335
1336
1338
1339
1341
1342
1343
1350
1351
1352
1353
1355
1356
1357
1358
1359
1365
1366
1368
1369
1370
1371
1372
1373
1375
1376
1380
1381
1382
1383
1384
1386
1387
1389
1390
1392
1395
1396
1397
1398
1407
1411
1412
1416
1417
1419
1422
1427
1430
1431
1432
1433
1434
1435
1436
1448
1449
1450
1454
1455
1462
1463
1464
1467
1468
1469
1470
1471
1475
1476
1477
1478
1479
1480
1481
1482
1483
1484
1485
1486
1489
1490
1491
1492
1493
1494
1495
1496
1498
1499
1500
1501
1505
1507
1508
1510
1511
1516
1517
1518
1520
1521
1524
1525
1528
1529
1532
1533
1534
1535
1536
1538
1539
1540
1541
1546
1547
1548
1549
1550
1551
1553
1554
1555
1556
1563
1564
1565
1566
1567
1569
1570
1571
1578
1579
1580
1581
1582
1583
1586
1587
1592
1593
1594
1595
1596
1597
1598
1600
1601
1602
1605
1606
1607
1608
1609
1610
1611
1614
1615
1616
1620
1621
1622
1623
1629
1635
1636
1637
1638
1639
1640
1641
1643
1644
1646
1647
1652
1654
1655
1656
1657
1659
1660
1662
1667
1668
1669
1670
1673
1674
1675
1683
1688
1689
1695
1700
1701
1702
1703
1704
1705
1707
1708
1709
1710
1711
1716
1717
1718
1719
1720
1721
1723
1726
1732
1733
1734
1735
1736
1741
1742
1743
1744
1745
1746
1747
1750
1752
1753
1757
1758
1759
1760
1761
1762
1763
1767
1772
1773
1774
1775
1776
1778
1779
1789
1790
1794
1796
1804
1805
1806
1807
1808
1810
1811
1812
1816
1817
1818
1819
1820
1821
1822
1823
1825
1826
1827
1828
1831
1832
1833
1835
1836
1837
1838
1839
1840
1841
1842
1846
1847
1848
1853
1854
1855
1856
1861
1862
1863
1868
1869
1870
1871
1872
1873
1875
1876
1877
1878
1880
1881
1883
1886
1887
1888
1892
1893
1894
1895
1900
1909
1910
1915
1916
1927
1928
1929
1930
1932
1933
1934
1941
1942
1943
1944
1945
1947
1948
1952
1953
1954
1955
1958
1959
1960
1962
1967
1968
1969
1970
1971
1974
1975
1977
1978
1983
1984
1985
1986
1987
1989
1990
1991
1998
1999
2000
2001
2002
2014
2016
2017
2018
2021
2022
2029
2030
2031
2032
2033
2034
2035
2036
2037
2038
2040
2041
2042
2043
2045
2046
2047
2048
2050
2051
2052
2053
2055
2056
2057
2059
2060
2061
2062
2063
2064
2065
2066
2067
2068
2072
2073
2074
2075
2076
2077
2078
2079
2080
2085
2086
2087
2088
2092
2093
2094
2095
2096
2097
2099
2100
2101
2102
2103
2108
2109
2110
2111
2112
2113
2124
2125
2126
2127
2128
2131
2135
2140
2141
2143
2144
2150
2154
2156
2157
2158
2159
2162
2168
2169
2176
2177
2179
2183
2184
2185
2187
2190
2191
2193
2194
2196
2197
2199
2200
2202
2205
2206
2207
2209
2210
2211
2212
2213
2214
2215
2219
2220
2221
2223
2226
2227
2228
2229
2232
2233
2234
2241
2242
2243
2244
2246
2247
2253
2254
2257
2258
2260
2261
2262
2263
2264
2267
2268
2269
2270
2272
2273
2274
2275
2276
2277
2278
2280
2281
2282
2283
2284
2285
2288
2289
2290
2292
2293
2295
2297
2298
2300
2301
2302
2303
2304
2305
2306
2308
2310
2311
2312
2317
2318
2319
2320
2321
2322
2325
2326
2327
2332
2333
2335
2336
2337
2338
2340
2341
2348
2349
2350
2353
2355
2356
2365
2366
2368
2369
2381
2385
2386
2389
2393
2400
2401
2402
2403
2408
2411
2412
2414
2415
2416
2417
2418
2419
2420
2421
2422
2427
2429
2430
2431
2432
2433
2434
2435
2436
2437
2438
2440
2444
2445
2446
2447
2448
2449
2451
2452
2453
2454
2456
2457
2458
2459
2463
2464
2466
2467
2468
2469
2471
2472
2473
2478
2479
2480
2481
2482
2484
2486
2487
2488
2489
2491
2492
2493
2494
2495
2498
2499
2503
2505
2506
2507
2509
2510
2511
2513
2514
2516
2518
2520
2522
2523
2525
2526
2527
2528
2529
2531
2533
2534
2535
2536
2537
2538
2539
2542
2543
2544
2547
2550
2551
2552
2553
2554
2556
2557
2558
2559
2560
2562
2563
2573
2574
2575
2576
2577
2581
2582
2593
2594
2596
2597
2608
2609
2610
2611
2621
2622
2624
2625
2626
2627
2628
2634
2636
2637
2639
2640
2641
2642
2643
2645
2646
2647
2649
2651
2652
2654
2655
2656
2657
2658
2661
2662
2663
2664
2665
2669
2672
2673
2674
2676
2677
2678
2679
2680
2682
2688
2689
2691
2692
2694
2695
2696
2697
2700
2702
2703
2705
2706
2707
2709
2710
2714
2715
2716
2717
2718
2719
2720
2721
2722
2724
2725
2727
2728
2729
2730
2731
2732
2733
2734
2735
2736
2737
2738
2739
2741
2742
2743
2744
2745
2746
2747
2748
2749
2750
2752
2753
2754
2755
2756
2757
2758
2759
2760
2761
2762
2763
2764
2765
2767
2768
2769
2770
2771
2772
2773
2774
2775
2776
2779
2782
2783
2784
2785
2786
2787
2788
2789
2797
2798
2799
2800
2801
2802
2818
2819
2822
2828
2829
2833
2834
2835
2837
2838
2839
2843
2844
2845
2846
2849
2850
2851
2853
2854
2858
2859
2861
2862
2865
2866
2870
2871
2874
2875
2877
2879
2880
2889
2890
2891
2893
2894
2895
2897
2898
2901
2904
2905
2906
2908
2909
2912
2913
2916
2919
2920
2923
2924
2926
2927
2928
2933
2934
2935
2936
2937
2938
2939
2940
2942
2943
2945
2947
2948
2949
2950
2951
2954
2955
2956
2957
2958
2959
2962
2965
2969
2970
2971
2972
2974
2975
2977
2978
2980
2981
2982
2983
2984
2985
2986
2988
2989
2990
2991
2992
2993
2994
2995
2996
2997
2998
2999
3000
3003
3004
3005
3006
3007
3008
3009
3010
3011
3012
3013
3016
3017
3019
3022
3023
3024
3025
3026
3027
3035
3047
3050
3052
3053
3054
3058
3059
3060
3062
3064
3068
3069
3075
3076
3077
3079
3082
3083
3087
3090
3091
3093
3094
3095
3099
3100
3102
3104
3105
3108
3109
3113
3114
3115
3116
3117
3119
3120
3121
3122
3128
3129
3130
3131
3132
3134
3135
3136
3137
3138
3143
3144
3145
3146
3147
3148
3149
3151
3158
3159
3160
3161
3162
3163
3167
3168
3170
3171
3172
3173
3174
3175
3176
3177
3178
3182
3183
3184
3187
3188
3189
3190
3191
3192
3199
3200
3202
3205
3213
3214
3215
3216
3217
3220
3221
3222
3226
3227
3228
3229
3230
3235
3236
3237
3241
3242
3243
3244
3247
3250
3251
3252
3262
3266
3267
3268
3277
3282
3283
3288
3289
3292
3293
3294
3295
3297
3302
3303
3304
3305
3307
3308
3309
3310
3317
3318
3319
3320
3323
3324
3325
3332
3333
3334
3338
3339
3340
3341
3342
3344
3346
3347
3348
3351
3352
3353
3354
3355
3356
3357
3358
3361
3362
3364
3366
3367
3368
3369
3370
3371
3372
3373
3374
