1
5
6
11
12
13
14
15
16
17
23
24
26
27
28
30
32
33
34
35
36
37
42
43
44
46
47
48
50
51
52
53
54
55
56
57
70
71
72
73
74
75
76
77
85
86
87
88
95
105
106
107
108
112
113
114
116
123
124
125
126
127
128
129
132
133
135
136
141
142
143
144
146
147
150
152
153
155
156
161
162
163
164
165
166
167
176
181
185
186
187
195
196
197
201
202
203
204
215
216
217
222
223
224
225
227
228
229
230
233
235
236
237
244
245
248
249
250
251
252
253
254
256
265
267
268
270
271
272
273
280
285
286
287
288
289
291
292
293
294
301
303
304
305
306
308
310
311
312
313
314
320
321
322
323
324
325
326
330
332
333
334
335
336
340
341
343
344
345
348
349
350
351
352
353
354
355
356
357
362
363
364
368
369
370
371
372
373
374
375
376
377
378
379
386
389
390
392
393
394
395
396
397
398
399
405
406
407
408
409
410
411
412
413
414
415
416
417
425
426
427
428
429
430
431
435
436
437
445
446
447
448
449
450
453
456
457
467
468
472
473
476
477
481
485
486
487
488
492
493
494
495
496
506
507
508
512
513
514
515
516
523
524
525
526
527
528
529
531
532
533
534
535
536
543
544
545
546
547
549
550
551
552
553
564
565
567
570
573
580
582
583
586
587
590
591
594
595
596
601
602
603
604
606
607
608
610
611
612
613
614
615
616
621
622
623
624
627
628
632
633
642
643
644
646
647
648
649
650
651
652
655
656
667
668
670
671
672
673
676
680
683
685
686
688
689
691
692
693
698
700
702
703
704
705
706
708
709
710
711
712
713
714
715
718
720
722
723
724
725
726
730
731
732
733
734
735
740
742
743
744
745
748
749
750
751
752
753
754
755
756
757
761
762
763
764
768
769
771
772
773
774
775
776
777
778
786
788
789
793
794
795
796
797
798
805
806
807
808
809
810
811
813
814
816
817
825
826
827
828
829
830
831
845
846
847
848
849
864
865
866
867
868
869
877
880
884
885
886
887
888
893
898
899
900
903
904
905
906
907
908
909
914
915
916
918
919
922
923
924
925
926
927
928
929
931
932
933
934
935
938
939
942
943
944
945
946
947
950
951
952
953
954
964
965
967
969
970
972
973
974
980
981
982
983
984
986
987
989
990
991
992
993
994
995
1001
1002
1003
1004
1005
1006
1007
1008
1009
1010
1011
1012
1013
1014
1015
1021
1022
1023
1024
1027
1031
1032
1033
1042
1043
1044
1046
1047
1048
1051
1052
1053
1055
1056
1062
1063
1066
1067
1068
1069
1070
1071
1072
1073
1080
1081
1082
1083
1088
1089
1090
1093
1098
1099
1100
1101
1103
1104
1105
1106
1107
1108
1109
1111
1112
1113
1114
1115
1118
1119
1120
1122
1123
1125
1126
1127
1128
1130
1131
1132
1133
1134
1135
1136
1139
1140
1141
1142
1143
1144
1147
1148
1149
1151
1152
1153
1155
1156
1160
1161
1162
1163
1164
1167
1168
1169
1171
1172
1173
1174
1176
1186
1187
1188
1189
1190
1191
1193
1194
1196
1197
1207
1208
1209
1210
1216
1217
1227
1228
1236
1237
1244
1245
1246
1247
1255
1256
1257
1264
1265
1266
1267
1274
1275
1276
1280
1282
1283
1284
1285
1286
1287
1288
1290
1291
1292
1297
1298
1299
1300
1302
1303
1304
1305
1306
1307
1308
1309
1310
1311
1314
1315
1318
1319
1322
1323
1324
1325
1326
1327
1328
1329
1330
1331
1332
1333
1334
1339
1342
1343
1344
1345
1346
1351
1352
1353
1354
1361
1363
1364
1365
1369
1370
1372
1373
1374
1380
1381
1382
1383
1384
1386
1389
1390
1392
1393
1394
1395
1400
1401
1402
1403
1404
1405
1406
1409
1410
1411
1412
1420
1421
1422
1423
1424
1431
1432
1433
1440
1441
1442
1443
1444
1446
1447
1448
1451
1452
1453
1456
1459
1460
1461
1462
1463
1466
1467
1468
1469
1479
1480
1481
1482
1483
1488
1489
1490
1500
1501
1502
1506
1507
1508
1509
1511
1512
1513
1519
1520
1521
1522
1523
1526
1527
1528
1529
1531
1532
1533
1534
1535
1536
1539
1540
1541
1542
1543
1544
1546
1547
1548
1549
1551
1552
1555
1556
1560
1561
1562
1563
1567
1593
1597
1608
1609
1616
1617
1624
1625
1626
1627
1628
1636
1637
1643
1644
1645
1646
1647
1648
1655
1656
1662
1663
1664
1665
1666
1667
1671
1675
1676
1680
1681
1682
1683
1684
1685
1686
1690
1691
1692
1693
1694
1695
1698
1699
1700
1702
1703
1704
1705
1706
1710
1712
1713
1714
1715
1718
1719
1722
1723
1724
1725
1726
1727
1732
1733
1734
1742
1743
1744
1745
1746
1752
1753
1763
1772
1773
1774
1775
1780
1781
1782
1783
1784
1792
1793
1794
1795
1798
1799
1800
1801
1802
1803
1804
1805
1813
1814
1819
1820
1821
1822
1823
1824
1829
1831
1832
1838
1839
1840
1841
1842
1843
1848
1849
1850
1851
1852
1858
1859
1860
1861
1862
1870
1871
1872
1878
1879
1880
1881
1882
1883
1884
1887
1888
1889
1890
1891
1892
1900
1901
1902
1907
1908
1909
1912
1913
1914
1915
1920
1921
1922
1923
1926
1927
1928
1929
1931
1932
1933
1934
1940
1941
1942
1943
1944
1946
1947
1948
1949
1951
1956
1957
1958
1960
1961
1962
1963
1968
1969
1976
1977
1978
1988
1989
1997
2005
2006
2007
2008
2009
2022
2023
2024
2025
2026
2027
2028
2029
2034
2042
2043
2044
2045
2046
2047
2048
2061
2062
2063
2064
2066
2067
2068
2081
2082
2083
2084
2085
2086
2087
2094
2095
2096
2102
2103
2104
2105
2114
2115
2118
2119
2124
2125
2126
2133
2140
2144
2145
2146
2152
2153
2160
2162
2163
2172
2174
2178
2179
2181
2182
2183
2193
2194
2198
2199
2200
2201
2202
2203
2204
2209
2210
2213
2214
2219
2220
2221
2222
2223
2228
2229
2230
2236
2237
2238
2239
2240
2248
2249
2250
2258
2259
2260
2261
2262
2263
2264
2267
2268
2269
2270
2271
2272
2278
2279
2280
2281
2282
2283
2284
2287
2288
2289
2290
2291
2292
2295
2296
2301
2302
2303
2307
2308
2309
2313
2314
2315
2322
2323
2327
2328
2329
2338
2340
2341
2342
2343
2344
2347
2348
2349
2350
2353
2354
2356
2357
2358
2359
2360
2361
2363
2364
2368
2369
2370
2376
2377
2378
2379
2385
2386
2388
2389
2390
2405
2407
2408
2409
2410
2421
2422
2423
2427
2428
2429
2431
2432
2433
2434
2437
2441
2442
2443
2444
2446
2447
2448
2451
2452
2453
2457
2461
2462
2463
2464
2465
2466
2467
2468
2476
2477
2481
2482
2485
2486
2487
2488
2491
2495
2496
2497
2502
2503
2504
2510
2511
2523
2524
2525
2533
2543
2544
2545
2552
2560
2562
2564
2570
2571
2572
2573
2574
2578
2579
2580
2582
2583
2590
2591
2592
2593
2594
2598
2599
2602
2603
2606
2607
2609
2610
2611
2612
2613
2614
2616
2617
2618
2619
2620
2621
2626
2629
2630
2631
2632
2633
2634
2636
2637
2638
2639
2640
2641
2642
2643
2647
2648
2649
2651
2652
2658
2659
2660
2661
2662
2663
2664
2667
2668
2669
2671
2672
2681
2682
2683
2684
2687
2688
2689
2691
2692
2694
2696
2702
2703
2707
2712
2714
2718
2722
2723
2727
2728
2729
2733
2734
2735
2737
2738
2740
2741
2742
2743
2744
2746
2747
2748
2749
2750
2753
2754
2755
2757
2758
2759
2760
2761
2762
2763
2768
2769
2770
2771
2779
2781
2782
2785
2788
2789
2790
2804
2805
2808
2809
2810
2811
2820
2821
2822
2823
2824
2828
2829
2830
2831
2832
2833
2837
2841
2842
2843
2844
2845
2847
2848
2849
2850
2851
2852
2853
2857
2861
2862
2864
2866
2867
2868
2869
2872
2873
2876
2877
2878
2881
2882
2883
2886
2887
2888
2891
2892
2893
2895
2896
2897
2902
2903
2911
2922
2923
2924
2925
2943
2944
2945
2950
2951
2952
2953
2954
2970
2971
2972
2973
2974
2978
2980
2990
2991
2992
2993
2994
2998
2999
3000
3001
3006
3010
3011
3012
3016
3017
3018
3019
3020
3021
3022
3026
3027
3028
3029
3030
3031
3032
3034
3035
3037
3038
3039
3040
3041
3042
3043
3046
3047
3048
3049
3050
3051
3052
3053
3054
3058
3059
3060
3061
3062
3063
3067
3068
3070
3073
3074
3079
3081
3082
3083
3087
3088
3092
3094
3101
3102
3107
3112
3113
3114
3115
3121
3127
3132
3133
3134
3135
3141
3142
3143
3146
3147
3151
3152
3153
3154
3155
3161
3162
3163
3164
3165
3169
3170
3171
3172
3173
3174
3181
3184
3185
3188
3189
3190
3203
3204
3205
3207
3209
3211
3212
3220
3221
3222
3224
3225
3226
3227
3229
3230
3231
3234
3243
3244
3245
3246
3247
3248
3249
3250
3253
3254
3255
3256
3260
3262
3263
3264
3265
3266
3269
3272
3273
3274
3276
3277
3280
3282
3283
3296
3297
3302
3303
3309
3322
3323
3328
3329
3330
3332
3333
3343
3349
3352
3353
3354
3371
3372
3373
3374
3380
3390
3391
3392
3393
3398
3399
3400
3401
3410
3411
3412
3414
3417
3418
3419
3420
3421
3426
3427
3428
3429
3430
3431
3432
3434
3435
3437
3438
3439
3440
3441
3442
3446
3447
3448
3449
3450
3453
3454
3458
3459
3460
3461
3462
3466
3467
3469
3470
3473
3474
3475
3481
3482
3495
3501
3502
3503
3504
3507
3508
3512
3513
3518
3519
3522
3523
3524
3525
3526
3527
3528
3532
3533
3534
3535
3542
3543
3544
3545
3546
3547
3548
3551
3552
3553
3554
3555
3561
3562
3563
3564
3565
3569
3571
3572
3573
3574
3575
3584
3585
3586
3587
3588
3589
3592
3594
3595
3603
3604
3606
3607
3624
3625
3626
3627
3628
3634
3635
3642
3643
3644
3645
3646
3647
3648
3649
3653
3654
3655
3660
3661
3662
3663
3664
3665
3668
3673
3674
3676
3680
3681
3682
3683
3684
3700
3701
3702
3703
3712
3716
3723
3725
3726
3727
3728
3729
3731
3732
3733
3735
3736
3746
3747
3748
3749
3752
3753
3754
3764
3765
3766
3771
3772
3773
3784
3785
3786
3791
3792
3793
3800
3810
3811
3812
3817
3818
3819
3820
3821
3827
3828
3829
3830
3831
3832
3837
3838
3839
3840
3841
3847
3848
3849
3850
3851
3852
3853
3854
3855
3859
3860
3861
3869
3870
3871
3872
3873
3874
3875
3882
3892
3893
3902
3903
3904
3907
3908
3909
3910
3923
3924
3925
3926
3927
3928
3929
3942
3943
3944
3945
3946
3947
3948
3951
3952
3963
3964
3966
3967
3968
3971
3972
3973
3975
3984
3986
3987
3992
4009
4014
4015
4028
4029
4030
4031
4034
4035
4036
4042
4043
4044
4045
4047
4048
4049
4050
4053
4054
4055
4056
4062
4063
4064
4065
4067
4068
4072
4073
4074
4081
4082
4084
4091
4092
4093
4101
4102
4103
4104
4112
4114
4115
4116
4121
4122
4123
4124
4125
4126
4127
4128
4129
4132
4133
4135
4136
4142
4143
4144
4146
4147
4148
4149
4152
4153
4163
4164
4165
4166
4167
4173
4184
4185
4186
4217
4228
4229
4230
4231
4232
4233
4234
4236
4237
4238
4248
4249
4250
4251
4252
4253
4254
4257
4268
4269
4270
4271
4272
4273
4274
4282
4283
4286
4287
4292
4293
4303
4304
4305
4306
4307
4308
4309
4313
4314
4316
4317
4324
4325
4326
4327
4328
4329
4330
4333
4334
4336
4343
4344
4345
4346
4347
4348
4364
4366
4367
4368
4369
4385
4386
4405
4406
4407
4408
4409
4410
4411
4414
4415
4416
4421
4422
4425
4427
4428
4429
4430
4431
4434
4435
4436
4437
4441
4442
4443
4444
4445
4446
4447
4448
4449
4450
4451
4453
4454
4455
4456
4457
4462
4463
4464
4467
4469
4472
4473
4474
4475
4491
4492
4493
4494
4501
4502
4503
4504
4511
4512
4513
4514
4515
4522
4523
4524
4527
4528
4531
4534
4535
4536
4537
4541
4543
4544
4547
4548
4556
4557
4564
4566
4573
4574
4585
4586
4587
4593
4594
4606
4612
4613
4617
4618
4631
4632
4633
4634
4636
4637
4638
4648
4649
4650
4651
4652
4653
4656
4657
4662
4663
4666
4667
4668
4669
4670
4671
4672
4673
4674
4682
4683
4684
4686
4687
4692
4693
4694
4696
4697
4703
4704
4705
4706
4708
4709
4712
4713
4714
4716
4717
4718
4724
4725
4728
4729
4730
4732
4733
4734
4744
4745
4746
4748
4749
4750
4765
4766
4768
4769
4770
4785
4786
4788
4789
4790
4791
4795
4805
4807
4808
4809
4810
4811
4812
4814
4815
4816
4821
4822
4825
4827
4828
4829
4830
4831
4834
4835
4836
4837
4840
4841
4842
4844
4846
4847
4848
4849
4850
4851
4853
4854
4855
4856
4857
4860
4861
4862
4863
4866
4867
4868
4869
4870
4871
4872
4873
4874
4875
4876
4883
4884
4885
4887
4888
4890
4891
4892
4893
4894
4901
4902
4903
4904
4905
4907
4910
4911
4912
4913
4914
4915
4919
4920
4921
4922
4923
4924
4925
4931
4932
4933
4934
4935
4936
4937
4941
4942
4943
4953
4954
4955
4956
4957
4973
4974
4976
4977
4993
4994
4995
5006
5007
5014
5015
5016
5018
5019
5027
5032
5035
5036
5038
5039
5062
5063
5066
5071
5072
5073
5074
5081
5083
5084
5091
5092
5093
5096
5097
5105
5106
5108
5109
5112
5113
5116
5117
5126
5128
5129
5130
5132
5133
5140
5141
5142
5144
5148
5149
5150
5151
5153
5158
5159
5160
5161
5168
5169
5170
5171
5175
5176
5188
5189
5190
5191
5194
5195
5196
5205
5206
5209
5210
5211
5212
5214
5215
5216
5229
5230
5231
5233
5234
5235
5236
5237
5240
5241
5242
5243
5244
5245
5246
5249
5250
5252
5253
5254
5255
5256
5257
5260
5261
5262
5263
5264
5265
5266
5267
5270
5272
5273
5274
5275
5276
5277
5278
5283
5284
5287
5288
5290
5291
5292
5293
5301
5302
5307
5308
5309
5310
5311
5312
5313
5314
5315
5320
5321
5322
5330
5331
5332
5333
5334
5335
5336
5339
5341
5342
5343
5353
5354
5355
5361
5371
5372
5381
5382
5391
5392
5394
5395
5398
5401
5402
5414
5415
5416
5418
5435
5436
5445
5446
5461
5462
5465
5470
5471
5480
5481
5482
5485
5491
5492
5496
5500
5501
5503
5504
5505
5506
5508
5509
5510
5513
5520
5521
5522
5523
5525
5526
5528
5529
5530
5533
5540
5541
5542
5543
5545
5546
5548
5549
5550
5551
5556
5557
5558
5559
5560
5561
5564
5565
5566
5568
5569
5570
5571
5572
5575
5576
5577
5578
5579
5585
5590
5591
5592
5594
5595
5596
5597
5604
5605
5606
5607
5610
5612
5614
5615
5618
5619
5623
5624
5625
5626
5627
5632
5633
5634
5635
5636
5637
5638
5641
5642
5643
5644
5646
5647
5651
5652
5653
5654
5656
5657
5663
5664
5665
5666
5667
5668
5671
5672
5673
5674
5676
5677
5678
5683
5690
5691
5692
5693
5695
5697
5698
5699
5700
5701
5702
5703
5709
5710
5711
5712
5713
5715
5719
5720
5721
5722
5723
5729
5730
5731
5735
5736
5737
5741
5742
5743
5749
5750
5751
5752
5753
5755
5757
5761
5771
5772
5773
5781
5782
5792
5798
5801
5802
5803
5814
5815
5818
5822
5840
5841
5845
5846
5860
5861
5862
5864
5871
5875
5876
5878
5879
5880
5881
5882
5883
5884
5885
5895
5896
5899
5900
5901
5903
5904
5905
5907
5908
5909
5910
5919
5920
5921
5922
5923
5924
5925
5926
5927
5928
5929
5930
5940
5941
5942
5943
5944
5945
5946
5948
5949
5950
5951
5952
5956
5957
5964
5965
5966
5969
5970
5971
5972
5975
5976
5977
5978
5984
5985
5986
5989
5990
5991
5995
5996
6007
6008
6009
6012
6013
6017
6018
6022
6023
6026
6027
6028
6032
6037
6038
6040
6041
6042
6043
6046
6047
6048
6051
6052
6057
6060
6061
6062
6067
6068
6071
6072
6075
6083
6087
6088
6091
6092
6095
6100
6101
6102
6103
6104
6110
6111
6112
6121
6122
6123
6124
6125
6129
6130
6131
6132
6134
6137
6138
6142
6143
6144
6150
6151
6152
6153
6154
6156
6157
6158
6171
6172
6173
6174
6175
6176
6182
6192
6193
6194
6195
6202
6203
6217
6218
6222
6223
6238
6239
6240
6241
6255
6256
6259
6260
6261
6263
6264
6272
6275
6276
6278
6279
6280
6281
6283
6284
6288
6292
6295
6296
6298
6299
6300
6301
6303
6304
6307
6308
6309
6310
6312
6313
6316
6319
6320
6321
6322
6323
6324
6329
6330
6332
6333
6339
6342
6343
6344
6348
6349
6350
6351
6352
6353
6356
6357
6363
6364
6365
6368
6369
6370
6372
6373
6376
6384
6385
6388
6389
6392
6393
6396
6400
6403
6404
6407
6408
6409
6412
6413
6420
6422
6423
6424
6426
6427
6428
6429
6430
6432
6433
6437
6439
6440
6441
6442
6443
6444
6445
6446
6447
6448
6449
6451
6452
6453
6456
6457
6458
6459
6460
6461
6462
6463
6464
6465
6467
6468
6471
6472
6475
6476
6477
6479
6480
6481
6482
6483
6484
6487
6490
6491
6492
6493
6494
6495
6496
6498
6499
6500
6502
6503
6504
6506
6507
6509
6510
6511
6512
6513
6514
6515
6518
6519
6520
6521
6524
6525
6526
6527
6530
6531
6532
6533
6534
6535
6536
6537
6538
6539
6540
6541
6550
6551
6552
6553
6554
6555
6556
6557
6558
6570
6571
6572
6573
6574
6575
6576
6590
6591
6592
6593
6594
6595
6617
6618
6623
6631
6638
6639
6640
6643
6645
6646
6651
6654
6655
6658
6659
6663
6665
6666
6671
6672
6674
6675
6681
6687
6688
6692
6693
6696
6699
6700
6701
6707
6708
6712
6713
6716
6719
6720
6732
6733
6734
6738
6739
6743
6744
6749
6752
6753
6754
6758
6759
6760
6763
6764
6768
6769
6772
6773
6778
6779
6784
6788
6789
6792
6793
6800
6803
6804
6809
6811
6812
6813
6814
6815
6819
6820
6823
6824
6826
6827
6829
6832
6833
6834
6835
6839
6840
6841
6842
6843
6844
6845
6846
6847
6849
6850
6853
6854
6857
6859
6860
6861
6862
6863
6864
6865
6867
6873
6874
6875
6876
6878
6879
6880
6881
6882
6883
6886
6890
6891
6894
6895
6896
6897
6898
6899
6900
6901
6902
6904
6905
6906
6907
6909
6910
6911
6912
6913
6914
6915
6916
6917
6918
6919
6920
6921
6922
6927
6930
6931
6932
6933
6934
6935
6936
6937
6938
6939
6940
6941
6950
6951
6952
6953
6954
6955
6956
6957
6958
6962
6963
6969
6970
6971
6972
6973
6974
6975
6976
6989
6990
6991
7007
7022
7023
7026
7027
7030
7031
7032
7038
7039
7043
7045
7046
7050
7051
7052
7058
7059
7060
7061
7063
7065
7066
7070
7071
7081
7082
7091
7096
7097
7100
7101
7112
7113
7116
7117
7119
7120
7132
7133
7134
7138
7139
7140
7152
7153
7154
7155
7156
7158
7159
7160
7164
7165
7171
7172
7173
7174
7175
7178
7179
7184
7185
7191
7192
7193
7194
7198
7201
7202
7204
7210
7211
7212
7213
7214
7215
7216
7217
7218
7223
7224
7231
7232
7233
7234
7235
7236
7237
7243
7244
7249
7250
7252
7253
7254
7262
7263
7264
7265
7266
7270
7273
7274
7280
7282
7283
7285
7286
7293
7294
7300
7305
7306
7307
7309
7310
7311
7316
7317
7319
7324
7325
7326
7327
7328
7331
7332
7334
7335
7336
7337
7342
7344
7345
7346
7350
7351
7354
7355
7356
7357
7362
7363
7365
7366
7369
7370
7373
7374
7375
7376
7389
7390
7395
7396
7406
7407
7418
7426
7427
7438
7439
7463
7465
7470
7471
7483
7485
7486
7487
7490
7491
7493
7494
7496
7497
7500
7503
7504
7506
7512
7513
7514
7516
7517
7520
7523
7524
7525
7530
7531
7532
7533
7534
7535
7536
7540
7551
7552
7553
7554
7555
7556
7559
7560
7562
7564
7571
7572
7573
7574
7575
7576
7577
7578
7579
7581
7582
7591
7592
7593
7594
7595
7596
7597
7598
7601
7602
7611
7612
7613
7614
7615
7616
7617
7618
7621
7623
7624
7632
7633
7634
7635
7636
7637
7638
7643
7644
7647
7648
7650
7651
7652
7653
7654
7655
7656
7657
7663
7664
7665
7666
7670
7671
7673
7674
7676
7685
7686
7687
7705
7706
7707
7708
7713
7724
7725
7726
7727
7728
7735
7736
7741
7742
7743
7744
7745
7746
7755
7756
7762
7763
7764
7765
7766
7774
7775
7776
7785
7786
7795
7796
7797
7816
7817
7829
7836
7845
7851
7852
7853
7856
7857
7864
7865
7867
7870
7871
7872
7873
7884
7885
7886
7890
7891
7892
7893
7894
7903
7904
7905
7906
7911
7912
7913
7914
7923
7924
7925
7926
7931
7932
7933
7934
7935
7936
7937
7938
7939
7942
7943
7944
7945
7951
7952
7953
7954
7955
7956
7961
7962
7963
7964
7968
7969
7970
7972
7973
7974
7975
7976
7977
7978
7981
7982
7986
7989
7991
7992
7993
7994
7995
7996
7997
7998
