2
8
9
17
18
19
20
21
22
23
24
25
26
47
48
49
50
51
52
53
54
55
56
65
66
71
72
80
81
82
83
84
85
86
94
95
96
101
102
110
111
112
113
114
115
116
124
125
136
137
138
139
140
141
142
143
144
145
166
167
168
169
170
171
173
174
175
188
189
190
191
218
219
220
221
230
248
249
250
251
252
259
260
261
277
278
279
280
281
282
283
289
290
294
301
302
306
309
310
311
319
320
323
324
331
332
333
334
335
336
340
353
354
362
363
364
365
368
398
399
414
415
429
443
444
445
452
473
474
475
483
485
486
487
503
504
505
515
516
517
518
522
523
524
525
530
534
535
546
547
548
553
554
559
560
577
578
585
586
587
588
589
607
608
611
612
615
616
617
618
619
638
641
642
643
647
648
649
651
668
669
671
672
673
677
678
679
680
681
691
698
699
706
707
708
709
710
711
720
721
722
724
725
726
727
728
729
735
736
738
739
740
741
744
750
751
752
755
756
757
758
767
768
769
771
772
773
774
781
782
784
785
786
787
788
793
794
795
796
797
798
799
800
801
802
803
804
805
806
813
814
815
816
817
822
823
824
825
826
828
829
830
831
832
833
834
835
836
837
838
843
853
854
855
859
860
861
862
863
864
865
866
867
868
879
889
890
891
893
894
895
896
897
908
909
918
919
920
921
922
923
924
925
926
938
939
941
942
943
949
950
951
952
953
954
955
968
969
970
971
972
973
974
975
976
982
983
984
985
986
994
998
999
1000
1001
1002
1013
1014
1015
1037
1038
1039
1040
1041
1044
1045
1067
1068
1069
1070
1074
1075
1087
1088
1089
1090
1091
1092
1102
1103
1118
1119
1120
1121
1122
1130
1131
1132
1133
1134
1149
1150
1151
1152
1153
1158
1159
1160
1161
1163
1164
1175
1176
1179
1180
1181
1182
1183
1188
1189
1190
1194
1202
1205
1206
1209
1210
1211
1212
1218
1219
1220
1223
1224
1232
1233
1235
1236
1237
1239
1240
1241
1244
1245
1254
1266
1267
1270
1271
1275
1299
1300
1301
1322
1329
1330
1331
1343
1344
1345
1352
1353
1355
1356
1373
1374
1375
1382
1383
1384
1385
1386
1391
1392
1402
1403
1404
1405
1412
1413
1414
1415
1416
1417
1421
1422
1423
1424
1430
1443
1446
1447
1451
1452
1453
1454
1455
1460
1477
1478
1482
1485
1486
1487
1488
1489
1493
1494
1516
1517
1518
1519
1538
1542
1543
1547
1548
1549
1566
1567
1568
1569
1572
1573
1579
1580
1581
1593
1594
1595
1596
1597
1598
1599
1603
1606
1607
1609
1610
1611
1620
1621
1622
1623
1624
1625
1626
1627
1628
1635
1636
1637
1639
1640
1641
1650
1651
1652
1657
1658
1664
1665
1668
1669
1670
1681
1684
1685
1686
1687
1688
1693
1694
1695
1696
1697
1698
1699
1700
1701
1702
1703
1704
1705
1706
1713
1714
1715
1716
1717
1722
1723
1724
1725
1726
1730
1731
1732
1733
1734
1735
1736
1738
1755
1759
1760
1761
1762
1763
1764
1765
1766
1767
1768
1779
1789
1790
1791
1792
1793
1794
1795
1808
1809
1810
1811
1812
1813
1816
1819
1820
1821
1822
1823
1824
1825
1838
1839
1840
1841
1842
1843
1844
1845
1846
1849
1850
1852
1853
1854
1855
1867
1868
1869
1870
1871
1872
1873
1874
1875
1876
1883
1884
1898
1899
1900
1901
1902
1903
1904
1905
1963
1969
1970
1975
1981
1982
1988
1989
1990
1991
1992
1999
2000
2011
2012
2019
2020
2021
2022
2031
2032
2033
2034
2049
2050
2051
2052
2053
2058
2059
2060
2061
2062
2063
2064
2065
2075
2076
2077
2078
2079
2080
2081
2082
2083
2088
2089
2090
2091
2093
2094
2105
2106
2107
2108
2109
2110
2111
2112
2117
2118
2119
2120
2121
2135
2136
2137
2138
2139
2140
2145
2146
2149
2150
2166
2167
2168
2170
2171
2175
2176
2191
2200
2201
2224
2225
2229
2230
2231
2236
2237
2242
2243
2244
2252
2253
2254
2255
2256
2259
2260
2261
2262
2266
2267
2268
2269
2272
2273
2274
2282
2283
2284
2285
2286
2290
2291
2292
2298
2299
2312
2313
2314
2315
2316
2320
2321
2322
2323
2343
2344
2345
2346
2350
2351
2352
2363
2364
2365
2375
2376
2381
2382
2386
2387
2388
2389
2390
2393
2394
2395
2411
2412
2415
2416
2417
2418
2419
2442
2443
2444
2449
2460
2464
2465
2466
2468
2469
2470
2472
2473
2474
2477
2479
2482
2487
2494
2495
2496
2497
2498
2499
2502
2503
2506
2507
2508
2509
2511
2512
2527
2528
2529
2535
2536
2537
2541
2542
2557
2565
2566
2569
2583
2584
2585
2586
2587
2588
2593
2597
2598
2599
2600
2601
2603
2604
2605
2612
2613
2614
2615
2616
2617
2622
2623
2627
2628
2629
2630
2631
2632
2633
2634
2635
2646
2652
2653
2660
2661
2662
2663
2664
2665
2682
2683
2690
2691
2692
2693
2694
2695
2709
2710
2711
2712
2713
2714
2715
2716
2720
2721
2724
2725
2738
2739
2740
2741
2742
2743
2744
2745
2746
2767
2768
2769
2770
2771
2772
2773
2774
2775
2776
2798
2799
2800
2801
2802
2803
2804
2827
2828
2829
2831
2832
2833
2857
2858
2859
2860
2861
2862
2863
2880
2888
2889
2890
2891
2892
2900
2909
2910
2917
2918
2919
2920
2921
2922
2923
2934
2938
2939
2940
2945
2946
2947
2948
2949
2950
2951
2952
2953
2954
2961
2962
2964
2967
2968
2969
2974
2975
2976
2977
2978
2979
2980
2981
2982
2983
2988
2989
2990
2991
2992
2998
3005
3006
3007
3008
3009
3010
3011
3016
3017
3018
3019
3020
3021
3035
3036
3037
3038
3039
3040
3045
3046
3047
3048
3049
3050
3051
3066
3067
3068
3074
3075
3076
3079
3080
3081
3090
3091
3093
3094
3100
3105
3109
3110
3111
3112
3120
3121
3122
3123
3124
3125
3126
3129
3130
3135
3136
3137
3139
3140
3141
3142
3143
3151
3152
3153
3154
3155
3156
3159
3160
3161
3162
3165
3166
3167
3168
3169
3170
3172
3173
3182
3183
3184
3185
3186
3189
3190
3191
3192
3197
3198
3199
3200
3213
3214
3215
3220
3243
3244
3245
3246
3249
3250
3251
3256
3257
3258
3263
3264
3265
3273
3274
3275
3279
3280
3281
3282
3286
3287
3288
3289
3290
3293
3294
3295
3304
3305
3311
3312
3313
3314
3316
3317
3318
3319
3320
3330
3331
3332
3334
3342
3343
3344
3345
3349
3360
3361
3362
3363
3364
3365
3371
3372
3373
3374
3379
3380
3387
3388
3389
3395
3398
3399
3400
3401
3402
3403
3407
3408
3409
3410
3411
3412
3417
3418
3419
3428
3432
3433
3436
3437
3438
3439
3440
3441
3442
3443
3444
3450
3451
3453
3454
3455
3463
3466
3467
3468
3473
3474
3480
3481
3482
3483
3484
3485
3486
3487
3490
3493
3496
3497
3498
3499
3500
3503
3504
3505
3511
3512
3513
3514
3515
3516
3517
3521
3522
3523
3527
3528
3529
3530
3531
3534
3535
3546
3551
3552
3553
3557
3560
3561
3564
3565
3580
3581
3582
3583
3585
3586
3590
3591
3594
3595
3610
3611
3612
3613
3614
3615
3616
3620
3621
3640
3641
3642
3643
3644
3645
3670
3671
3672
3673
3674
3697
3698
3699
3700
3701
3702
3703
3727
3728
3729
3730
3731
3732
3742
3743
3757
3758
3759
3760
3761
3762
3772
3776
3780
3787
3788
3789
3790
3791
3792
3806
3807
3808
3809
3810
3816
3817
3818
3819
3820
3821
3822
3837
3838
3839
3840
3844
3845
3846
3847
3848
3849
3850
3851
3852
3853
3854
3855
3861
3862
3867
3868
3869
3873
3874
3875
3876
3877
3878
3879
3880
3881
3882
3883
3884
3885
3886
3887
3888
3889
3890
3891
3892
3898
3903
3904
3905
3906
3907
3908
3909
3910
3911
3916
3917
3918
3919
3920
3921
3934
3935
3936
3937
3938
3939
3940
3945
3946
3947
3948
3949
3950
3951
3965
3966
3967
3968
3974
3975
3976
3978
3979
3980
3981
3991
3992
3993
3994
3995
4004
4005
4006
4010
4011
4012
4021
4022
4023
4024
4025
4029
4034
4035
4036
4040
4041
4042
4052
4053
4054
4055
4056
4058
4059
4060
4064
4065
4066
4067
4069
4070
4082
4083
4084
4085
4086
4089
4090
4095
4097
4098
4099
4100
4112
4113
4114
4115
4116
4127
4128
4129
4143
4144
4145
4146
4149
4150
4151
4157
4158
4159
4163
4164
4165
4174
4175
4179
4180
4181
4182
4187
4188
4189
4193
4194
4200
4204
4205
4210
4211
4212
4213
4214
4219
4220
4230
4231
4232
4233
4234
4235
4242
4243
4244
4245
4260
4261
4262
4263
4272
4273
4274
4275
4279
4280
4288
4289
4290
4292
4300
4301
4302
4303
4307
4309
4310
4318
4319
4320
4330
4331
4337
4338
4339
4340
4343
4344
4348
4349
4350
4351
4352
4353
4354
4355
4356
4363
4367
4368
4369
4370
4373
4374
4380
4381
4382
4383
4384
4385
4386
4390
4391
4393
4397
4404
4411
4412
4413
4414
4415
4416
4420
4421
4423
4434
4435
4451
4452
4460
4480
4481
4482
4483
4484
4490
4511
4512
4524
4525
4541
4542
4555
4570
4571
4572
4584
4585
4597
4598
4599
4600
4601
4614
4615
4626
4627
4628
4629
4630
4631
4643
4644
4656
4657
4658
4659
4660
4672
4673
4674
4686
4687
4688
4689
4690
4696
4697
4707
4708
4709
4710
4715
4716
4717
4718
4719
4720
4721
4726
4727
4737
4738
4739
4740
4744
4745
4746
4747
4748
4749
4750
4751
4753
4754
4755
4756
4762
4767
4768
4769
4773
4774
4775
4776
4777
4778
4779
4780
4781
4782
4783
4784
4785
4786
4789
4790
4791
4792
4798
4803
4804
4805
4806
4807
4808
4809
4810
4818
4819
4820
4821
4833
4834
4835
4836
4837
4838
4839
4848
4849
4850
4865
4866
4867
4878
4879
4880
4881
4891
4892
4893
4894
4895
4908
4909
4910
4911
4912
4921
4922
4923
4924
4925
4926
4940
4941
4942
4951
4952
4953
4954
4955
4956
4957
4958
4959
4965
4982
4983
4984
4985
4986
4987
4988
4989
4997
4999
5012
5013
5014
5015
5016
5027
5028
5029
5040
5041
5042
5043
5044
5045
5046
5051
5057
5058
5059
5069
5070
5071
5073
5074
5080
5081
5082
5098
5099
5100
5101
5102
5103
5104
5105
5112
5128
5129
5130
5131
5132
5133
5134
5135
5143
5144
5145
5146
5161
5162
5163
5172
5173
5174
5175
5190
5191
5192
5193
5200
5201
5203
5204
5207
5208
5209
5210
5219
5220
5221
5222
5230
5231
5233
5237
5238
5239
5240
5241
5249
5250
5251
5252
5253
5254
5255
5260
5261
5263
5267
5268
5269
5280
5281
5282
5283
5284
5285
5286
5290
5291
5293
5310
5311
5312
5313
5314
5315
5365
5366
5395
5396
5412
5413
5424
5425
5426
5441
5442
5455
5466
5467
5470
5471
5472
5484
5485
5496
5497
5498
5499
5500
5501
5514
5515
5525
5526
5527
5528
5529
5530
5531
5543
5544
5545
5554
5555
5556
5557
5558
5559
5560
5566
5573
5574
5582
5583
5584
5585
5586
5587
5588
5589
5596
5597
5610
5612
5613
5614
5615
5616
5617
5618
5628
5629
5632
5633
5637
5638
5639
5643
5644
5645
5646
5647
5648
5649
5660
5661
5662
5663
5667
5668
5669
5673
5674
5675
5676
5677
5678
5679
5680
5690
5691
5703
5704
5705
5706
5707
5708
5709
5710
5719
5733
5737
5738
5739
5748
5749
5750
5778
5779
5780
5781
5793
5794
5795
5808
5809
5810
5811
5812
5820
5821
5822
5823
5824
5825
5826
5838
5839
5840
5841
5842
5850
5851
5852
5853
5854
5855
5856
5857
5858
5870
5880
5881
5882
5883
5884
5885
5886
5887
5909
5910
5911
5912
5913
5914
5915
5927
5928
5929
5938
5939
5940
5941
5942
5943
5944
5945
5952
5955
5956
5957
5968
5969
5970
5971
5972
5997
5998
5999
6000
6001
6002
6003
6028
6029
6030
6031
6032
6033
6034
6043
6044
6045
6046
6047
6048
6061
6062
6063
6064
6071
6073
6074
6075
6091
6092
6093
6100
6101
6103
6104
6108
6109
6110
6111
6120
6121
6122
6123
6130
6131
6133
6134
6137
6138
6139
6140
6141
6150
6151
6152
6153
6154
6155
6156
6160
6161
6162
6163
6167
6168
6180
6181
6182
6183
6184
6185
6186
6187
6190
6191
6192
6193
6210
6211
6212
6213
6214
6235
6236
6241
6244
6265
6266
6282
6283
6295
6296
6312
6313
6341
6342
6343
6365
6366
6367
6368
6369
6370
6371
6372
6373
6395
6396
6397
6398
6399
6400
6401
6402
6403
6423
6424
6425
6426
6427
6429
6430
6431
6432
6453
6454
6455
6456
6457
6459
6460
6461
6482
6483
6484
6485
6486
6489
6496
6504
6512
6513
6514
6515
6516
6517
6518
6531
6532
6533
6534
6538
6539
6543
6544
6545
6546
6547
6548
6560
6561
6562
6563
6567
6568
6569
6576
6577
6578
6579
6603
6607
6608
6609
6619
6620
6638
6639
6648
6649
6650
6660
6664
6678
6679
6680
6681
6694
6708
6709
6710
6711
6712
6717
6718
6722
6723
6724
6725
6740
6741
6742
6747
6748
6751
6752
6753
6754
6755
6756
6770
6771
6780
6781
6782
6783
6784
6785
6808
6809
6810
6811
6812
6813
6814
6815
6823
6824
6827
6828
6837
6838
6839
6840
6841
6842
6852
6853
6854
6855
6856
6867
6868
6869
6870
6871
6897
6898
6899
6900
6901
6902
6905
6906
6915
6916
6917
6918
6928
6929
6930
6931
6932
6933
6934
6935
6936
6942
6943
6944
6945
6946
6947
6948
6962
6963
6964
6971
6972
6973
6974
6982
6983
6992
6993
6994
7000
7001
7003
7004
7010
7011
7012
7013
7023
7030
7031
7032
7033
7034
7041
7054
7055
7056
7060
7061
7062
7063
7064
7081
7082
7084
7085
7086
7090
7092
7093
7094
7104
7105
7106
7107
7108
7110
7111
7112
7123
7124
7125
7135
7136
7137
7138
7139
7140
7152
7153
7154
7166
7169
7182
7183
7184
7208
7209
7212
7213
7214
7240
7241
7242
7243
7244
7263
7265
7266
7267
7270
7271
7272
7273
7281
7293
7294
7295
7296
7300
7301
7302
7303
7322
7323
7324
7325
7326
7330
7331
7332
7353
7354
7355
7359
7360
7361
7362
7383
7384
7385
7388
7389
7390
7391
7403
7404
7405
7412
7413
7415
7432
7433
7434
7446
7447
7476
7477
7478
7506
7507
7508
7509
7519
7520
7530
7531
7536
7549
7560
7561
7563
7564
7587
7588
7589
7590
7593
7594
7611
7612
7617
7618
7619
7622
7623
7624
7625
7631
7640
7641
7642
7647
7648
7652
7653
7654
7655
7665
7669
7670
7671
7682
7694
7695
7700
7706
7707
7708
7709
7723
7724
7725
7737
7738
7739
7740
7752
7753
7754
7755
7767
7768
7769
7770
7771
7782
7783
7787
7799
7800
7801
7805
7806
7807
7812
7813
7814
7815
7816
7817
7818
7831
7832
7833
7834
7835
7836
7837
7841
7842
7843
7844
7845
7846
7847
7848
7862
7863
7864
7865
7873
7874
7883
7893
7894
7903
7910
7911
7923
7924
7925
7931
7933
7934
7954
7955
7956
7961
7962
7963
7964
7970
7971
7976
7977
7978
7980
7981
7984
7985
7986
7991
7992
7993
7994
7995
8000
8001
8005
8006
8007
8008
8010
8011
8015
8016
8022
8023
8024
8025
8026
8038
8039
8040
8048
8049
8052
8053
8054
8055
8069
8078
8079
8082
8083
8084
8085
8111
8112
8113
8114
8115
8132
8133
8140
8141
8142
8143
8144
8162
8163
8164
8165
8170
8171
8172
8173
8178
8179
8180
8181
8185
8186
8192
8193
8194
8195
8196
8200
8201
8202
8209
8215
8216
8222
8223
8224
8225
8226
8229
8230
8231
8232
8245
8246
8252
8253
8254
8255
8259
8260
8261
8262
8275
8276
8283
8287
8288
8289
8290
8291
8292
8302
8303
8304
8305
8306
8313
8317
8318
8319
8320
8321
8327
8332
8333
8334
8346
8375
8376
8377
8378
8405
8406
8407
8408
8436
8437
8438
8460
8461
8466
8467
8487
8488
8489
8490
8493
8494
8506
8510
8511
8512
8517
8518
8519
8520
8523
8524
8530
8535
8536
8537
8540
8541
8542
8547
8548
8549
8554
8555
8559
8560
8564
8565
8566
8568
8569
8570
8571
8577
8578
8589
8590
8594
8595
8598
8600
8601
8605
8606
8607
8608
8627
8635
8636
8637
8638
8639
8640
8651
8652
8653
8657
8658
8668
8669
8670
8673
8674
8675
8680
8681
8682
8683
8686
8687
8688
8702
8703
8704
8705
8706
8707
8710
8711
8712
8713
8714
8716
8717
8718
8732
8733
8734
8735
8736
8737
8741
8742
8743
8744
8746
8747
8748
8762
8763
8764
8765
8773
8781
8784
8793
8794
8801
8811
8812
8817
8818
8823
8824
8831
8832
8833
8841
8847
8854
8855
8856
8860
8861
8862
8863
8870
8871
8872
8876
8877
8878
8883
8884
8885
8886
8890
8891
8892
8893
8894
8895
8900
8901
8902
8906
8907
8908
8910
8911
8912
8914
8915
8922
8923
8924
8925
8926
8927
8939
8940
8941
8942
8948
8952
8953
8954
8955
8956
8978
8982
8983
8984
8985
9008
9011
9012
9013
9014
9015
9032
9033
9041
9042
9043
9044
9045
9046
9061
9062
9063
9064
9065
9066
9072
9075
9076
9077
9078
9079
9080
9085
9086
9092
9093
9094
9095
9096
9101
9102
9104
9105
9106
9107
9108
9109
9115
9116
9123
9125
9126
9130
9131
9132
9133
9134
9138
9146
9147
9152
9153
9158
9160
9161
9162
9163
9164
9168
9174
9176
9177
9182
9183
9188
9189
9190
9191
9192
9193
9197
9198
9203
9204
9205
9206
9214
9215
9219
9220
9221
9226
9227
9245
9256
9257
9274
9275
9276
9277
9304
9305
9306
9307
9308
9335
9336
9337
9346
9347
9348
9349
9366
9367
9375
9376
9377
9378
9379
9380
9381
9390
9391
9405
9406
9407
9408
9409
9410
9411
9417
9418
9419
9420
9421
9435
9436
9437
9438
9440
9441
9447
9448
9449
9450
9459
9460
9465
9466
9467
9468
9470
9471
9475
9476
9477
9478
9479
9489
9490
9494
9495
9496
9497
9498
9500
9501
9505
9506
9507
9508
9509
9510
9512
9523
9525
9526
9527
9528
9531
9535
9536
9537
9538
9539
9540
9541
9542
9543
9544
9551
9552
9555
9556
9557
9558
9561
9567
9568
9569
9571
9572
9573
9574
9575
9580
9581
9582
9583
9585
9587
9598
9599
9602
9603
9604
9605
9606
9610
9611
9612
9613
9633
9634
9635
9641
9642
9651
9652
9663
9664
9678
9681
9682
9693
9694
9708
9709
9711
9712
9718
9722
9731
9738
9741
9742
9753
9760
9761
9768
9769
9770
9771
9772
9773
9782
9783
9784
9785
9789
9790
9791
9797
9798
9800
9801
9802
9803
9811
9812
9813
9814
9823
9824
9825
9826
9827
9841
9842
9843
9848
9853
9854
9855
9856
9857
9872
9877
9878
9883
9884
9885
9907
9913
9914
9931
9932
9943
9945
9946
9947
9961
9962
9963
9966
9974
9975
9976
9977
9979
9991
9992
9993
9995
9996
9997
9998
10004
10005
10009
10022
10023
10026
10027
10033
10034
10035
10038
10039
10046
10047
10052
10062
10063
10068
10069
10070
10074
10075
10076
10077
10083
10084
10089
10093
10097
10099
10103
10104
10105
10113
10114
10126
10127
10143
10144
10145
10156
10157
10174
10175
10204
10205
10206
10207
10235
10236
10246
10247
10248
10249
10250
10251
10275
10276
10277
10278
10279
10280
10281
10290
10305
10306
10307
10308
10309
10310
10311
10317
10318
10320
10321
10335
10336
10337
10338
10347
10348
10349
10350
10351
10365
10366
10367
10368
10369
10375
10376
10377
10378
10379
10380
10381
10390
10395
10396
10397
10398
10399
10401
10402
10405
10406
10407
10408
10409
10410
10411
10412
10413
10420
10421
10422
10423
10424
10425
10426
10427
10428
10431
10432
10436
10437
10438
10439
10440
10441
10442
10443
10444
10450
10451
10452
10454
10455
10456
10460
10461
10467
10468
10469
10470
10471
10472
10473
10474
10480
10481
10482
10485
10490
10491
10498
10499
10500
10501
10502
10503
10504
10510
10511
10512
10521
10529
10533
10534
10551
10552
10581
10582
10592
10609
10610
10611
10612
10631
10638
10639
10640
10641
10642
10643
10653
10654
10660
10661
10667
10668
10669
10670
10671
10672
10673
10682
10683
10684
10685
10689
10690
10691
10697
10698
10699
10700
10701
10702
10703
10711
10712
10713
10714
10715
10716
10717
10723
10724
10725
10726
10727
10728
10730
10741
10742
10747
10748
10753
10754
10755
10756
10777
10778
10783
10784
10806
10807
10813
10814
10831
10832
10836
10846
10847
10861
10862
10863
10866
10867
10869
10874
10875
10876
10896
10897
10898
10899
10903
10904
10905
10911
10925
10926
10927
10928
10929
10933
10934
10935
10939
10940
10941
10944
10954
10955
10956
10957
10969
10970
10974
10975
10983
10984
11004
11005
11013
11014
11043
11044
11045
11055
11074
11075
11083
11084
11085
11104
11105
11113
11114
11119
11120
11148
11149
11150
11151
11176
11177
11178
11179
11180
11181
11206
11207
11208
11209
11218
11236
11237
11238
11239
11247
11248
11249
11250
11251
11265
11266
11267
11268
11269
11275
11276
11277
11278
11279
11280
11281
11290
11295
11296
11297
11298
11299
11301
11302
11305
11306
11307
11308
11309
11310
11311
11312
11320
11321
11322
11323
11324
11325
11326
11327
11331
11332
11337
11338
11339
11340
11341
11342
11343
11350
11351
11352
11353
11354
11355
11356
11360
11361
11368
11369
11370
11371
11372
11373
11380
11381
11384
11385
11386
11390
11391
11392
11398
11399
11400
11401
11402
11403
11410
11411
11415
11416
11420
11421
11422
11432
11433
11463
11464
11488
11492
11493
11494
11501
11509
11510
11517
11518
11524
11525
11530
11531
11538
11539
11540
11541
11554
11555
11556
11557
11558
11559
11560
11561
11567
11568
11569
11570
11571
11572
11573
11583
11584
11585
11586
11587
11588
11590
11591
11597
11598
11599
11600
11601
11602
11603
11612
11613
11614
11615
11616
11617
11627
11628
11629
11630
11631
11632
11647
11653
11654
11661
11662
11663
11676
11677
11683
11684
11706
11707
11710
11711
11736
11767
11768
11769
11770
11781
11782
11783
11796
11797
11798
11799
11800
11803
11804
11811
11812
11824
11825
11826
11827
11828
11833
11834
11840
11841
11845
11850
11851
11853
11854
11855
11856
11857
11869
11870
11874
11875
11880
11881
11882
11884
11886
11905
11914
11915
11944
11945
11975
11983
11984
11988
11989
12010
12011
12013
12014
12019
12020
12021
12041
12048
12049
12050
12051
12078
12079
12080
12107
12108
12109
12137
12138
12139
12148
12149
12150
12166
12167
12168
12169
12176
12177
12178
12179
12180
12181
12190
12195
12196
12197
12198
12206
12207
12208
12209
12210
12211
12212
12220
12221
12222
12223
12224
12225
12226
12227
12236
12237
12238
12239
12240
12241
12242
12250
12251
12252
12253
12254
12255
12256
12261
12262
12268
12269
12270
12271
12272
12280
12281
12284
12285
12286
12289
12290
12291
12292
12301
12302
12303
12314
12315
12316
12321
12322
12333
12363
12393
12394
12395
12396
12402
12403
12424
12425
12426
12427
12429
12430
12431
12432
12433
12454
12455
12456
12457
12458
12459
12460
12461
12462
12463
12483
12484
12485
12486
12487
12488
12490
12491
12492
12497
12498
12513
12514
12515
12516
12517
12521
12522
12527
12528
12529
12530
12531
12532
12533
12547
12549
12550
12551
12558
12559
12561
12562
12563
12576
12577
12579
12580
12581
12588
12589
12606
12607
12610
12652
12653
12667
12668
12669
12670
12673
12681
12682
12683
12694
12695
12697
12698
12699
12700
12702
12703
12711
12712
12713
12724
12725
12726
12727
12728
12731
12732
12733
12740
12741
12750
12751
12752
12753
12754
12755
12756
12757
12780
12781
12782
12783
12786
12787
12811
12812
12813
12814
12815
12844
12845
12864
12878
12880
12881
12882
12883
12887
12888
12889
12893
12894
12909
12910
12911
12912
12913
12914
12918
12919
12920
12921
12939
12940
12941
12942
12943
12944
12949
12950
12951
12969
12978
12979
12980
12996
12997
12998
12999
13000
13007
13008
13009
13027
13038
13039
13080
13081
13096
13097
13106
13107
13108
13109
13110
13111
13121
13122
13123
13124
13125
13126
13127
13128
13135
13136
13137
13138
13139
13140
13141
13152
13153
13154
13155
13156
13157
13158
13159
13160
13161
13162
13170
13171
13172
13184
13185
13186
13187
13188
13189
13190
13191
13192
13202
13214
13215
13217
13218
13219
13220
13249
13250
13264
13265
13293
13294
13295
13296
13301
13302
13303
13305
13324
13325
13326
13327
13328
13329
13330
13331
13332
13333
13334
13355
13356
13357
13358
13359
13360
13361
13362
13363
13367
13384
13385
13386
13387
13389
13390
13391
13392
13393
13396
13397
13398
13414
13415
13416
13420
13421
13422
13427
13428
13429
13449
13450
13451
13458
13459
13463
13479
13480
13481
13543
13552
13553
13572
13573
13574
13581
13582
13583
13594
13595
13596
13602
13603
13610
13611
13612
13613
13623
13624
13625
13626
13627
13631
13632
13639
13640
13641
13642
13653
13654
13655
13656
13657
13669
13670
13671
13681
13682
13683
13686
13698
13699
13711
13712
13713
13714
13728
13729
13742
13743
13744
13745
13746
13758
13759
13763
13764
13772
13773
13775
13776
13778
13780
13781
13782
13783
13788
13789
13793
13794
13795
13804
13805
13809
13810
13811
13812
13813
13819
13820
13824
13834
13835
13839
13840
13842
13843
13849
13850
13865
13866
13867
13868
13869
13870
13879
13880
13896
13897
13898
13899
13900
13927
13997
14006
14007
14022
14023
14024
14025
14026
14027
14028
14029
14030
14031
14035
14036
14037
14053
14054
14055
14056
14057
14058
14059
14060
14061
14066
14083
14084
14085
14086
14087
14088
14089
14090
14091
14115
14116
14117
14118
14119
14120
14149
14150
14164
14165
14166
14170
14171
14172
14185
14194
14195
14196
14197
14198
14199
14200
14201
14202
14203
14211
14214
14215
14216
14226
14227
14228
14229
14230
14231
14232
14233
14234
14255
14256
14257
14258
14259
14260
14261
14262
14263
14284
14285
14286
14287
14289
14290
14291
14292
14319
14320
14321
14322
14349
14350
14408
14409
14414
14422
14423
14438
14443
14444
14445
14446
14447
14451
14452
14453
14454
14473
14474
14475
14476
14477
14481
14482
14483
14484
14485
14493
14494
14495
14496
14497
14503
14504
14505
14506
14510
14511
14512
14513
14514
14515
14523
14524
14525
14526
14527
14539
14540
14541
14542
14554
14556
14569
14570
14571
14598
14599
14600
14612
14613
14614
14615
14627
14628
14629
14632
14642
14643
14644
14645
14646
14658
14659
14662
14663
14664
14672
14673
14674
14675
14676
14692
14693
14694
14695
14704
14705
14706
14710
14711
14712
14713
14724
14725
14726
14734
14735
14736
14740
14741
14742
14743
14765
14766
14767
14769
14770
14796
14797
14798
14799
14800
14829
14830
14898
14899
14900
14905
14906
14907
14924
14926
14927
14928
14929
14930
14935
14936
14937
14953
14954
14955
14956
14957
14958
14959
14960
14961
14965
14966
14983
14984
14985
14986
14987
14988
14989
14990
14991
15010
15016
15017
15018
15019
15020
15021
15034
15035
15039
15040
15049
15050
15051
15064
15065
15066
15067
15069
15070
15080
15084
15085
15086
15087
15095
15096
15097
15099
15100
15101
15102
15103
15110
15111
15114
15115
15116
15126
15127
15128
15129
15130
15131
15132
15133
15134
15135
15140
15141
15157
15158
15159
15160
15162
15163
15164
15165
15171
15186
15187
15188
15189
15190
15218
15219
15220
15223
15248
15249
15253
15254
15255
15279
15283
15308
15309
15311
15312
15313
15314
15315
15316
15317
15322
15323
15324
15338
15339
15341
15342
15343
15344
15345
15346
15347
15351
15352
15353
15354
15355
15362
15363
15364
15367
15368
15371
15372
15373
15374
15375
15376
15377
15381
15382
15383
15384
15385
15386
15392
15393
15394
15396
15397
15398
15403
15404
15405
15406
15407
15411
15412
15413
15414
15415
15423
15424
15426
15427
15430
15433
15434
15435
15436
15437
15440
15441
15442
15443
15456
15461
15469
15470
15471
15497
15498
15499
15500
15515
15516
15527
15528
15529
15530
15543
15544
15545
15546
15557
15560
15561
15562
15563
15573
15574
15575
15576
15577
15587
15591
15592
15593
15594
15595
15596
15601
15602
15604
15605
15606
15611
15617
15622
15623
15624
15625
15626
15655
15656
15680
15711
15741
15742
15760
15797
15798
15799
15800
15804
15805
15806
15807
15808
15827
15828
15829
15830
15834
15835
15836
15837
15858
15865
15866
15883
15886
15888
15889
15890
15904
15905
15909
15910
15918
15919
15920
15921
15934
15935
15936
15939
15940
15948
15949
15950
15951
15954
15965
15966
15978
15979
15980
15984
15985
15986
15987
15996
16002
16003
16009
16010
16011
16015
16016
16032
16033
16034
16035
16039
16040
16041
16062
16063
16064
16065
16069
16070
16086
16087
16088
16093
16094
16118
16119
16124
16148
16149
16153
16154
16155
16156
16163
16178
16179
16182
16183
16184
16185
16186
16192
16193
16211
16212
16213
16214
16215
16216
16217
16218
16222
16223
16224
16238
16241
16242
16243
16244
16245
16246
16247
16248
16251
16252
16253
16254
16255
16261
16262
16263
16264
16267
16271
16272
16273
16274
16275
16276
16277
16281
16282
16283
16284
16285
16286
16291
16292
16293
16294
16297
16300
16302
16303
16304
16305
16306
16307
16311
16312
16313
16314
16315
16316
16320
16321
16323
16324
16329
16330
16331
16333
16334
16335
16336
16337
16339
16340
16341
16342
16343
16344
16345
16359
16360
16365
16366
16367
16369
16370
16371
16372
16386
16387
16391
16397
16398
16399
16400
16415
16416
16417
16426
16427
16428
16429
16430
16445
16446
16447
16456
16457
16458
16461
16462
16463
16470
16475
16476
16477
16486
16487
16488
16491
16492
16493
16501
16502
16504
16505
16506
16520
16521
16522
16523
16524
16525
16526
16532
16535
16549
16550
16551
16552
16554
16555
16556
16580
16581
16584
16585
16586
16610
16611
16612
16614
16615
16641
16642
16660
16661
16677
16678
16690
16691
16704
16707
16708
16734
16735
16738
16789
16804
16805
16809
16818
16819
16820
16821
16834
16835
16848
16849
16850
16854
16855
16878
16879
16880
16884
16885
16902
16903
16908
16909
16910
16932
16933
16934
16935
16939
16940
16963
16964
16965
16969
16987
16993
16994
16995
17022
17023
17024
17025
17026
17053
17054
17055
17056
17062
17063
17064
17065
17082
17083
17084
17085
17086
17087
17092
17093
17094
17114
17115
17116
17117
17118
17122
17123
17124
17125
17142
17144
17145
17146
17147
17148
17151
17152
17153
17154
17155
17161
17162
17174
17175
17176
17177
17181
17182
17183
17184
17185
17186
17190
17191
17192
17203
17204
17205
17206
17210
17211
17212
17213
17214
17215
17216
17220
17221
17222
17223
17224
17228
17229
17230
17234
17235
17236
17241
17242
17243
17244
17245
17246
17251
17254
17255
17259
17260
17261
17265
17266
17269
17270
17271
17272
17273
17286
17287
17288
17290
17291
17292
17296
17297
17298
17299
17300
17316
17317
17318
17321
17322
17325
17326
17327
17328
17329
17342
17343
17346
17347
17355
17356
17357
17358
17362
17363
17368
17370
17372
17373
17376
17377
17386
17387
17388
17391
17392
17393
17398
17402
17403
17404
17421
17422
17423
17424
17433
17434
17435
17450
17451
17452
17455
17481
17485
17541
17542
17543
17571
17572
17573
17577
17578
17602
17603
17604
17607
17608
17687
17702
17703
17716
17717
17718
17719
17732
17733
17746
17747
17748
17749
17754
17755
17761
17762
17767
17768
17779
17780
17784
17785
17791
17792
17797
17798
17799
17802
17803
17804
17809
17810
17821
17825
17829
17830
17832
17833
17834
17835
17840
17850
17851
17852
17859
17860
17862
17863
17864
17865
17866
17869
17870
17878
17880
17881
17882
17883
17887
17892
17893
17894
17895
17896
17908
17909
17910
17911
17912
17922
17923
17924
17925
17926
17927
17935
17937
17938
17939
17952
17953
17954
17955
17956
17957
17958
17963
17964
17965
17985
17986
17987
17988
17992
17993
17994
17995
18008
18015
18016
18017
18022
18023
18024
18025
18038
18045
18046
18051
18052
18053
18054
18055
18075
18076
18080
18081
18082
18083
18084
18085
18095
18096
18099
18108
18109
18110
18111
18112
18113
18114
18115
18116
18121
18122
18123
18124
18125
18126
18128
18129
18130
18138
18139
18140
18141
18144
18145
18146
18147
18153
18154
18155
18156
18159
18160
18169
18170
18175
18176
18177
18185
18186
18191
18192
18196
18198
18199
18200
18215
18221
18225
18226
18227
18228
18229
18242
18243
18254
18255
18256
18257
18258
18259
18262
18263
18271
18272
18273
18285
18286
18292
18293
18294
18295
18301
18302
18303
18304
18315
18320
18321
18322
18323
18324
18332
18333
18334
18351
18352
18377
18378
18391
18392
18407
18408
18409
18422
18423
18442
18443
18447
18448
18451
18452
18453
18471
18472
18473
18477
18478
18502
18503
18578
18579
18586
18602
18603
18616
18617
18624
18631
18632
18633
18637
18646
18654
18655
18660
18661
18662
18663
18666
18667
18668
18684
18690
18691
18692
18695
18697
18698
18702
18703
18704
18721
18722
18728
18729
18730
18732
18733
18734
18735
18740
18751
18752
18753
18754
18758
18759
18760
18762
18763
18764
18765
18766
18780
18781
18782
18783
18784
18785
18788
18789
18792
18793
18794
18795
18796
18805
18806
18807
18808
18809
18810
18811
18818
18819
18823
18824
18825
18826
18827
18828
18833
18834
18835
18836
18837
18838
18839
18848
18855
18856
18857
18858
18859
18862
18863
18864
18865
18866
18885
18886
18887
18888
18892
18893
18894
18895
18907
18908
18909
18915
18916
18921
18922
18923
18936
18937
18938
18939
18951
18952
18953
18957
18958
18965
18966
18967
18979
18980
18981
18982
18995
18996
18999
19000
19007
19008
19009
19010
19011
19014
19024
19025
19026
19028
19029
19030
19031
19037
19038
19039
19040
19041
19045
19046
19055
19056
19058
19059
19060
19061
19067
19068
19069
19070
19071
19075
19076
19077
19085
19097
19098
19099
19100
19106
19107
19110
19111
19115
19125
19126
19127
19128
19129
19133
19140
19141
19142
19143
19144
19154
19155
19156
19157
19158
19162
19163
19170
19171
19172
19173
19174
19184
19185
19186
19193
19194
19195
19201
19202
19203
19204
19205
19214
19215
19216
19222
19223
19224
19225
19226
19231
19232
19233
19234
19235
19261
19277
19278
19279
19280
19291
19292
19307
19308
19309
19317
19321
19322
19323
19347
19352
19353
19372
19402
19448
19449
19471
19472
19500
19501
19502
19503
19516
19522
19523
19524
19528
19529
19530
19531
19532
19533
19536
19553
19554
19555
19558
19559
19560
19561
19562
19564
19565
19566
19567
19584
19589
19590
19591
19592
19595
19596
19597
19601
19602
19603
19604
19605
19621
19622
19623
19628
19629
19632
19633
19634
19635
19650
19651
19652
19653
19654
19655
19658
19659
19662
19663
19664
19665
19681
19682
19683
19684
19685
19687
19688
19689
19694
19695
19696
19697
19698
19704
19705
19706
19717
19718
19719
19724
19725
19726
19727
19728
19734
19735
19736
19737
19747
19748
19749
19754
19755
19756
19757
19758
19763
19764
19777
19778
19779
19784
19785
19786
19792
19793
19794
19807
19808
19809
19811
19812
19813
19823
19827
19837
19838
19840
19841
19842
19848
19849
19856
19857
19858
19864
19865
19866
19867
19869
19870
19871
19878
19879
19886
19887
19895
19899
19900
19901
19907
19908
19909
19921
19922
19923
19929
19930
19931
19932
19937
19938
19951
19952
19959
19962
19967
19968
19976
19977
19985
19997
19998
20006
20007
20010
20011
20014
20015
20026
20027
20028
20033
20039
20040
20041
20042
20043
20044
20045
20055
20056
20057
20071
20072
20073
20074
20075
20076
20084
20085
20086
20087
20095
20101
20103
20104
20105
20106
20113
20114
20115
20116
20117
20124
20125
20126
20134
20146
20147
20148
20149
20150
20151
20177
20178
20179
20180
20207
20208
20209
20210
20253
20254
20283
20284
20340
20341
20370
20371
20372
20393
20394
20400
20401
20402
20405
20406
20422
20423
20424
20428
20429
20430
20435
20436
20452
20453
20454
20458
20459
20465
20466
20471
20472
20473
20474
20475
20483
20484
20491
20492
20495
20496
20501
20502
20503
20504
20505
20520
20521
20522
20523
20524
20525
20526
20532
20533
20534
20535
20551
20552
20553
20554
20555
20556
20564
20565
20567
20568
20569
20585
20586
20587
20588
20589
20594
20595
20597
20598
20599
20604
20605
20617
20618
20623
20624
20625
20627
20628
20629
20634
20635
20646
20647
20648
20653
20654
20655
20663
20664
20677
20678
20683
20684
20685
20693
20711
20712
20713
20718
20719
20740
20741
20742
20748
20749
20756
20757
20764
20765
20770
20771
20778
20779
20786
20787
20792
20793
20794
20800
20801
20808
20809
20816
20820
20821
20822
20823
20824
20831
20832
20837
20838
20851
20852
20853
20861
20862
20866
20867
20868
20873
20884
20885
20891
20892
20896
20897
20898
20903
20914
20915
20916
20926
20927
20928
20932
20941
20942
20944
20945
20946
20947
20955
20956
20957
20958
20959
20972
20973
20974
20975
20976
20977
20978
20985
20986
20987
20988
20989
21004
21005
21006
21007
21008
21015
21016
21017
21018
21019
21020
21021
21025
21026
21027
21036
21046
21047
21048
21049
21050
21051
21055
21056
21057
21077
21078
21079
21080
21081
21082
21083
21084
21085
21107
21108
21109
21110
21111
21112
21113
21114
21123
21153
21154
21176
21177
21178
21183
21184
21206
21207
21208
21238
21239
21240
21241
21262
21263
21264
21268
21269
21270
21271
21292
21293
21294
21298
21299
21306
21318
21322
21323
21328
21329
21335
21336
21337
21348
21353
21354
21361
21362
21365
21366
21371
21372
21373
21374
21383
21384
21385
21390
21391
21392
21396
21401
21402
21403
21404
21405
21408
21409
21420
21421
21422
21423
21424
21425
21434
21435
21438
21439
21454
21455
21468
21469
21470
21485
21486
21493
21494
21498
21499
21500
21504
21505
21515
21516
21522
21523
21524
21528
21529
21530
21534
21546
21547
21552
21553
21554
21558
21559
21582
21583
21588
21589
21605
21606
21611
21612
21613
21614
21618
21619
21620
21630
21631
21635
21636
21640
21641
21642
21643
21644
21645
21648
21649
21650
21660
21661
21663
21664
21665
21670
21671
21673
21674
21678
21679
21680
21685
21686
21691
21693
21694
21695
21700
21701
21704
21708
21709
21715
21716
21720
21721
21722
21723
21724
21727
21730
21731
21732
21737
21738
21744
21745
21746
21750
21751
21752
21753
21754
21761
21762
21767
21768
21772
21773
21774
21775
21778
21782
21783
21784
21785
21791
21796
21797
21798
21799
21802
21803
21804
21807
21808
21809
21814
21815
21816
21820
21825
21826
21827
21828
21829
21830
21831
21832
21833
21837
21838
21845
21846
21847
21850
21851
21854
21855
21856
21857
21858
21859
21860
21861
21862
21867
21868
21870
21876
21877
21878
21879
21885
21886
21887
21888
21889
21890
21891
21892
21896
21897
21898
21899
21900
21901
21902
21908
21909
21915
21916
21917
21918
21919
21920
21921
21922
21923
21925
21926
21927
21931
21932
21945
21946
21947
21948
21949
21950
21951
21952
21953
21954
21955
21956
21957
21976
21977
21978
21979
21980
21981
21982
21983
21984
21985
22006
22007
22008
22009
22010
22011
22012
22013
22014
22076
22077
22078
22106
22107
22108
22138
22139
22140
22145
22148
22149
22162
22163
22168
22169
22170
22175
22178
22179
22191
22192
22193
22198
22199
22208
22209
22218
22222
22223
22231
22232
22248
22260
22261
22262
22271
22272
22278
22279
22284
22285
22288
22289
22290
22291
22292
22308
22309
22310
22318
22319
22320
22338
22339
22340
22348
22349
22368
22369
22370
22371
22378
22379
22385
22386
22393
22398
22399
22400
22401
22408
22415
22416
22423
22429
22430
22437
22438
22445
22446
22447
22459
22460
22468
22476
22482
22483
22488
22489
22490
22505
22506
22512
22513
22514
22519
22520
22530
22535
22536
22540
22541
22542
22543
22544
22548
22549
22550
22558
22559
22560
22563
22564
22565
22566
22569
22570
22571
22573
22574
22579
22580
22586
22588
22589
22590
22592
22593
22594
22595
22596
22597
22598
22600
22604
22605
22608
22609
22615
22616
22620
22621
22622
22623
22624
22625
22626
22627
22628
22630
22631
22634
22638
22645
22648
22649
22650
22651
22652
22653
22654
22655
22656
22657
22661
22673
22674
22675
22678
22679
22680
22681
22682
22683
22684
22685
22697
22702
22703
22704
22705
22706
22707
22708
22709
22710
22712
22713
22714
22715
22716
22719
22720
22725
22726
22727
22728
22729
22730
22731
22732
22733
22734
22735
22736
22737
22738
22739
22740
22743
22744
22746
22749
22750
22751
22755
22756
22757
22758
22759
22760
22761
22762
22763
22764
22766
22767
22768
22769
22770
22771
22777
22778
22780
22781
22785
22786
22787
22788
22789
22790
22791
22792
22793
22794
22795
22796
22797
22798
22799
22800
22801
22802
22815
22816
22817
22818
22819
22820
22821
22822
22823
22824
22825
22826
22827
22828
22829
22831
22845
22846
22847
22848
22849
22850
22851
22852
22853
22854
22855
22875
22876
22877
22878
22879
22880
22881
22882
22883
22906
22907
22908
22909
22977
23014
23015
23027
23028
23038
23044
23045
23048
23049
23057
23058
23062
23068
23069
23074
23075
23077
23078
23079
23086
23087
23092
23101
23107
23108
23116
23117
23123
23131
23132
23154
23155
23160
23161
23162
23179
23180
23184
23185
23190
23191
23209
23210
23219
23220
23239
23240
23241
23248
23249
23269
23270
23271
23272
23277
23278
23279
23299
23300
23301
23302
23307
23308
23309
23310
23315
23316
23329
23330
23337
23338
23339
23346
23347
23359
23360
23361
23367
23368
23369
23376
23377
23389
23390
23406
23407
23416
23417
23418
23419
23420
23421
23423
23436
23437
23447
23448
23449
23450
23452
23453
23458
23459
23460
23465
23466
23467
23470
23474
23479
23480
23481
23482
23488
23489
23495
23496
23497
23504
23505
23509
23510
23511
23512
23520
23521
23522
23523
23524
23525
23526
23527
23534
23535
23540
23541
23548
23549
23550
23551
23552
23554
23555
23556
23557
23558
23570
23571
23578
23579
23580
23581
23583
23584
23585
23597
23601
23603
23604
23605
23606
23607
23608
23609
23610
23611
23612
23613
23614
23615
23619
23620
23625
23626
23627
23632
23633
23634
23635
23636
23637
23638
23639
23640
23641
23642
23643
23648
23649
23650
23655
23656
23657
23658
23663
23664
23665
23666
23667
23668
23669
23670
23671
23672
23673
23681
23686
23687
23688
23689
23692
23693
23694
23695
23696
23697
23698
23700
23701
23717
23718
23719
23721
23722
23723
23724
23725
23726
23727
23746
23750
23751
23752
23753
23754
23755
23756
23757
23764
23775
23776
23777
23779
23780
23781
23782
23783
23794
23804
23805
23806
23807
23808
23860
23861
23890
23891
23895
23896
23897
23898
23907
23908
23914
23915
23921
23926
23927
23928
23937
23938
23944
23945
23948
23956
23957
23958
23971
23975
23978
23986
23987
24001
24002
24015
24016
24017
24031
24032
24054
24055
24060
24061
24062
24079
24080
24084
24085
24090
24091
24109
24110
24119
24120
24139
24140
24141
24149
24150
24169
24170
24171
24172
24173
24178
24179
24180
24198
24199
24200
24201
24202
24203
24208
24209
24210
24211
24228
24229
24230
24231
24232
24233
24238
24239
24240
24246
24247
24257
24258
24259
24260
24261
24262
24268
24269
24276
24277
24287
24288
24289
24290
24291
24302
24303
24316
24317
24318
24319
24320
24321
24322
24323
24324
24332
24336
24337
24346
24347
24348
24349
24350
24351
24352
24353
24365
24366
24367
24377
24378
24379
24380
24381
24382
24395
24396
24397
24404
24405
24409
24410
24411
24412
24424
24425
24426
24427
24434
24435
24440
24441
24454
24455
24456
24457
24458
24470
24471
24481
24484
24485
24488
24489
24500
24501
24510
24511
24519
24520
24524
24525
24526
24540
24541
24548
24549
24550
24554
24555
24556
24564
24565
24577
24578
24579
24580
24581
24582
24587
24588
24592
24593
24594
24595
24596
24607
24608
24611
24612
24622
24623
24624
24625
24626
24637
24638
24639
24645
24646
24651
24652
24653
24654
24655
24656
24663
24664
24665
24668
24669
24674
24675
24680
24681
24682
24683
24684
24694
24695
24698
24704
24705
24712
24713
24760
24761
24790
24791
24807
24808
24820
24837
24838
24875
24878
24886
24904
24905
24916
24917
24934
24935
24946
24955
24970
24971
24979
24980
24981
24985
24990
24996
25009
25010
25020
25027
25028
25038
25039
25040
25041
25043
25044
25049
25050
25057
25066
25067
25068
25069
25070
25071
25072
25073
25074
25075
25079
25080
25097
25098
25099
25100
25101
25102
25103
25104
25108
25109
25110
25113
25114
25127
25128
25129
25130
25131
25132
25133
25134
25138
25139
25143
25144
25147
25156
25157
25158
25159
25160
25161
25162
25163
25164
25166
25167
25168
25172
25173
25186
25187
25188
25189
25190
25191
25192
25193
25194
25196
25197
25202
25203
25216
25217
25218
25219
25220
25221
25222
25223
25224
25225
25226
25227
25232
25233
25247
25248
25249
25250
25251
25252
25253
25254
25255
25256
25265
25266
25277
25278
25279
25280
25281
25282
25283
25284
25285
25286
25295
25296
25297
25302
25304
25305
25306
25308
25309
25310
25311
25314
25315
25325
25326
25327
25328
25335
25336
25340
25341
25356
25357
25358
25359
25370
25371
25388
25389
25390
25400
25418
25419
25420
25421
25425
25447
25448
25449
25450
25451
25452
25455
25476
25477
25478
25479
25480
25481
25482
25493
25494
25495
25506
25507
25508
25509
25510
25511
25522
25523
25524
25525
25533
25534
25536
25537
25538
25539
25552
25553
25554
25563
25564
25565
25567
25568
25569
25581
25582
25583
25584
25594
25595
25598
25599
25604
25605
25611
25612
25613
25614
25644
25645
25675
25676
25707
25759
25760
25761
25765
25777
25778
25786
25787
25788
25789
25804
25805
25807
25808
25815
25816
25817
25818
25819
25834
25837
25838
25846
25847
25850
25851
25865
25868
25869
25870
25877
25878
25879
25880
25881
25895
25896
25898
25899
25906
25907
25908
25909
25910
25911
25925
25926
25927
25928
25936
25937
25938
25939
25940
25941
25943
25944
25945
25955
25956
25957
25958
25966
25967
25968
25969
25970
25971
25972
25973
25974
25975
25978
25987
25996
25997
25998
25999
26000
26001
26002
26003
26004
26013
26014
26017
26022
26023
26024
26027
26028
26029
26030
26031
26032
26033
26034
26035
26036
26043
26044
26053
26054
26057
26058
26059
26060
26061
26062
26063
26064
26065
26066
26067
26068
26072
26073
26087
26088
26089
26090
26092
26093
26094
26095
26096
26097
26098
26102
26103
26117
26118
26119
26120
26121
26122
26123
26124
26125
26126
26132
26148
26149
26150
26151
26152
26153
26154
26155
26156
26157
26165
26166
26179
26180
26181
26182
26183
26184
26185
26186
26194
26195
26196
26201
26205
26206
26209
26210
26211
26212
26213
26214
26215
26216
26225
26235
26236
26237
26239
26240
26241
26242
26244
26245
26266
26267
26274
26288
26289
26290
26291
26318
26319
26320
26321
26348
26349
26350
26351
26352
26360
26377
26378
26379
26380
26381
26382
26406
26407
26408
26409
26410
26411
26423
26424
26432
26433
26434
26436
26437
26438
26453
26463
26464
26467
26468
26469
26483
26498
26499
26512
26513
26514
26515
26543
26544
26545
26575
26576
26604
26624
26635
26647
26658
26659
26660
26665
26677
26678
26685
26686
26687
26688
26689
26707
26708
26711
26715
26716
26717
26718
26719
26737
26738
26747
26748
26749
26751
26768
26769
26770
26777
26778
26779
26780
26781
26795
26798
26799
26807
26808
26809
26810
26811
26825
26826
26827
26828
26829
26837
26838
26839
26840
26841
26844
26845
26855
26856
26857
26858
26867
26868
26869
26873
26874
26883
26884
26885
26886
26887
26896
26897
26898
26899
26900
26901
26902
26903
26904
26913
26914
26915
26916
26917
26922
26923
26924
26925
26928
26929
26930
26931
26932
26933
26934
26935
26936
26942
26943
26944
26952
26953
26954
26955
26958
26959
26960
26961
26962
26963
26964
26965
26966
26967
26972
26973
26979
26988
26989
26990
26994
26995
26996
26997
