0
1
3
4
5
6
7
8
9
10
13
14
15
16
17
18
19
20
21
22
24
27
28
30
31
32
33
34
38
39
40
41
43
44
45
46
48
49
50
51
52
53
54
55
56
57
60
61
62
63
64
66
69
70
72
73
74
75
76
77
79
80
81
82
85
86
87
88
89
90
91
92
93
94
96
99
100
101
102
103
104
106
108
109
110
111
112
113
114
115
116
117
118
120
121
122
123
125
126
127
128
129
130
133
134
135
137
138
139
140
141
142
143
147
148
149
150
151
152
153
154
158
159
160
161
162
165
168
170
171
172
173
175
176
177
178
179
180
181
182
183
184
185
186
187
188
189
190
191
193
194
195
196
198
199
200
204
205
206
207
208
209
210
211
212
213
216
217
218
219
220
221
222
223
224
225
228
229
230
231
232
233
234
235
236
237
238
240
241
242
244
245
246
247
248
250
251
252
253
254
255
256
257
258
259
260
261
262
263
264
265
266
267
268
269
270
271
272
273
274
276
277
278
280
281
282
283
284
285
286
290
291
292
293
297
298
302
303
304
305
309
310
312
313
314
315
316
318
319
320
321
322
323
324
325
326
327
328
329
330
331
332
333
334
335
337
338
339
340
343
344
348
349
350
355
356
357
359
360
361
362
363
366
367
368
371
372
373
374
375
376
377
378
379
383
384
385
386
388
389
390
391
395
396
397
400
401
402
403
404
405
407
408
409
410
412
413
415
416
417
418
419
420
421
422
424
425
428
430
432
433
434
435
436
437
438
439
440
442
444
445
446
447
448
449
451
452
454
457
458
459
460
464
465
466
469
470
471
474
475
476
477
479
480
481
482
483
487
488
491
492
493
494
496
498
499
500
501
502
503
504
505
506
507
508
509
510
511
512
514
515
516
517
518
520
521
522
523
526
527
528
529
530
532
533
534
535
537
539
541
542
544
545
548
549
550
551
552
553
554
556
557
558
560
561
562
563
564
565
566
567
568
569
570
574
575
576
577
578
579
580
581
582
583
584
586
588
589
590
591
592
593
594
595
596
598
601
602
603
604
605
606
607
608
609
610
611
613
614
615
617
618
619
625
626
627
630
631
632
636
642
643
644
646
647
648
649
651
652
653
654
655
656
657
658
659
660
661
662
664
665
666
667
668
670
671
672
673
674
676
677
679
680
683
684
685
688
691
692
693
695
696
697
698
699
700
701
702
703
704
705
708
709
710
711
713
714
715
716
720
721
722
723
724
725
726
727
728
729
732
733
734
735
736
737
738
739
740
741
742
744
745
746
747
749
751
752
753
754
756
757
758
759
760
761
763
765
769
770
771
772
773
775
776
782
783
784
786
787
788
791
792
796
797
798
799
800
801
802
803
804
805
807
808
809
810
811
812
813
814
815
816
817
820
821
822
823
824
825
829
830
831
832
833
834
835
839
841
842
843
844
845
846
847
848
853
854
855
856
857
859
860
861
867
869
870
872
873
874
877
878
879
880
881
882
883
884
885
886
888
889
890
891
895
896
900
901
902
903
904
905
906
907
908
909
910
913
914
915
916
917
918
919
920
921
922
926
927
928
932
940
941
942
943
944
945
946
947
953
954
955
956
957
958
961
962
963
964
965
966
967
968
969
970
973
974
975
976
977
978
979
980
981
982
985
986
987
988
989
990
992
999
1000
1001
1002
1005
1011
1012
1013
1014
1015
1016
1017
1018
1020
1021
1022
1023
1024
1025
1026
1027
1028
1029
1030
1032
1033
1034
1035
1036
1037
1038
1039
1040
1041
1044
1045
1046
1047
1048
1050
1051
1052
1053
1054
1055
1056
1057
1058
1062
1063
1064
1065
1066
1076
1077
1078
1081
1084
1087
1088
1089
1090
1091
1098
1099
1101
1102
1104
1105
1106
1107
1108
1110
1111
1112
1113
1114
1116
1117
1118
1119
1120
1121
1122
1123
1124
1125
1126
1128
1129
1130
1131
1132
1133
1134
1135
1136
1139
1140
1143
1145
1146
1147
1148
1149
1150
1154
1155
1156
1157
1158
1159
1160
1161
1162
1163
1164
1165
1166
1167
1168
1170
1171
1172
1173
1174
1177
1178
1179
1180
1182
1183
1184
1185
1186
1187
1188
1189
1190
1193
1194
1195
1196
1197
1198
1199
1200
1201
1202
1205
1206
1207
1208
1209
1210
1212
1213
1218
1219
1220
1221
1222
1223
1224
1225
1232
1233
1235
1236
1237
1239
1242
1248
1249
1250
1251
1254
1255
1257
1258
1259
1260
1261
1262
1263
1264
1265
1266
1267
1268
1271
1272
1273
1274
1275
1276
1277
1278
1279
1281
1282
1283
1284
1286
1287
1289
1290
1291
1292
1293
1294
1295
1296
1297
1298
1300
1301
1302
1303
1304
1306
1307
1308
1309
1310
1311
1312
1313
1314
1315
1317
1318
1320
1321
1322
1324
1325
1326
1327
1328
1329
1330
1331
1332
1333
1334
1335
1336
1337
1338
1339
1340
1341
1342
1343
1344
1345
1346
1347
1349
1350
1351
1352
1353
1354
1355
1357
1362
1363
1364
1365
1366
1369
1378
1379
1380
1381
1382
1383
1388
1389
1391
1392
1393
1394
1395
1396
1399
1401
1402
1403
1404
1405
1406
1408
1409
1410
1411
1412
1413
1414
1415
1416
1417
1418
1421
1422
1423
1424
1425
1426
1427
1430
1431
1432
1433
1435
1436
1437
1438
1439
1440
1441
1442
1443
1444
1445
1446
1447
1448
1449
1451
1452
1453
1454
1455
1456
1457
1458
1459
1460
1461
1462
1463
1464
1465
1466
1467
1468
1470
1471
1472
1473
1474
1475
1476
1477
1478
1479
1480
1481
1482
1483
1484
1485
1486
1487
1488
1489
1492
1494
1495
1496
1497
1498
1499
1501
1502
1505
1506
1507
1508
1509
1513
1516
1518
1519
1522
1523
1524
1525
1526
1527
1530
1531
1532
1533
1535
1536
1537
1538
1539
1540
1542
1543
1544
1545
1546
1548
1549
1551
1555
1556
1557
1558
1559
1560
1562
1566
1567
1568
1569
1571
1572
1573
1574
1575
1578
1579
1580
1581
1583
1584
1585
1586
1590
1591
1592
1593
1594
1595
1597
1598
1599
1600
1601
1602
1603
1604
1605
1606
1608
1609
1610
1611
1612
1614
1616
1617
1620
1622
1623
1624
1625
1626
1628
1629
1630
1633
1634
1635
1636
1640
1641
1642
1645
1646
1647
1649
1650
1652
1653
1654
1660
1661
1665
1666
1667
1671
1673
1674
1675
1676
1678
1681
1682
1683
1684
1686
1687
1688
1690
1694
1695
1696
1698
1699
1700
1701
1702
1705
1706
1707
1708
1709
1710
1711
1712
1713
1714
1715
1717
1718
1719
1720
1721
1722
1723
1724
1725
1726
1727
