t(ns)    MSD(A²)   D = 2.6224e-05 +/ 4.96e-08 cm²/s nu = 9.8605e-01 +/ 4.22e-04 
0.0000e+00    0.0000e+00 
1.0000e-02    1.6632e+01 
2.0000e-02    3.2532e+01 
3.0000e-02    4.9146e+01 
4.0000e-02    6.4619e+01 
5.0000e-02    7.9643e+01 
6.0000e-02    9.3469e+01 
7.0000e-02    1.1181e+02 
8.0000e-02    1.2689e+02 
9.0000e-02    1.4177e+02 
1.0000e-01    1.5702e+02 
1.1000e-01    1.7350e+02 
1.2000e-01    1.8911e+02 
1.3000e-01    2.0405e+02 
1.4000e-01    2.2152e+02 
1.5000e-01    2.3737e+02 
1.6000e-01    2.5204e+02 
1.7000e-01    2.7243e+02 
1.8000e-01    2.8739e+02 
1.9000e-01    3.0332e+02 
2.0000e-01    3.2137e+02 
2.1000e-01    3.3804e+02 
2.2000e-01    3.5183e+02 
2.3000e-01    3.6150e+02 
2.4000e-01    3.7689e+02 
2.5000e-01    3.9353e+02 
2.6000e-01    4.0882e+02 
2.7000e-01    4.2463e+02 
2.8000e-01    4.4126e+02 
2.9000e-01    4.5560e+02 
3.0000e-01    4.7120e+02 
3.1000e-01    4.8537e+02 
3.2000e-01    5.0348e+02 
3.3000e-01    5.2154e+02 
3.4000e-01    5.3710e+02 
3.5000e-01    5.4880e+02 
3.6000e-01    5.6432e+02 
3.7000e-01    5.8229e+02 
3.8000e-01    5.9423e+02 
3.9000e-01    6.1104e+02 
4.0000e-01    6.2282e+02 
4.1000e-01    6.4293e+02 
4.2000e-01    6.6222e+02 
4.3000e-01    6.7992e+02 
4.4000e-01    6.9617e+02 
4.5000e-01    7.1510e+02 
4.6000e-01    7.2826e+02 
4.7000e-01    7.4842e+02 
4.8000e-01    7.6423e+02 
4.9000e-01    7.7930e+02 
5.0000e-01    7.9539e+02 
5.1000e-01    8.1446e+02 
5.2000e-01    8.3118e+02 
5.3000e-01    8.4771e+02 
5.4000e-01    8.6170e+02 
5.5000e-01    8.6943e+02 
5.6000e-01    8.8442e+02 
5.7000e-01    9.0521e+02 
5.8000e-01    9.2913e+02 
5.9000e-01    9.4206e+02 
6.0000e-01    9.5886e+02 
6.1000e-01    9.7376e+02 
6.2000e-01    9.8411e+02 
6.3000e-01    1.0026e+03 
6.4000e-01    1.0168e+03 
6.5000e-01    1.0318e+03 
6.6000e-01    1.0448e+03 
6.7000e-01    1.0604e+03 
6.8000e-01    1.0721e+03 
6.9000e-01    1.0925e+03 
7.0000e-01    1.1073e+03 
7.1000e-01    1.1208e+03 
7.2000e-01    1.1297e+03 
7.3000e-01    1.1485e+03 
7.4000e-01    1.1635e+03 
7.5000e-01    1.1823e+03 
7.6000e-01    1.1981e+03 
7.7000e-01    1.2093e+03 
7.8000e-01    1.2235e+03 
7.9000e-01    1.2361e+03 
8.0000e-01    1.2457e+03 
8.1000e-01    1.2645e+03 
8.2000e-01    1.2810e+03 
8.3000e-01    1.2961e+03 
8.4000e-01    1.3144e+03 
8.5000e-01    1.3353e+03 
8.6000e-01    1.3527e+03 
8.7000e-01    1.3620e+03 
8.8000e-01    1.3787e+03 
8.9000e-01    1.3933e+03 
9.0000e-01    1.4111e+03 
9.1000e-01    1.4270e+03 
9.2000e-01    1.4456e+03 
9.3000e-01    1.4600e+03 
9.4000e-01    1.4782e+03 
9.5000e-01    1.4933e+03 
9.6000e-01    1.5095e+03 
9.7000e-01    1.5304e+03 
9.8000e-01    1.5463e+03 
9.9000e-01    1.5657e+03 
1.0000e+00    1.5882e+03 
1.0100e+00    1.6104e+03 
1.0200e+00    1.6203e+03 
1.0300e+00    1.6353e+03 
1.0400e+00    1.6487e+03 
1.0500e+00    1.6712e+03 
1.0600e+00    1.6808e+03 
1.0700e+00    1.6938e+03 
1.0800e+00    1.7106e+03 
1.0900e+00    1.7246e+03 
1.1000e+00    1.7357e+03 
1.1100e+00    1.7576e+03 
1.1200e+00    1.7714e+03 
1.1300e+00    1.7933e+03 
1.1400e+00    1.8043e+03 
1.1500e+00    1.8241e+03 
1.1600e+00    1.8394e+03 
1.1700e+00    1.8532e+03 
1.1800e+00    1.8739e+03 
1.1900e+00    1.8938e+03 
1.2000e+00    1.9156e+03 
1.2100e+00    1.9282e+03 
1.2200e+00    1.9527e+03 
1.2300e+00    1.9641e+03 
1.2400e+00    1.9713e+03 
1.2500e+00    1.9834e+03 
1.2600e+00    2.0032e+03 
1.2700e+00    2.0110e+03 
1.2800e+00    2.0298e+03 
1.2900e+00    2.0529e+03 
1.3000e+00    2.0670e+03 
1.3100e+00    2.0768e+03 
1.3200e+00    2.0823e+03 
1.3300e+00    2.1002e+03 
1.3400e+00    2.1163e+03 
1.3500e+00    2.1393e+03 
1.3600e+00    2.1588e+03 
1.3700e+00    2.1745e+03 
1.3800e+00    2.1869e+03 
1.3900e+00    2.2044e+03 
1.4000e+00    2.2222e+03 
1.4100e+00    2.2390e+03 
1.4200e+00    2.2589e+03 
1.4300e+00    2.2743e+03 
1.4400e+00    2.2865e+03 
1.4500e+00    2.2996e+03 
1.4600e+00    2.3259e+03 
1.4700e+00    2.3404e+03 
1.4800e+00    2.3559e+03 
1.4900e+00    2.3708e+03 
1.5000e+00    2.3845e+03 
1.5100e+00    2.3967e+03 
1.5200e+00    2.4096e+03 
1.5300e+00    2.4219e+03 
1.5400e+00    2.4308e+03 
1.5500e+00    2.4519e+03 
1.5600e+00    2.4736e+03 
1.5700e+00    2.4851e+03 
1.5800e+00    2.5002e+03 
1.5900e+00    2.5117e+03 
1.6000e+00    2.5194e+03 
1.6100e+00    2.5385e+03 
1.6200e+00    2.5488e+03 
1.6300e+00    2.5637e+03 
1.6400e+00    2.5766e+03 
1.6500e+00    2.5892e+03 
1.6600e+00    2.6008e+03 
1.6700e+00    2.6149e+03 
1.6800e+00    2.6300e+03 
1.6900e+00    2.6502e+03 
1.7000e+00    2.6709e+03 
1.7100e+00    2.6839e+03 
1.7200e+00    2.7041e+03 
1.7300e+00    2.7151e+03 
1.7400e+00    2.7357e+03 
1.7500e+00    2.7537e+03 
1.7600e+00    2.7754e+03 
1.7700e+00    2.7845e+03 
1.7800e+00    2.8019e+03 
1.7900e+00    2.8278e+03 
1.8000e+00    2.8582e+03 
1.8100e+00    2.8786e+03 
1.8200e+00    2.8941e+03 
1.8300e+00    2.9181e+03 
1.8400e+00    2.9229e+03 
1.8500e+00    2.9366e+03 
1.8600e+00    2.9619e+03 
1.8700e+00    2.9783e+03 
1.8800e+00    2.9909e+03 
1.8900e+00    3.0001e+03 
1.9000e+00    3.0106e+03 
1.9100e+00    3.0299e+03 
1.9200e+00    3.0492e+03 
1.9300e+00    3.0550e+03 
1.9400e+00    3.0714e+03 
1.9500e+00    3.0994e+03 
1.9600e+00    3.1236e+03 
1.9700e+00    3.1405e+03 
1.9800e+00    3.1592e+03 
1.9900e+00    3.1759e+03 
2.0000e+00    3.1895e+03 
2.0100e+00    3.2067e+03 
2.0200e+00    3.2292e+03 
2.0300e+00    3.2448e+03 
2.0400e+00    3.2649e+03 
2.0500e+00    3.2765e+03 
2.0600e+00    3.2992e+03 
2.0700e+00    3.3112e+03 
2.0800e+00    3.3240e+03 
2.0900e+00    3.3471e+03 
2.1000e+00    3.3514e+03 
2.1100e+00    3.3665e+03 
2.1200e+00    3.3719e+03 
2.1300e+00    3.3886e+03 
2.1400e+00    3.3922e+03 
2.1500e+00    3.4118e+03 
2.1600e+00    3.4374e+03 
2.1700e+00    3.4513e+03 
2.1800e+00    3.4690e+03 
2.1900e+00    3.4822e+03 
2.2000e+00    3.4984e+03 
2.2100e+00    3.5209e+03 
2.2200e+00    3.5399e+03 
2.2300e+00    3.5559e+03 
2.2400e+00    3.5576e+03 
2.2500e+00    3.5751e+03 
2.2600e+00    3.5861e+03 
2.2700e+00    3.6030e+03 
2.2800e+00    3.6268e+03 
2.2900e+00    3.6377e+03 
2.3000e+00    3.6464e+03 
2.3100e+00    3.6672e+03 
2.3200e+00    3.6897e+03 
2.3300e+00    3.7103e+03 
2.3400e+00    3.7159e+03 
2.3500e+00    3.7307e+03 
2.3600e+00    3.7471e+03 
2.3700e+00    3.7630e+03 
2.3800e+00    3.7805e+03 
2.3900e+00    3.7919e+03 
2.4000e+00    3.8059e+03 
2.4100e+00    3.8152e+03 
2.4200e+00    3.8288e+03 
2.4300e+00    3.8408e+03 
2.4400e+00    3.8516e+03 
2.4500e+00    3.8719e+03 
2.4600e+00    3.8919e+03 
2.4700e+00    3.9053e+03 
2.4800e+00    3.9212e+03 
2.4900e+00    3.9430e+03 
2.5000e+00    3.9540e+03 
2.5100e+00    3.9665e+03 
2.5200e+00    3.9793e+03 
2.5300e+00    4.0017e+03 
2.5400e+00    4.0215e+03 
2.5500e+00    4.0329e+03 
2.5600e+00    4.0495e+03 
2.5700e+00    4.0688e+03 
2.5800e+00    4.0786e+03 
2.5900e+00    4.0802e+03 
2.6000e+00    4.0978e+03 
2.6100e+00    4.1126e+03 
2.6200e+00    4.1250e+03 
2.6300e+00    4.1448e+03 
2.6400e+00    4.1590e+03 
2.6500e+00    4.1645e+03 
2.6600e+00    4.1786e+03 
2.6700e+00    4.1944e+03 
2.6800e+00    4.2115e+03 
2.6900e+00    4.2373e+03 
2.7000e+00    4.2510e+03 
2.7100e+00    4.2717e+03 
2.7200e+00    4.2929e+03 
2.7300e+00    4.3013e+03 
2.7400e+00    4.3189e+03 
2.7500e+00    4.3475e+03 
2.7600e+00    4.3647e+03 
2.7700e+00    4.3718e+03 
2.7800e+00    4.3934e+03 
2.7900e+00    4.4134e+03 
2.8000e+00    4.4287e+03 
2.8100e+00    4.4557e+03 
2.8200e+00    4.4576e+03 
2.8300e+00    4.4748e+03 
2.8400e+00    4.4892e+03 
2.8500e+00    4.4968e+03 
2.8600e+00    4.5148e+03 
2.8700e+00    4.5389e+03 
2.8800e+00    4.5602e+03 
2.8900e+00    4.5815e+03 
2.9000e+00    4.5999e+03 
2.9100e+00    4.6147e+03 
2.9200e+00    4.6352e+03 
2.9300e+00    4.6488e+03 
2.9400e+00    4.6679e+03 
2.9500e+00    4.6937e+03 
2.9600e+00    4.7137e+03 
2.9700e+00    4.7290e+03 
2.9800e+00    4.7465e+03 
2.9900e+00    4.7600e+03 
3.0000e+00    4.7739e+03 
3.0100e+00    4.7931e+03 
3.0200e+00    4.8169e+03 
3.0300e+00    4.8272e+03 
3.0400e+00    4.8306e+03 
3.0500e+00    4.8530e+03 
3.0600e+00    4.8668e+03 
3.0700e+00    4.8897e+03 
3.0800e+00    4.8942e+03 
3.0900e+00    4.9064e+03 
3.1000e+00    4.9161e+03 
3.1100e+00    4.9294e+03 
3.1200e+00    4.9552e+03 
3.1300e+00    4.9753e+03 
3.1400e+00    4.9978e+03 
3.1500e+00    5.0203e+03 
3.1600e+00    5.0253e+03 
3.1700e+00    5.0495e+03 
3.1800e+00    5.0605e+03 
3.1900e+00    5.0677e+03 
3.2000e+00    5.0969e+03 
3.2100e+00    5.1155e+03 
3.2200e+00    5.1371e+03 
3.2300e+00    5.1555e+03 
3.2400e+00    5.1584e+03 
3.2500e+00    5.1747e+03 
3.2600e+00    5.1955e+03 
3.2700e+00    5.2050e+03 
3.2800e+00    5.2373e+03 
3.2900e+00    5.2443e+03 
3.3000e+00    5.2660e+03 
3.3100e+00    5.2813e+03 
3.3200e+00    5.2982e+03 
3.3300e+00    5.3159e+03 
3.3400e+00    5.3358e+03 
3.3500e+00    5.3490e+03 
3.3600e+00    5.3643e+03 
3.3700e+00    5.3910e+03 
3.3800e+00    5.4133e+03 
3.3900e+00    5.4332e+03 
3.4000e+00    5.4478e+03 
3.4100e+00    5.4526e+03 
3.4200e+00    5.4700e+03 
3.4300e+00    5.4809e+03 
3.4400e+00    5.5093e+03 
3.4500e+00    5.5363e+03 
3.4600e+00    5.5402e+03 
3.4700e+00    5.5636e+03 
3.4800e+00    5.5871e+03 
3.4900e+00    5.6040e+03 
3.5000e+00    5.6256e+03 
3.5100e+00    5.6482e+03 
3.5200e+00    5.6557e+03 
3.5300e+00    5.6699e+03 
3.5400e+00    5.6845e+03 
3.5500e+00    5.6861e+03 
3.5600e+00    5.6922e+03 
3.5700e+00    5.7112e+03 
3.5800e+00    5.7292e+03 
3.5900e+00    5.7533e+03 
3.6000e+00    5.7719e+03 
3.6100e+00    5.7794e+03 
3.6200e+00    5.7959e+03 
3.6300e+00    5.8022e+03 
3.6400e+00    5.8102e+03 
3.6500e+00    5.8212e+03 
3.6600e+00    5.8396e+03 
3.6700e+00    5.8418e+03 
3.6800e+00    5.8692e+03 
3.6900e+00    5.8961e+03 
3.7000e+00    5.9110e+03 
3.7100e+00    5.9300e+03 
3.7200e+00    5.9508e+03 
3.7300e+00    5.9719e+03 
3.7400e+00    5.9864e+03 
3.7500e+00    5.9870e+03 
3.7600e+00    5.9924e+03 
3.7700e+00    6.0236e+03 
3.7800e+00    6.0372e+03 
3.7900e+00    6.0760e+03 
3.8000e+00    6.0909e+03 
3.8100e+00    6.0972e+03 
3.8200e+00    6.1165e+03 
3.8300e+00    6.1390e+03 
3.8400e+00    6.1560e+03 
3.8500e+00    6.1762e+03 
3.8600e+00    6.1873e+03 
3.8700e+00    6.2004e+03 
3.8800e+00    6.2284e+03 
3.8900e+00    6.2539e+03 
3.9000e+00    6.2619e+03 
3.9100e+00    6.2814e+03 
3.9200e+00    6.2965e+03 
3.9300e+00    6.3200e+03 
3.9400e+00    6.3378e+03 
3.9500e+00    6.3553e+03 
3.9600e+00    6.3648e+03 
3.9700e+00    6.3794e+03 
3.9800e+00    6.3900e+03 
3.9900e+00    6.4075e+03 
4.0000e+00    6.4332e+03 
4.0100e+00    6.4502e+03 
4.0200e+00    6.4534e+03 
4.0300e+00    6.4550e+03 
4.0400e+00    6.4772e+03 
4.0500e+00    6.4842e+03 
4.0600e+00    6.4943e+03 
4.0700e+00    6.5162e+03 
4.0800e+00    6.5505e+03 
4.0900e+00    6.5719e+03 
4.1000e+00    6.5830e+03 
4.1100e+00    6.5924e+03 
4.1200e+00    6.6074e+03 
4.1300e+00    6.6248e+03 
4.1400e+00    6.6407e+03 
4.1500e+00    6.6590e+03 
4.1600e+00    6.6772e+03 
4.1700e+00    6.6986e+03 
4.1800e+00    6.7189e+03 
4.1900e+00    6.7252e+03 
4.2000e+00    6.7339e+03 
4.2100e+00    6.7452e+03 
4.2200e+00    6.7712e+03 
4.2300e+00    6.7909e+03 
4.2400e+00    6.8190e+03 
4.2500e+00    6.8343e+03 
4.2600e+00    6.8443e+03 
4.2700e+00    6.8538e+03 
4.2800e+00    6.8724e+03 
4.2900e+00    6.8882e+03 
4.3000e+00    6.9124e+03 
4.3100e+00    6.9206e+03 
4.3200e+00    6.9371e+03 
4.3300e+00    6.9555e+03 
4.3400e+00    6.9723e+03 
4.3500e+00    6.9840e+03 
4.3600e+00    7.0007e+03 
4.3700e+00    7.0134e+03 
4.3800e+00    7.0341e+03 
4.3900e+00    7.0541e+03 
4.4000e+00    7.0783e+03 
4.4100e+00    7.0816e+03 
4.4200e+00    7.0915e+03 
4.4300e+00    7.1004e+03 
4.4400e+00    7.1126e+03 
4.4500e+00    7.1331e+03 
4.4600e+00    7.1424e+03 
4.4700e+00    7.1490e+03 
4.4800e+00    7.1695e+03 
4.4900e+00    7.1904e+03 
4.5000e+00    7.2032e+03 
4.5100e+00    7.2206e+03 
4.5200e+00    7.2300e+03 
4.5300e+00    7.2496e+03 
4.5400e+00    7.2745e+03 
4.5500e+00    7.2873e+03 
4.5600e+00    7.3090e+03 
4.5700e+00    7.3167e+03 
4.5800e+00    7.3526e+03 
4.5900e+00    7.3481e+03 
4.6000e+00    7.3576e+03 
4.6100e+00    7.3665e+03 
4.6200e+00    7.3940e+03 
4.6300e+00    7.4129e+03 
4.6400e+00    7.4458e+03 
4.6500e+00    7.4594e+03 
4.6600e+00    7.4698e+03 
4.6700e+00    7.5001e+03 
4.6800e+00    7.5054e+03 
4.6900e+00    7.5222e+03 
4.7000e+00    7.5475e+03 
4.7100e+00    7.5818e+03 
4.7200e+00    7.6041e+03 
4.7300e+00    7.6160e+03 
4.7400e+00    7.6276e+03 
4.7500e+00    7.6429e+03 
4.7600e+00    7.6380e+03 
4.7700e+00    7.6464e+03 
4.7800e+00    7.6574e+03 
4.7900e+00    7.6892e+03 
4.8000e+00    7.6976e+03 
4.8100e+00    7.6962e+03 
4.8200e+00    7.7083e+03 
4.8300e+00    7.7212e+03 
4.8400e+00    7.7362e+03 
4.8500e+00    7.7416e+03 
4.8600e+00    7.7580e+03 
4.8700e+00    7.7676e+03 
4.8800e+00    7.7859e+03 
4.8900e+00    7.7901e+03 
4.9000e+00    7.8078e+03 
4.9100e+00    7.8283e+03 
4.9200e+00    7.8384e+03 
4.9300e+00    7.8595e+03 
4.9400e+00    7.8716e+03 
4.9500e+00    7.8949e+03 
4.9600e+00    7.9080e+03 
4.9700e+00    7.9181e+03 
4.9800e+00    7.9405e+03 
4.9900e+00    7.9653e+03 
5.0000e+00    7.9685e+03 
5.0100e+00    7.9887e+03 
5.0200e+00    8.0063e+03 
5.0300e+00    8.0332e+03 
5.0400e+00    8.0467e+03 
5.0500e+00    8.0580e+03 
5.0600e+00    8.0658e+03 
5.0700e+00    8.0961e+03 
5.0800e+00    8.1115e+03 
5.0900e+00    8.1138e+03 
5.1000e+00    8.1224e+03 
5.1100e+00    8.1386e+03 
5.1200e+00    8.1400e+03 
5.1300e+00    8.1439e+03 
5.1400e+00    8.1592e+03 
5.1500e+00    8.1837e+03 
5.1600e+00    8.1960e+03 
5.1700e+00    8.2124e+03 
5.1800e+00    8.2150e+03 
5.1900e+00    8.2248e+03 
5.2000e+00    8.2385e+03 
5.2100e+00    8.2473e+03 
5.2200e+00    8.2546e+03 
5.2300e+00    8.2706e+03 
5.2400e+00    8.2697e+03 
5.2500e+00    8.2705e+03 
5.2600e+00    8.2824e+03 
5.2700e+00    8.2995e+03 
5.2800e+00    8.3106e+03 
5.2900e+00    8.3425e+03 
5.3000e+00    8.3547e+03 
5.3100e+00    8.3688e+03 
5.3200e+00    8.3834e+03 
5.3300e+00    8.4061e+03 
5.3400e+00    8.4296e+03 
5.3500e+00    8.4409e+03 
5.3600e+00    8.4484e+03 
5.3700e+00    8.4617e+03 
5.3800e+00    8.4608e+03 
5.3900e+00    8.4581e+03 
5.4000e+00    8.4617e+03 
5.4100e+00    8.4828e+03 
5.4200e+00    8.5098e+03 
5.4300e+00    8.5235e+03 
5.4400e+00    8.5438e+03 
5.4500e+00    8.5614e+03 
5.4600e+00    8.5830e+03 
5.4700e+00    8.5936e+03 
5.4800e+00    8.6181e+03 
5.4900e+00    8.6455e+03 
5.5000e+00    8.6570e+03 
5.5100e+00    8.6770e+03 
5.5200e+00    8.6853e+03 
5.5300e+00    8.7119e+03 
5.5400e+00    8.7255e+03 
5.5500e+00    8.7443e+03 
5.5600e+00    8.7481e+03 
5.5700e+00    8.7801e+03 
5.5800e+00    8.8009e+03 
5.5900e+00    8.8089e+03 
5.6000e+00    8.8323e+03 
5.6100e+00    8.8356e+03 
5.6200e+00    8.8494e+03 
5.6300e+00    8.8586e+03 
5.6400e+00    8.8848e+03 
5.6500e+00    8.9063e+03 
5.6600e+00    8.9263e+03 
5.6700e+00    8.9475e+03 
5.6800e+00    8.9573e+03 
5.6900e+00    8.9779e+03 
5.7000e+00    9.0061e+03 
5.7100e+00    9.0152e+03 
5.7200e+00    9.0319e+03 
5.7300e+00    9.0273e+03 
5.7400e+00    9.0529e+03 
5.7500e+00    9.0565e+03 
5.7600e+00    9.0721e+03 
5.7700e+00    9.0814e+03 
5.7800e+00    9.0991e+03 
5.7900e+00    9.1316e+03 
5.8000e+00    9.1647e+03 
5.8100e+00    9.1701e+03 
5.8200e+00    9.1920e+03 
5.8300e+00    9.2146e+03 
5.8400e+00    9.2126e+03 
5.8500e+00    9.2425e+03 
5.8600e+00    9.2476e+03 
5.8700e+00    9.2929e+03 
5.8800e+00    9.3160e+03 
5.8900e+00    9.3404e+03 
5.9000e+00    9.3764e+03 
5.9100e+00    9.3782e+03 
5.9200e+00    9.3810e+03 
5.9300e+00    9.3956e+03 
5.9400e+00    9.4138e+03 
5.9500e+00    9.4431e+03 
5.9600e+00    9.4686e+03 
5.9700e+00    9.4685e+03 
5.9800e+00    9.4820e+03 
5.9900e+00    9.4926e+03 
6.0000e+00    9.5020e+03 
6.0100e+00    9.5233e+03 
6.0200e+00    9.5499e+03 
6.0300e+00    9.5589e+03 
6.0400e+00    9.5625e+03 
6.0500e+00    9.5806e+03 
6.0600e+00    9.5861e+03 
6.0700e+00    9.5796e+03 
6.0800e+00    9.6125e+03 
6.0900e+00    9.6361e+03 
6.1000e+00    9.6519e+03 
6.1100e+00    9.6573e+03 
6.1200e+00    9.6551e+03 
6.1300e+00    9.6705e+03 
6.1400e+00    9.6937e+03 
6.1500e+00    9.7188e+03 
6.1600e+00    9.7241e+03 
6.1700e+00    9.7490e+03 
6.1800e+00    9.7638e+03 
6.1900e+00    9.7773e+03 
6.2000e+00    9.7874e+03 
6.2100e+00    9.8068e+03 
6.2200e+00    9.8508e+03 
6.2300e+00    9.8632e+03 
6.2400e+00    9.8788e+03 
6.2500e+00    9.8978e+03 
6.2600e+00    9.9210e+03 
6.2700e+00    9.9609e+03 
6.2800e+00    9.9689e+03 
6.2900e+00    9.9794e+03 
6.3000e+00    9.9992e+03 
6.3100e+00    9.9988e+03 
6.3200e+00    1.0025e+04 
6.3300e+00    1.0046e+04 
6.3400e+00    1.0067e+04 
6.3500e+00    1.0088e+04 
6.3600e+00    1.0108e+04 
6.3700e+00    1.0140e+04 
6.3800e+00    1.0155e+04 
6.3900e+00    1.0188e+04 
6.4000e+00    1.0199e+04 
6.4100e+00    1.0237e+04 
6.4200e+00    1.0258e+04 
6.4300e+00    1.0273e+04 
6.4400e+00    1.0294e+04 
6.4500e+00    1.0321e+04 
6.4600e+00    1.0343e+04 
6.4700e+00    1.0344e+04 
6.4800e+00    1.0346e+04 
6.4900e+00    1.0367e+04 
6.5000e+00    1.0385e+04 
6.5100e+00    1.0390e+04 
6.5200e+00    1.0404e+04 
6.5300e+00    1.0414e+04 
6.5400e+00    1.0444e+04 
6.5500e+00    1.0467e+04 
6.5600e+00    1.0495e+04 
6.5700e+00    1.0499e+04 
6.5800e+00    1.0511e+04 
6.5900e+00    1.0521e+04 
6.6000e+00    1.0525e+04 
6.6100e+00    1.0563e+04 
6.6200e+00    1.0582e+04 
6.6300e+00    1.0588e+04 
6.6400e+00    1.0599e+04 
6.6500e+00    1.0591e+04 
6.6600e+00    1.0616e+04 
6.6700e+00    1.0626e+04 
6.6800e+00    1.0641e+04 
6.6900e+00    1.0652e+04 
6.7000e+00    1.0692e+04 
6.7100e+00    1.0700e+04 
6.7200e+00    1.0714e+04 
6.7300e+00    1.0737e+04 
6.7400e+00    1.0742e+04 
6.7500e+00    1.0738e+04 
6.7600e+00    1.0746e+04 
6.7700e+00    1.0777e+04 
6.7800e+00    1.0794e+04 
6.7900e+00    1.0810e+04 
6.8000e+00    1.0814e+04 
6.8100e+00    1.0834e+04 
6.8200e+00    1.0844e+04 
6.8300e+00    1.0857e+04 
6.8400e+00    1.0882e+04 
6.8500e+00    1.0880e+04 
6.8600e+00    1.0879e+04 
6.8700e+00    1.0887e+04 
6.8800e+00    1.0903e+04 
6.8900e+00    1.0904e+04 
6.9000e+00    1.0934e+04 
6.9100e+00    1.0945e+04 
6.9200e+00    1.0953e+04 
6.9300e+00    1.0988e+04 
6.9400e+00    1.0989e+04 
6.9500e+00    1.1000e+04 
6.9600e+00    1.1000e+04 
6.9700e+00    1.1017e+04 
6.9800e+00    1.1041e+04 
6.9900e+00    1.1056e+04 
7.0000e+00    1.1070e+04 
7.0100e+00    1.1082e+04 
7.0200e+00    1.1086e+04 
7.0300e+00    1.1097e+04 
7.0400e+00    1.1120e+04 
7.0500e+00    1.1131e+04 
7.0600e+00    1.1177e+04 
7.0700e+00    1.1211e+04 
7.0800e+00    1.1226e+04 
7.0900e+00    1.1219e+04 
7.1000e+00    1.1249e+04 
7.1100e+00    1.1265e+04 
7.1200e+00    1.1289e+04 
7.1300e+00    1.1312e+04 
7.1400e+00    1.1309e+04 
7.1500e+00    1.1339e+04 
7.1600e+00    1.1351e+04 
7.1700e+00    1.1358e+04 
7.1800e+00    1.1371e+04 
7.1900e+00    1.1400e+04 
7.2000e+00    1.1410e+04 
7.2100e+00    1.1443e+04 
7.2200e+00    1.1456e+04 
7.2300e+00    1.1452e+04 
7.2400e+00    1.1489e+04 
7.2500e+00    1.1506e+04 
7.2600e+00    1.1522e+04 
7.2700e+00    1.1540e+04 
7.2800e+00    1.1554e+04 
7.2900e+00    1.1588e+04 
7.3000e+00    1.1607e+04 
7.3100e+00    1.1641e+04 
7.3200e+00    1.1644e+04 
7.3300e+00    1.1655e+04 
7.3400e+00    1.1664e+04 
7.3500e+00    1.1680e+04 
7.3600e+00    1.1690e+04 
7.3700e+00    1.1723e+04 
7.3800e+00    1.1747e+04 
7.3900e+00    1.1763e+04 
7.4000e+00    1.1781e+04 
7.4100e+00    1.1782e+04 
7.4200e+00    1.1794e+04 
7.4300e+00    1.1816e+04 
7.4400e+00    1.1849e+04 
7.4500e+00    1.1863e+04 
7.4600e+00    1.1889e+04 
7.4700e+00    1.1906e+04 
7.4800e+00    1.1915e+04 
7.4900e+00    1.1948e+04 
7.5000e+00    1.1961e+04 
7.5100e+00    1.1964e+04 
7.5200e+00    1.1967e+04 
7.5300e+00    1.1969e+04 
7.5400e+00    1.1979e+04 
7.5500e+00    1.1997e+04 
7.5600e+00    1.2013e+04 
7.5700e+00    1.2036e+04 
7.5800e+00    1.2037e+04 
7.5900e+00    1.2063e+04 
7.6000e+00    1.2083e+04 
7.6100e+00    1.2086e+04 
7.6200e+00    1.2108e+04 
7.6300e+00    1.2117e+04 
7.6400e+00    1.2143e+04 
7.6500e+00    1.2155e+04 
7.6600e+00    1.2146e+04 
7.6700e+00    1.2164e+04 
7.6800e+00    1.2180e+04 
7.6900e+00    1.2200e+04 
7.7000e+00    1.2228e+04 
7.7100e+00    1.2236e+04 
7.7200e+00    1.2245e+04 
7.7300e+00    1.2268e+04 
7.7400e+00    1.2253e+04 
7.7500e+00    1.2273e+04 
7.7600e+00    1.2281e+04 
7.7700e+00    1.2316e+04 
7.7800e+00    1.2326e+04 
7.7900e+00    1.2343e+04 
7.8000e+00    1.2365e+04 
7.8100e+00    1.2385e+04 
7.8200e+00    1.2406e+04 
7.8300e+00    1.2417e+04 
7.8400e+00    1.2421e+04 
7.8500e+00    1.2436e+04 
7.8600e+00    1.2449e+04 
7.8700e+00    1.2474e+04 
7.8800e+00    1.2490e+04 
7.8900e+00    1.2514e+04 
7.9000e+00    1.2522e+04 
7.9100e+00    1.2532e+04 
7.9200e+00    1.2547e+04 
7.9300e+00    1.2583e+04 
7.9400e+00    1.2622e+04 
7.9500e+00    1.2638e+04 
7.9600e+00    1.2647e+04 
7.9700e+00    1.2669e+04 
7.9800e+00    1.2683e+04 
7.9900e+00    1.2710e+04 
8.0000e+00    1.2743e+04 
8.0100e+00    1.2784e+04 
8.0200e+00    1.2785e+04 
8.0300e+00    1.2803e+04 
8.0400e+00    1.2816e+04 
8.0500e+00    1.2827e+04 
8.0600e+00    1.2860e+04 
8.0700e+00    1.2880e+04 
8.0800e+00    1.2895e+04 
8.0900e+00    1.2895e+04 
8.1000e+00    1.2901e+04 
8.1100e+00    1.2914e+04 
8.1200e+00    1.2928e+04 
8.1300e+00    1.2950e+04 
8.1400e+00    1.2956e+04 
8.1500e+00    1.2983e+04 
8.1600e+00    1.2990e+04 
8.1700e+00    1.3010e+04 
8.1800e+00    1.3032e+04 
8.1900e+00    1.3056e+04 
8.2000e+00    1.3086e+04 
8.2100e+00    1.3092e+04 
8.2200e+00    1.3111e+04 
8.2300e+00    1.3111e+04 
8.2400e+00    1.3118e+04 
8.2500e+00    1.3132e+04 
8.2600e+00    1.3164e+04 
8.2700e+00    1.3155e+04 
8.2800e+00    1.3174e+04 
8.2900e+00    1.3195e+04 
8.3000e+00    1.3231e+04 
8.3100e+00    1.3245e+04 
8.3200e+00    1.3270e+04 
8.3300e+00    1.3294e+04 
8.3400e+00    1.3313e+04 
8.3500e+00    1.3318e+04 
8.3600e+00    1.3310e+04 
8.3700e+00    1.3344e+04 
8.3800e+00    1.3345e+04 
8.3900e+00    1.3362e+04 
8.4000e+00    1.3379e+04 
8.4100e+00    1.3393e+04 
8.4200e+00    1.3412e+04 
8.4300e+00    1.3434e+04 
8.4400e+00    1.3461e+04 
8.4500e+00    1.3468e+04 
8.4600e+00    1.3486e+04 
8.4700e+00    1.3487e+04 
8.4800e+00    1.3496e+04 
8.4900e+00    1.3515e+04 
8.5000e+00    1.3533e+04 
8.5100e+00    1.3541e+04 
8.5200e+00    1.3551e+04 
8.5300e+00    1.3566e+04 
8.5400e+00    1.3573e+04 
8.5500e+00    1.3603e+04 
8.5600e+00    1.3620e+04 
8.5700e+00    1.3639e+04 
8.5800e+00    1.3659e+04 
8.5900e+00    1.3671e+04 
8.6000e+00    1.3670e+04 
8.6100e+00    1.3705e+04 
8.6200e+00    1.3718e+04 
8.6300e+00    1.3733e+04 
8.6400e+00    1.3740e+04 
8.6500e+00    1.3761e+04 
8.6600e+00    1.3768e+04 
8.6700e+00    1.3785e+04 
8.6800e+00    1.3808e+04 
8.6900e+00    1.3823e+04 
8.7000e+00    1.3871e+04 
8.7100e+00    1.3871e+04 
8.7200e+00    1.3895e+04 
8.7300e+00    1.3923e+04 
8.7400e+00    1.3919e+04 
8.7500e+00    1.3935e+04 
8.7600e+00    1.3946e+04 
8.7700e+00    1.3953e+04 
8.7800e+00    1.3968e+04 
8.7900e+00    1.4014e+04 
8.8000e+00    1.4035e+04 
8.8100e+00    1.4046e+04 
8.8200e+00    1.4056e+04 
8.8300e+00    1.4078e+04 
8.8400e+00    1.4102e+04 
8.8500e+00    1.4123e+04 
8.8600e+00    1.4154e+04 
8.8700e+00    1.4156e+04 
8.8800e+00    1.4157e+04 
8.8900e+00    1.4188e+04 
8.9000e+00    1.4207e+04 
8.9100e+00    1.4252e+04 
8.9200e+00    1.4283e+04 
8.9300e+00    1.4288e+04 
8.9400e+00    1.4281e+04 
8.9500e+00    1.4300e+04 
8.9600e+00    1.4314e+04 
8.9700e+00    1.4318e+04 
8.9800e+00    1.4344e+04 
8.9900e+00    1.4365e+04 
9.0000e+00    1.4390e+04 
9.0100e+00    1.4402e+04 
9.0200e+00    1.4431e+04 
9.0300e+00    1.4436e+04 
9.0400e+00    1.4439e+04 
9.0500e+00    1.4469e+04 
9.0600e+00    1.4465e+04 
9.0700e+00    1.4483e+04 
9.0800e+00    1.4525e+04 
9.0900e+00    1.4555e+04 
9.1000e+00    1.4567e+04 
9.1100e+00    1.4564e+04 
9.1200e+00    1.4597e+04 
9.1300e+00    1.4618e+04 
9.1400e+00    1.4656e+04 
9.1500e+00    1.4675e+04 
9.1600e+00    1.4673e+04 
9.1700e+00    1.4673e+04 
9.1800e+00    1.4674e+04 
9.1900e+00    1.4690e+04 
9.2000e+00    1.4713e+04 
9.2100e+00    1.4727e+04 
9.2200e+00    1.4742e+04 
9.2300e+00    1.4747e+04 
9.2400e+00    1.4774e+04 
9.2500e+00    1.4783e+04 
9.2600e+00    1.4795e+04 
9.2700e+00    1.4809e+04 
9.2800e+00    1.4834e+04 
9.2900e+00    1.4859e+04 
9.3000e+00    1.4856e+04 
9.3100e+00    1.4868e+04 
9.3200e+00    1.4906e+04 
9.3300e+00    1.4902e+04 
9.3400e+00    1.4931e+04 
9.3500e+00    1.4932e+04 
9.3600e+00    1.4944e+04 
9.3700e+00    1.4982e+04 
9.3800e+00    1.4982e+04 
9.3900e+00    1.4992e+04 
9.4000e+00    1.4992e+04 
9.4100e+00    1.5018e+04 
9.4200e+00    1.5032e+04 
9.4300e+00    1.5050e+04 
9.4400e+00    1.5053e+04 
9.4500e+00    1.5069e+04 
9.4600e+00    1.5087e+04 
9.4700e+00    1.5080e+04 
9.4800e+00    1.5122e+04 
9.4900e+00    1.5122e+04 
9.5000e+00    1.5157e+04 
9.5100e+00    1.5184e+04 
9.5200e+00    1.5229e+04 
9.5300e+00    1.5245e+04 
9.5400e+00    1.5275e+04 
9.5500e+00    1.5270e+04 
9.5600e+00    1.5287e+04 
9.5700e+00    1.5278e+04 
9.5800e+00    1.5289e+04 
9.5900e+00    1.5309e+04 
9.6000e+00    1.5321e+04 
9.6100e+00    1.5343e+04 
9.6200e+00    1.5340e+04 
9.6300e+00    1.5377e+04 
9.6400e+00    1.5395e+04 
9.6500e+00    1.5429e+04 
9.6600e+00    1.5431e+04 
9.6700e+00    1.5399e+04 
9.6800e+00    1.5432e+04 
9.6900e+00    1.5445e+04 
9.7000e+00    1.5451e+04 
9.7100e+00    1.5471e+04 
9.7200e+00    1.5472e+04 
9.7300e+00    1.5483e+04 
9.7400e+00    1.5489e+04 
9.7500e+00    1.5479e+04 
9.7600e+00    1.5481e+04 
9.7700e+00    1.5475e+04 
9.7800e+00    1.5468e+04 
9.7900e+00    1.5503e+04 
9.8000e+00    1.5525e+04 
9.8100e+00    1.5538e+04 
9.8200e+00    1.5574e+04 
9.8300e+00    1.5581e+04 
9.8400e+00    1.5610e+04 
9.8500e+00    1.5648e+04 
9.8600e+00    1.5671e+04 
9.8700e+00    1.5680e+04 
9.8800e+00    1.5684e+04 
9.8900e+00    1.5688e+04 
9.9000e+00    1.5684e+04 
9.9100e+00    1.5713e+04 
9.9200e+00    1.5722e+04 
9.9300e+00    1.5761e+04 
9.9400e+00    1.5786e+04 
9.9500e+00    1.5786e+04 
9.9600e+00    1.5796e+04 
9.9700e+00    1.5802e+04 
9.9800e+00    1.5804e+04 
9.9900e+00    1.5834e+04 
1.0000e+01    1.5843e+04 
1.0010e+01    1.5864e+04 
1.0020e+01    1.5875e+04 
1.0030e+01    1.5894e+04 
1.0040e+01    1.5904e+04 
1.0050e+01    1.5913e+04 
1.0060e+01    1.5926e+04 
1.0070e+01    1.5926e+04 
1.0080e+01    1.5951e+04 
1.0090e+01    1.5974e+04 
1.0100e+01    1.5976e+04 
1.0110e+01    1.5995e+04 
1.0120e+01    1.6007e+04 
1.0130e+01    1.6036e+04 
1.0140e+01    1.6073e+04 
1.0150e+01    1.6086e+04 
1.0160e+01    1.6119e+04 
1.0170e+01    1.6149e+04 
1.0180e+01    1.6142e+04 
1.0190e+01    1.6137e+04 
1.0200e+01    1.6164e+04 
1.0210e+01    1.6198e+04 
1.0220e+01    1.6201e+04 
1.0230e+01    1.6214e+04 
1.0240e+01    1.6211e+04 
1.0250e+01    1.6228e+04 
1.0260e+01    1.6246e+04 
1.0270e+01    1.6264e+04 
1.0280e+01    1.6283e+04 
1.0290e+01    1.6306e+04 
1.0300e+01    1.6316e+04 
1.0310e+01    1.6318e+04 
1.0320e+01    1.6349e+04 
1.0330e+01    1.6379e+04 
1.0340e+01    1.6403e+04 
1.0350e+01    1.6399e+04 
1.0360e+01    1.6395e+04 
1.0370e+01    1.6436e+04 
1.0380e+01    1.6445e+04 
1.0390e+01    1.6452e+04 
1.0400e+01    1.6472e+04 
1.0410e+01    1.6486e+04 
1.0420e+01    1.6504e+04 
1.0430e+01    1.6550e+04 
1.0440e+01    1.6532e+04 
1.0450e+01    1.6564e+04 
1.0460e+01    1.6571e+04 
1.0470e+01    1.6589e+04 
1.0480e+01    1.6610e+04 
1.0490e+01    1.6615e+04 
1.0500e+01    1.6628e+04 
1.0510e+01    1.6634e+04 
1.0520e+01    1.6678e+04 
1.0530e+01    1.6689e+04 
1.0540e+01    1.6694e+04 
1.0550e+01    1.6710e+04 
1.0560e+01    1.6733e+04 
1.0570e+01    1.6743e+04 
1.0580e+01    1.6763e+04 
1.0590e+01    1.6773e+04 
1.0600e+01    1.6790e+04 
1.0610e+01    1.6812e+04 
1.0620e+01    1.6813e+04 
1.0630e+01    1.6813e+04 
1.0640e+01    1.6819e+04 
1.0650e+01    1.6837e+04 
1.0660e+01    1.6861e+04 
1.0670e+01    1.6882e+04 
1.0680e+01    1.6914e+04 
1.0690e+01    1.6926e+04 
1.0700e+01    1.6928e+04 
1.0710e+01    1.6959e+04 
1.0720e+01    1.6985e+04 
1.0730e+01    1.6993e+04 
1.0740e+01    1.6988e+04 
1.0750e+01    1.6998e+04 
1.0760e+01    1.7008e+04 
1.0770e+01    1.7028e+04 
1.0780e+01    1.7062e+04 
1.0790e+01    1.7073e+04 
1.0800e+01    1.7097e+04 
1.0810e+01    1.7118e+04 
1.0820e+01    1.7145e+04 
1.0830e+01    1.7157e+04 
1.0840e+01    1.7178e+04 
1.0850e+01    1.7218e+04 
1.0860e+01    1.7243e+04 
1.0870e+01    1.7257e+04 
1.0880e+01    1.7264e+04 
1.0890e+01    1.7267e+04 
1.0900e+01    1.7268e+04 
1.0910e+01    1.7302e+04 
1.0920e+01    1.7330e+04 
1.0930e+01    1.7360e+04 
1.0940e+01    1.7380e+04 
1.0950e+01    1.7384e+04 
1.0960e+01    1.7402e+04 
1.0970e+01    1.7428e+04 
1.0980e+01    1.7454e+04 
1.0990e+01    1.7437e+04 
1.1000e+01    1.7445e+04 
1.1010e+01    1.7462e+04 
1.1020e+01    1.7448e+04 
1.1030e+01    1.7435e+04 
1.1040e+01    1.7466e+04 
1.1050e+01    1.7471e+04 
1.1060e+01    1.7475e+04 
1.1070e+01    1.7471e+04 
1.1080e+01    1.7486e+04 
1.1090e+01    1.7498e+04 
1.1100e+01    1.7522e+04 
1.1110e+01    1.7515e+04 
1.1120e+01    1.7524e+04 
1.1130e+01    1.7534e+04 
1.1140e+01    1.7565e+04 
1.1150e+01    1.7558e+04 
1.1160e+01    1.7562e+04 
1.1170e+01    1.7587e+04 
1.1180e+01    1.7611e+04 
1.1190e+01    1.7624e+04 
1.1200e+01    1.7646e+04 
1.1210e+01    1.7624e+04 
1.1220e+01    1.7651e+04 
1.1230e+01    1.7678e+04 
1.1240e+01    1.7710e+04 
1.1250e+01    1.7737e+04 
1.1260e+01    1.7752e+04 
1.1270e+01    1.7771e+04 
1.1280e+01    1.7793e+04 
1.1290e+01    1.7809e+04 
1.1300e+01    1.7826e+04 
1.1310e+01    1.7836e+04 
1.1320e+01    1.7859e+04 
1.1330e+01    1.7866e+04 
1.1340e+01    1.7873e+04 
1.1350e+01    1.7901e+04 
1.1360e+01    1.7925e+04 
1.1370e+01    1.7941e+04 
1.1380e+01    1.7932e+04 
1.1390e+01    1.7920e+04 
1.1400e+01    1.7932e+04 
1.1410e+01    1.7955e+04 
1.1420e+01    1.7957e+04 
1.1430e+01    1.7967e+04 
1.1440e+01    1.8012e+04 
1.1450e+01    1.8017e+04 
1.1460e+01    1.8020e+04 
1.1470e+01    1.8045e+04 
1.1480e+01    1.8065e+04 
1.1490e+01    1.8096e+04 
1.1500e+01    1.8111e+04 
1.1510e+01    1.8115e+04 
1.1520e+01    1.8106e+04 
1.1530e+01    1.8108e+04 
1.1540e+01    1.8127e+04 
1.1550e+01    1.8148e+04 
1.1560e+01    1.8187e+04 
1.1570e+01    1.8205e+04 
1.1580e+01    1.8226e+04 
1.1590e+01    1.8240e+04 
1.1600e+01    1.8257e+04 
1.1610e+01    1.8269e+04 
1.1620e+01    1.8297e+04 
1.1630e+01    1.8330e+04 
1.1640e+01    1.8344e+04 
1.1650e+01    1.8351e+04 
1.1660e+01    1.8367e+04 
1.1670e+01    1.8385e+04 
1.1680e+01    1.8401e+04 
1.1690e+01    1.8430e+04 
1.1700e+01    1.8454e+04 
1.1710e+01    1.8488e+04 
1.1720e+01    1.8539e+04 
1.1730e+01    1.8541e+04 
1.1740e+01    1.8545e+04 
1.1750e+01    1.8564e+04 
1.1760e+01    1.8603e+04 
1.1770e+01    1.8633e+04 
1.1780e+01    1.8655e+04 
1.1790e+01    1.8678e+04 
1.1800e+01    1.8692e+04 
1.1810e+01    1.8708e+04 
1.1820e+01    1.8730e+04 
1.1830e+01    1.8760e+04 
1.1840e+01    1.8776e+04 
1.1850e+01    1.8798e+04 
1.1860e+01    1.8795e+04 
1.1870e+01    1.8815e+04 
1.1880e+01    1.8829e+04 
1.1890e+01    1.8847e+04 
1.1900e+01    1.8871e+04 
1.1910e+01    1.8885e+04 
1.1920e+01    1.8881e+04 
1.1930e+01    1.8874e+04 
1.1940e+01    1.8865e+04 
1.1950e+01    1.8886e+04 
1.1960e+01    1.8932e+04 
1.1970e+01    1.8943e+04 
1.1980e+01    1.8962e+04 
1.1990e+01    1.9006e+04 
1.2000e+01    1.9035e+04 
1.2010e+01    1.9058e+04 
1.2020e+01    1.9062e+04 
1.2030e+01    1.9079e+04 
1.2040e+01    1.9098e+04 
1.2050e+01    1.9107e+04 
1.2060e+01    1.9123e+04 
1.2070e+01    1.9123e+04 
1.2080e+01    1.9129e+04 
1.2090e+01    1.9158e+04 
1.2100e+01    1.9185e+04 
1.2110e+01    1.9208e+04 
1.2120e+01    1.9183e+04 
1.2130e+01    1.9188e+04 
1.2140e+01    1.9217e+04 
1.2150e+01    1.9210e+04 
1.2160e+01    1.9216e+04 
1.2170e+01    1.9229e+04 
1.2180e+01    1.9246e+04 
1.2190e+01    1.9255e+04 
1.2200e+01    1.9276e+04 
1.2210e+01    1.9300e+04 
1.2220e+01    1.9317e+04 
1.2230e+01    1.9342e+04 
1.2240e+01    1.9362e+04 
1.2250e+01    1.9372e+04 
1.2260e+01    1.9385e+04 
1.2270e+01    1.9401e+04 
1.2280e+01    1.9418e+04 
1.2290e+01    1.9422e+04 
1.2300e+01    1.9418e+04 
1.2310e+01    1.9412e+04 
1.2320e+01    1.9430e+04 
1.2330e+01    1.9455e+04 
1.2340e+01    1.9471e+04 
1.2350e+01    1.9481e+04 
1.2360e+01    1.9490e+04 
1.2370e+01    1.9515e+04 
1.2380e+01    1.9532e+04 
1.2390e+01    1.9537e+04 
1.2400e+01    1.9528e+04 
1.2410e+01    1.9557e+04 
1.2420e+01    1.9562e+04 
1.2430e+01    1.9536e+04 
1.2440e+01    1.9541e+04 
1.2450e+01    1.9553e+04 
1.2460e+01    1.9580e+04 
1.2470e+01    1.9589e+04 
1.2480e+01    1.9607e+04 
1.2490e+01    1.9640e+04 
1.2500e+01    1.9647e+04 
1.2510e+01    1.9686e+04 
1.2520e+01    1.9704e+04 
1.2530e+01    1.9730e+04 
1.2540e+01    1.9731e+04 
1.2550e+01    1.9760e+04 
1.2560e+01    1.9774e+04 
1.2570e+01    1.9801e+04 
1.2580e+01    1.9811e+04 
1.2590e+01    1.9836e+04 
1.2600e+01    1.9830e+04 
1.2610e+01    1.9855e+04 
1.2620e+01    1.9862e+04 
1.2630e+01    1.9864e+04 
1.2640e+01    1.9847e+04 
1.2650e+01    1.9866e+04 
1.2660e+01    1.9889e+04 
1.2670e+01    1.9905e+04 
1.2680e+01    1.9923e+04 
1.2690e+01    1.9947e+04 
1.2700e+01    1.9941e+04 
1.2710e+01    1.9943e+04 
1.2720e+01    1.9980e+04 
1.2730e+01    1.9995e+04 
1.2740e+01    2.0017e+04 
1.2750e+01    2.0032e+04 
1.2760e+01    2.0052e+04 
1.2770e+01    2.0072e+04 
1.2780e+01    2.0081e+04 
1.2790e+01    2.0112e+04 
1.2800e+01    2.0126e+04 
1.2810e+01    2.0153e+04 
1.2820e+01    2.0171e+04 
1.2830e+01    2.0181e+04 
1.2840e+01    2.0221e+04 
1.2850e+01    2.0262e+04 
1.2860e+01    2.0249e+04 
1.2870e+01    2.0279e+04 
1.2880e+01    2.0313e+04 
1.2890e+01    2.0305e+04 
1.2900e+01    2.0333e+04 
1.2910e+01    2.0330e+04 
1.2920e+01    2.0337e+04 
1.2930e+01    2.0371e+04 
1.2940e+01    2.0382e+04 
1.2950e+01    2.0390e+04 
1.2960e+01    2.0431e+04 
1.2970e+01    2.0445e+04 
1.2980e+01    2.0495e+04 
1.2990e+01    2.0551e+04 
1.3000e+01    2.0571e+04 
1.3010e+01    2.0586e+04 
1.3020e+01    2.0583e+04 
1.3030e+01    2.0593e+04 
1.3040e+01    2.0622e+04 
1.3050e+01    2.0660e+04 
1.3060e+01    2.0715e+04 
1.3070e+01    2.0729e+04 
1.3080e+01    2.0752e+04 
1.3090e+01    2.0776e+04 
1.3100e+01    2.0782e+04 
1.3110e+01    2.0814e+04 
1.3120e+01    2.0862e+04 
1.3130e+01    2.0904e+04 
1.3140e+01    2.0917e+04 
1.3150e+01    2.0947e+04 
1.3160e+01    2.0964e+04 
1.3170e+01    2.1003e+04 
1.3180e+01    2.1011e+04 
1.3190e+01    2.1064e+04 
1.3200e+01    2.1061e+04 
1.3210e+01    2.1064e+04 
1.3220e+01    2.1080e+04 
1.3230e+01    2.1111e+04 
1.3240e+01    2.1148e+04 
1.3250e+01    2.1134e+04 
1.3260e+01    2.1169e+04 
1.3270e+01    2.1174e+04 
1.3280e+01    2.1180e+04 
1.3290e+01    2.1183e+04 
1.3300e+01    2.1188e+04 
1.3310e+01    2.1207e+04 
1.3320e+01    2.1235e+04 
1.3330e+01    2.1251e+04 
1.3340e+01    2.1294e+04 
1.3350e+01    2.1323e+04 
1.3360e+01    2.1325e+04 
1.3370e+01    2.1321e+04 
1.3380e+01    2.1329e+04 
1.3390e+01    2.1340e+04 
1.3400e+01    2.1349e+04 
1.3410e+01    2.1349e+04 
1.3420e+01    2.1378e+04 
1.3430e+01    2.1388e+04 
1.3440e+01    2.1420e+04 
1.3450e+01    2.1438e+04 
1.3460e+01    2.1447e+04 
1.3470e+01    2.1477e+04 
1.3480e+01    2.1493e+04 
1.3490e+01    2.1527e+04 
1.3500e+01    2.1567e+04 
1.3510e+01    2.1597e+04 
1.3520e+01    2.1590e+04 
1.3530e+01    2.1620e+04 
1.3540e+01    2.1607e+04 
1.3550e+01    2.1605e+04 
1.3560e+01    2.1626e+04 
1.3570e+01    2.1642e+04 
1.3580e+01    2.1645e+04 
1.3590e+01    2.1684e+04 
1.3600e+01    2.1676e+04 
1.3610e+01    2.1694e+04 
1.3620e+01    2.1721e+04 
1.3630e+01    2.1726e+04 
1.3640e+01    2.1750e+04 
1.3650e+01    2.1766e+04 
1.3660e+01    2.1789e+04 
1.3670e+01    2.1811e+04 
1.3680e+01    2.1816e+04 
1.3690e+01    2.1842e+04 
1.3700e+01    2.1865e+04 
1.3710e+01    2.1880e+04 
1.3720e+01    2.1861e+04 
1.3730e+01    2.1907e+04 
1.3740e+01    2.1921e+04 
1.3750e+01    2.1935e+04 
1.3760e+01    2.1949e+04 
1.3770e+01    2.1945e+04 
1.3780e+01    2.1974e+04 
1.3790e+01    2.1993e+04 
1.3800e+01    2.2015e+04 
1.3810e+01    2.2048e+04 
1.3820e+01    2.2047e+04 
1.3830e+01    2.2068e+04 
1.3840e+01    2.2073e+04 
1.3850e+01    2.2094e+04 
1.3860e+01    2.2127e+04 
1.3870e+01    2.2119e+04 
1.3880e+01    2.2168e+04 
1.3890e+01    2.2176e+04 
1.3900e+01    2.2204e+04 
1.3910e+01    2.2209e+04 
1.3920e+01    2.2210e+04 
1.3930e+01    2.2227e+04 
1.3940e+01    2.2260e+04 
1.3950e+01    2.2262e+04 
1.3960e+01    2.2288e+04 
1.3970e+01    2.2314e+04 
1.3980e+01    2.2323e+04 
1.3990e+01    2.2331e+04 
1.4000e+01    2.2348e+04 
1.4010e+01    2.2351e+04 
1.4020e+01    2.2344e+04 
1.4030e+01    2.2363e+04 
1.4040e+01    2.2396e+04 
1.4050e+01    2.2417e+04 
1.4060e+01    2.2431e+04 
1.4070e+01    2.2448e+04 
1.4080e+01    2.2472e+04 
1.4090e+01    2.2500e+04 
1.4100e+01    2.2513e+04 
1.4110e+01    2.2537e+04 
1.4120e+01    2.2555e+04 
1.4130e+01    2.2566e+04 
1.4140e+01    2.2594e+04 
1.4150e+01    2.2622e+04 
1.4160e+01    2.2632e+04 
1.4170e+01    2.2648e+04 
1.4180e+01    2.2682e+04 
1.4190e+01    2.2698e+04 
1.4200e+01    2.2752e+04 
1.4210e+01    2.2751e+04 
1.4220e+01    2.2765e+04 
1.4230e+01    2.2786e+04 
1.4240e+01    2.2774e+04 
1.4250e+01    2.2770e+04 
1.4260e+01    2.2777e+04 
1.4270e+01    2.2834e+04 
1.4280e+01    2.2854e+04 
1.4290e+01    2.2922e+04 
1.4300e+01    2.2948e+04 
1.4310e+01    2.2965e+04 
1.4320e+01    2.2963e+04 
1.4330e+01    2.2970e+04 
1.4340e+01    2.2971e+04 
1.4350e+01    2.2996e+04 
1.4360e+01    2.3039e+04 
1.4370e+01    2.3063e+04 
1.4380e+01    2.3073e+04 
1.4390e+01    2.3085e+04 
1.4400e+01    2.3103e+04 
1.4410e+01    2.3088e+04 
1.4420e+01    2.3088e+04 
1.4430e+01    2.3082e+04 
1.4440e+01    2.3102e+04 
1.4450e+01    2.3124e+04 
1.4460e+01    2.3139e+04 
1.4470e+01    2.3158e+04 
1.4480e+01    2.3153e+04 
1.4490e+01    2.3182e+04 
1.4500e+01    2.3206e+04 
1.4510e+01    2.3189e+04 
1.4520e+01    2.3204e+04 
1.4530e+01    2.3218e+04 
1.4540e+01    2.3236e+04 
1.4550e+01    2.3252e+04 
1.4560e+01    2.3261e+04 
1.4570e+01    2.3261e+04 
1.4580e+01    2.3291e+04 
1.4590e+01    2.3293e+04 
1.4600e+01    2.3266e+04 
1.4610e+01    2.3270e+04 
1.4620e+01    2.3295e+04 
1.4630e+01    2.3318e+04 
1.4640e+01    2.3340e+04 
1.4650e+01    2.3376e+04 
1.4660e+01    2.3390e+04 
1.4670e+01    2.3434e+04 
1.4680e+01    2.3461e+04 
1.4690e+01    2.3457e+04 
1.4700e+01    2.3491e+04 
1.4710e+01    2.3496e+04 
1.4720e+01    2.3491e+04 
1.4730e+01    2.3505e+04 
1.4740e+01    2.3535e+04 
1.4750e+01    2.3572e+04 
1.4760e+01    2.3625e+04 
1.4770e+01    2.3634e+04 
1.4780e+01    2.3635e+04 
1.4790e+01    2.3639e+04 
1.4800e+01    2.3684e+04 
1.4810e+01    2.3711e+04 
1.4820e+01    2.3707e+04 
1.4830e+01    2.3707e+04 
1.4840e+01    2.3713e+04 
1.4850e+01    2.3709e+04 
1.4860e+01    2.3725e+04 
1.4870e+01    2.3763e+04 
1.4880e+01    2.3767e+04 
1.4890e+01    2.3760e+04 
1.4900e+01    2.3802e+04 
1.4910e+01    2.3828e+04 
1.4920e+01    2.3854e+04 
1.4930e+01    2.3849e+04 
1.4940e+01    2.3867e+04 
1.4950e+01    2.3901e+04 
1.4960e+01    2.3896e+04 
1.4970e+01    2.3921e+04 
1.4980e+01    2.3933e+04 
1.4990e+01    2.3942e+04 
1.5000e+01    2.3963e+04 
1.5010e+01    2.3980e+04 
1.5020e+01    2.3969e+04 
1.5030e+01    2.3979e+04 
1.5040e+01    2.4017e+04 
1.5050e+01    2.4052e+04 
1.5060e+01    2.4070e+04 
1.5070e+01    2.4065e+04 
1.5080e+01    2.4086e+04 
1.5090e+01    2.4117e+04 
1.5100e+01    2.4131e+04 
1.5110e+01    2.4156e+04 
1.5120e+01    2.4189e+04 
1.5130e+01    2.4186e+04 
1.5140e+01    2.4183e+04 
1.5150e+01    2.4220e+04 
1.5160e+01    2.4212e+04 
1.5170e+01    2.4248e+04 
1.5180e+01    2.4251e+04 
1.5190e+01    2.4280e+04 
1.5200e+01    2.4315e+04 
1.5210e+01    2.4340e+04 
1.5220e+01    2.4387e+04 
1.5230e+01    2.4408e+04 
1.5240e+01    2.4448e+04 
1.5250e+01    2.4440e+04 
1.5260e+01    2.4440e+04 
1.5270e+01    2.4454e+04 
1.5280e+01    2.4499e+04 
1.5290e+01    2.4501e+04 
1.5300e+01    2.4510e+04 
1.5310e+01    2.4530e+04 
1.5320e+01    2.4568e+04 
1.5330e+01    2.4560e+04 
1.5340e+01    2.4592e+04 
1.5350e+01    2.4597e+04 
1.5360e+01    2.4607e+04 
1.5370e+01    2.4643e+04 
1.5380e+01    2.4677e+04 
1.5390e+01    2.4708e+04 
1.5400e+01    2.4698e+04 
1.5410e+01    2.4730e+04 
1.5420e+01    2.4763e+04 
1.5430e+01    2.4761e+04 
1.5440e+01    2.4763e+04 
1.5450e+01    2.4787e+04 
1.5460e+01    2.4811e+04 
1.5470e+01    2.4831e+04 
1.5480e+01    2.4829e+04 
1.5490e+01    2.4856e+04 
1.5500e+01    2.4883e+04 
1.5510e+01    2.4894e+04 
1.5520e+01    2.4899e+04 
1.5530e+01    2.4898e+04 
1.5540e+01    2.4930e+04 
1.5550e+01    2.4968e+04 
1.5560e+01    2.4988e+04 
1.5570e+01    2.4994e+04 
1.5580e+01    2.5009e+04 
1.5590e+01    2.5068e+04 
1.5600e+01    2.5083e+04 
1.5610e+01    2.5050e+04 
1.5620e+01    2.5063e+04 
1.5630e+01    2.5071e+04 
1.5640e+01    2.5075e+04 
1.5650e+01    2.5099e+04 
1.5660e+01    2.5057e+04 
1.5670e+01    2.5094e+04 
1.5680e+01    2.5090e+04 
1.5690e+01    2.5136e+04 
1.5700e+01    2.5162e+04 
1.5710e+01    2.5192e+04 
1.5720e+01    2.5197e+04 
1.5730e+01    2.5220e+04 
1.5740e+01    2.5256e+04 
1.5750e+01    2.5228e+04 
1.5760e+01    2.5234e+04 
1.5770e+01    2.5227e+04 
1.5780e+01    2.5257e+04 
1.5790e+01    2.5258e+04 
1.5800e+01    2.5254e+04 
1.5810e+01    2.5236e+04 
1.5820e+01    2.5268e+04 
1.5830e+01    2.5293e+04 
1.5840e+01    2.5318e+04 
1.5850e+01    2.5341e+04 
1.5860e+01    2.5374e+04 
1.5870e+01    2.5380e+04 
1.5880e+01    2.5399e+04 
1.5890e+01    2.5427e+04 
1.5900e+01    2.5413e+04 
1.5910e+01    2.5415e+04 
1.5920e+01    2.5419e+04 
1.5930e+01    2.5442e+04 
1.5940e+01    2.5444e+04 
1.5950e+01    2.5474e+04 
1.5960e+01    2.5500e+04 
1.5970e+01    2.5476e+04 
1.5980e+01    2.5482e+04 
1.5990e+01    2.5514e+04 
1.6000e+01    2.5495e+04 
1.6010e+01    2.5517e+04 
1.6020e+01    2.5530e+04 
1.6030e+01    2.5555e+04 
1.6040e+01    2.5542e+04 
1.6050e+01    2.5553e+04 
1.6060e+01    2.5577e+04 
1.6070e+01    2.5575e+04 
1.6080e+01    2.5602e+04 
1.6090e+01    2.5612e+04 
1.6100e+01    2.5649e+04 
1.6110e+01    2.5676e+04 
1.6120e+01    2.5688e+04 
1.6130e+01    2.5715e+04 
1.6140e+01    2.5749e+04 
1.6150e+01    2.5743e+04 
1.6160e+01    2.5751e+04 
1.6170e+01    2.5768e+04 
1.6180e+01    2.5802e+04 
1.6190e+01    2.5826e+04 
1.6200e+01    2.5841e+04 
1.6210e+01    2.5840e+04 
1.6220e+01    2.5851e+04 
1.6230e+01    2.5906e+04 
1.6240e+01    2.5947e+04 
1.6250e+01    2.5960e+04 
1.6260e+01    2.5986e+04 
1.6270e+01    2.5982e+04 
1.6280e+01    2.5985e+04 
1.6290e+01    2.6012e+04 
1.6300e+01    2.6029e+04 
1.6310e+01    2.6051e+04 
1.6320e+01    2.6072e+04 
1.6330e+01    2.6097e+04 
1.6340e+01    2.6125e+04 
1.6350e+01    2.6131e+04 
1.6360e+01    2.6118e+04 
1.6370e+01    2.6124e+04 
1.6380e+01    2.6116e+04 
1.6390e+01    2.6132e+04 
1.6400e+01    2.6148e+04 
1.6410e+01    2.6144e+04 
1.6420e+01    2.6143e+04 
1.6430e+01    2.6160e+04 
1.6440e+01    2.6211e+04 
1.6450e+01    2.6225e+04 
1.6460e+01    2.6244e+04 
1.6470e+01    2.6269e+04 
1.6480e+01    2.6287e+04 
1.6490e+01    2.6318e+04 
1.6500e+01    2.6354e+04 
1.6510e+01    2.6352e+04 
1.6520e+01    2.6359e+04 
1.6530e+01    2.6371e+04 
1.6540e+01    2.6400e+04 
1.6550e+01    2.6453e+04 
1.6560e+01    2.6473e+04 
1.6570e+01    2.6530e+04 
1.6580e+01    2.6558e+04 
1.6590e+01    2.6581e+04 
1.6600e+01    2.6582e+04 
1.6610e+01    2.6613e+04 
1.6620e+01    2.6617e+04 
1.6630e+01    2.6634e+04 
1.6640e+01    2.6647e+04 
1.6650e+01    2.6647e+04 
1.6660e+01    2.6655e+04 
1.6670e+01    2.6649e+04 
1.6680e+01    2.6673e+04 
1.6690e+01    2.6717e+04 
1.6700e+01    2.6738e+04 
1.6710e+01    2.6755e+04 
1.6720e+01    2.6796e+04 
1.6730e+01    2.6798e+04 
1.6740e+01    2.6807e+04 
1.6750e+01    2.6797e+04 
1.6760e+01    2.6823e+04 
1.6770e+01    2.6812e+04 
1.6780e+01    2.6821e+04 
1.6790e+01    2.6825e+04 
1.6800e+01    2.6876e+04 
1.6810e+01    2.6902e+04 
1.6820e+01    2.6947e+04 
1.6830e+01    2.6959e+04 
1.6840e+01    2.6983e+04 
1.6850e+01    2.7000e+04 
1.6860e+01    2.7015e+04 
1.6870e+01    2.7063e+04 
1.6880e+01    2.7105e+04 
1.6890e+01    2.7108e+04 
1.6900e+01    2.7110e+04 
1.6910e+01    2.7092e+04 
1.6920e+01    2.7084e+04 
1.6930e+01    2.7101e+04 
1.6940e+01    2.7108e+04 
1.6950e+01    2.7130e+04 
1.6960e+01    2.7193e+04 
1.6970e+01    2.7224e+04 
1.6980e+01    2.7250e+04 
1.6990e+01    2.7269e+04 
1.7000e+01    2.7329e+04 
1.7010e+01    2.7305e+04 
1.7020e+01    2.7332e+04 
1.7030e+01    2.7319e+04 
1.7040e+01    2.7363e+04 
1.7050e+01    2.7392e+04 
1.7060e+01    2.7391e+04 
1.7070e+01    2.7435e+04 
1.7080e+01    2.7454e+04 
1.7090e+01    2.7463e+04 
1.7100e+01    2.7474e+04 
1.7110e+01    2.7476e+04 
1.7120e+01    2.7525e+04 
1.7130e+01    2.7529e+04 
1.7140e+01    2.7540e+04 
1.7150e+01    2.7577e+04 
1.7160e+01    2.7590e+04 
1.7170e+01    2.7610e+04 
1.7180e+01    2.7624e+04 
1.7190e+01    2.7612e+04 
1.7200e+01    2.7622e+04 
1.7210e+01    2.7634e+04 
1.7220e+01    2.7657e+04 
1.7230e+01    2.7672e+04 
1.7240e+01    2.7713e+04 
1.7250e+01    2.7721e+04 
1.7260e+01    2.7759e+04 
1.7270e+01    2.7800e+04 
1.7280e+01    2.7863e+04 
1.7290e+01    2.7881e+04 
1.7300e+01    2.7879e+04 
1.7310e+01    2.7895e+04 
1.7320e+01    2.7894e+04 
1.7330e+01    2.7946e+04 
1.7340e+01    2.7978e+04 
1.7350e+01    2.8031e+04 
1.7360e+01    2.8035e+04 
1.7370e+01    2.8054e+04 
1.7380e+01    2.8096e+04 
1.7390e+01    2.8136e+04 
1.7400e+01    2.8142e+04 
1.7410e+01    2.8166e+04 
1.7420e+01    2.8181e+04 
1.7430e+01    2.8187e+04 
1.7440e+01    2.8194e+04 
1.7450e+01    2.8218e+04 
1.7460e+01    2.8231e+04 
1.7470e+01    2.8285e+04 
1.7480e+01    2.8303e+04 
1.7490e+01    2.8338e+04 
1.7500e+01    2.8383e+04 
1.7510e+01    2.8377e+04 
1.7520e+01    2.8380e+04 
1.7530e+01    2.8400e+04 
1.7540e+01    2.8450e+04 
1.7550e+01    2.8469e+04 
1.7560e+01    2.8490e+04 
1.7570e+01    2.8484e+04 
1.7580e+01    2.8508e+04 
1.7590e+01    2.8510e+04 
1.7600e+01    2.8534e+04 
1.7610e+01    2.8559e+04 
1.7620e+01    2.8553e+04 
1.7630e+01    2.8564e+04 
1.7640e+01    2.8581e+04 
1.7650e+01    2.8599e+04 
1.7660e+01    2.8593e+04 
1.7670e+01    2.8611e+04 
1.7680e+01    2.8646e+04 
1.7690e+01    2.8647e+04 
1.7700e+01    2.8703e+04 
1.7710e+01    2.8716e+04 
1.7720e+01    2.8712e+04 
1.7730e+01    2.8719e+04 
1.7740e+01    2.8773e+04 
1.7750e+01    2.8782e+04 
1.7760e+01    2.8808e+04 
1.7770e+01    2.8846e+04 
1.7780e+01    2.8875e+04 
1.7790e+01    2.8900e+04 
1.7800e+01    2.8902e+04 
1.7810e+01    2.8933e+04 
1.7820e+01    2.8924e+04 
1.7830e+01    2.8929e+04 
1.7840e+01    2.8941e+04 
1.7850e+01    2.8943e+04 
1.7860e+01    2.8937e+04 
1.7870e+01    2.8934e+04 
1.7880e+01    2.8969e+04 
1.7890e+01    2.8983e+04 
1.7900e+01    2.8992e+04 
1.7910e+01    2.8990e+04 
1.7920e+01    2.9002e+04 
1.7930e+01    2.8996e+04 
1.7940e+01    2.8986e+04 
1.7950e+01    2.9028e+04 
1.7960e+01    2.9042e+04 
1.7970e+01    2.9059e+04 
1.7980e+01    2.9057e+04 
1.7990e+01    2.9076e+04 
1.8000e+01    2.9053e+04 
1.8010e+01    2.9083e+04 
1.8020e+01    2.9045e+04 
1.8030e+01    2.9051e+04 
1.8040e+01    2.9065e+04 
1.8050e+01    2.9107e+04 
1.8060e+01    2.9141e+04 
1.8070e+01    2.9171e+04 
1.8080e+01    2.9174e+04 
1.8090e+01    2.9180e+04 
1.8100e+01    2.9206e+04 
1.8110e+01    2.9200e+04 
1.8120e+01    2.9228e+04 
1.8130e+01    2.9266e+04 
1.8140e+01    2.9306e+04 
1.8150e+01    2.9307e+04 
1.8160e+01    2.9311e+04 
1.8170e+01    2.9335e+04 
1.8180e+01    2.9339e+04 
1.8190e+01    2.9367e+04 
1.8200e+01    2.9395e+04 
1.8210e+01    2.9419e+04 
1.8220e+01    2.9440e+04 
1.8230e+01    2.9444e+04 
1.8240e+01    2.9450e+04 
1.8250e+01    2.9497e+04 
1.8260e+01    2.9501e+04 
1.8270e+01    2.9508e+04 
1.8280e+01    2.9521e+04 
1.8290e+01    2.9530e+04 
1.8300e+01    2.9543e+04 
1.8310e+01    2.9568e+04 
1.8320e+01    2.9583e+04 
1.8330e+01    2.9616e+04 
1.8340e+01    2.9668e+04 
1.8350e+01    2.9696e+04 
1.8360e+01    2.9716e+04 
1.8370e+01    2.9735e+04 
1.8380e+01    2.9779e+04 
1.8390e+01    2.9783e+04 
1.8400e+01    2.9828e+04 
1.8410e+01    2.9825e+04 
1.8420e+01    2.9867e+04 
1.8430e+01    2.9915e+04 
1.8440e+01    2.9938e+04 
1.8450e+01    2.9945e+04 
1.8460e+01    2.9945e+04 
1.8470e+01    2.9971e+04 
1.8480e+01    2.9985e+04 
1.8490e+01    3.0007e+04 
1.8500e+01    3.0023e+04 
1.8510e+01    3.0068e+04 
1.8520e+01    3.0064e+04 
1.8530e+01    3.0092e+04 
1.8540e+01    3.0115e+04 
1.8550e+01    3.0131e+04 
1.8560e+01    3.0122e+04 
1.8570e+01    3.0133e+04 
1.8580e+01    3.0120e+04 
1.8590e+01    3.0130e+04 
1.8600e+01    3.0137e+04 
1.8610e+01    3.0152e+04 
1.8620e+01    3.0143e+04 
1.8630e+01    3.0165e+04 
1.8640e+01    3.0181e+04 
1.8650e+01    3.0226e+04 
1.8660e+01    3.0222e+04 
1.8670e+01    3.0222e+04 
1.8680e+01    3.0261e+04 
1.8690e+01    3.0274e+04 
1.8700e+01    3.0274e+04 
1.8710e+01    3.0285e+04 
1.8720e+01    3.0293e+04 
1.8730e+01    3.0283e+04 
1.8740e+01    3.0288e+04 
1.8750e+01    3.0298e+04 
1.8760e+01    3.0317e+04 
1.8770e+01    3.0332e+04 
1.8780e+01    3.0303e+04 
1.8790e+01    3.0307e+04 
1.8800e+01    3.0337e+04 
1.8810e+01    3.0385e+04 
1.8820e+01    3.0395e+04 
1.8830e+01    3.0408e+04 
1.8840e+01    3.0430e+04 
1.8850e+01    3.0409e+04 
1.8860e+01    3.0421e+04 
1.8870e+01    3.0441e+04 
1.8880e+01    3.0439e+04 
1.8890e+01    3.0438e+04 
1.8900e+01    3.0463e+04 
1.8910e+01    3.0489e+04 
1.8920e+01    3.0497e+04 
1.8930e+01    3.0510e+04 
1.8940e+01    3.0509e+04 
1.8950e+01    3.0531e+04 
1.8960e+01    3.0527e+04 
1.8970e+01    3.0514e+04 
1.8980e+01    3.0530e+04 
1.8990e+01    3.0537e+04 
1.9000e+01    3.0564e+04 
1.9010e+01    3.0596e+04 
1.9020e+01    3.0622e+04 
1.9030e+01    3.0643e+04 
1.9040e+01    3.0658e+04 
1.9050e+01    3.0631e+04 
1.9060e+01    3.0623e+04 
1.9070e+01    3.0593e+04 
1.9080e+01    3.0578e+04 
1.9090e+01    3.0590e+04 
1.9100e+01    3.0626e+04 
1.9110e+01    3.0662e+04 
1.9120e+01    3.0675e+04 
1.9130e+01    3.0719e+04 
1.9140e+01    3.0707e+04 
1.9150e+01    3.0666e+04 
1.9160e+01    3.0681e+04 
1.9170e+01    3.0653e+04 
1.9180e+01    3.0671e+04 
1.9190e+01    3.0683e+04 
1.9200e+01    3.0716e+04 
1.9210e+01    3.0743e+04 
1.9220e+01    3.0752e+04 
1.9230e+01    3.0723e+04 
1.9240e+01    3.0775e+04 
1.9250e+01    3.0784e+04 
1.9260e+01    3.0786e+04 
1.9270e+01    3.0795e+04 
1.9280e+01    3.0799e+04 
1.9290e+01    3.0861e+04 
1.9300e+01    3.0869e+04 
1.9310e+01    3.0897e+04 
1.9320e+01    3.0914e+04 
1.9330e+01    3.0903e+04 
1.9340e+01    3.0938e+04 
1.9350e+01    3.0939e+04 
1.9360e+01    3.0979e+04 
1.9370e+01    3.0978e+04 
1.9380e+01    3.0983e+04 
1.9390e+01    3.0998e+04 
1.9400e+01    3.1019e+04 
1.9410e+01    3.1010e+04 
1.9420e+01    3.1008e+04 
1.9430e+01    3.1023e+04 
1.9440e+01    3.1016e+04 
1.9450e+01    3.1017e+04 
1.9460e+01    3.1072e+04 
1.9470e+01    3.1068e+04 
1.9480e+01    3.1059e+04 
1.9490e+01    3.1042e+04 
1.9500e+01    3.1052e+04 
1.9510e+01    3.1027e+04 
1.9520e+01    3.1027e+04 
1.9530e+01    3.1035e+04 
1.9540e+01    3.1033e+04 
1.9550e+01    3.1060e+04 
1.9560e+01    3.1116e+04 
1.9570e+01    3.1146e+04 
1.9580e+01    3.1174e+04 
1.9590e+01    3.1189e+04 
1.9600e+01    3.1192e+04 
1.9610e+01    3.1193e+04 
1.9620e+01    3.1171e+04 
1.9630e+01    3.1216e+04 
1.9640e+01    3.1232e+04 
1.9650e+01    3.1244e+04 
1.9660e+01    3.1271e+04 
1.9670e+01    3.1258e+04 
1.9680e+01    3.1275e+04 
1.9690e+01    3.1289e+04 
1.9700e+01    3.1302e+04 
1.9710e+01    3.1309e+04 
1.9720e+01    3.1301e+04 
1.9730e+01    3.1288e+04 
1.9740e+01    3.1317e+04 
1.9750e+01    3.1333e+04 
1.9760e+01    3.1352e+04 
1.9770e+01    3.1378e+04 
1.9780e+01    3.1398e+04 
1.9790e+01    3.1430e+04 
1.9800e+01    3.1458e+04 
1.9810e+01    3.1420e+04 
1.9820e+01    3.1449e+04 
1.9830e+01    3.1474e+04 
1.9840e+01    3.1486e+04 
1.9850e+01    3.1526e+04 
1.9860e+01    3.1560e+04 
1.9870e+01    3.1578e+04 
1.9880e+01    3.1630e+04 
1.9890e+01    3.1648e+04 
1.9900e+01    3.1665e+04 
1.9910e+01    3.1720e+04 
1.9920e+01    3.1734e+04 
1.9930e+01    3.1751e+04 
1.9940e+01    3.1758e+04 
1.9950e+01    3.1766e+04 
1.9960e+01    3.1748e+04 
1.9970e+01    3.1753e+04 
1.9980e+01    3.1781e+04 
1.9990e+01    3.1775e+04 
2.0000e+01    3.1761e+04 
2.0010e+01    3.1779e+04 
2.0020e+01    3.1786e+04 
2.0030e+01    3.1776e+04 
2.0040e+01    3.1820e+04 
2.0050e+01    3.1870e+04 
2.0060e+01    3.1898e+04 
2.0070e+01    3.1936e+04 
2.0080e+01    3.1944e+04 
2.0090e+01    3.1956e+04 
2.0100e+01    3.1992e+04 
2.0110e+01    3.1971e+04 
2.0120e+01    3.1973e+04 
2.0130e+01    3.1962e+04 
2.0140e+01    3.1983e+04 
2.0150e+01    3.2013e+04 
2.0160e+01    3.2044e+04 
2.0170e+01    3.2068e+04 
2.0180e+01    3.2081e+04 
2.0190e+01    3.2066e+04 
2.0200e+01    3.2064e+04 
2.0210e+01    3.2106e+04 
2.0220e+01    3.2144e+04 
2.0230e+01    3.2162e+04 
2.0240e+01    3.2176e+04 
2.0250e+01    3.2162e+04 
2.0260e+01    3.2195e+04 
2.0270e+01    3.2208e+04 
2.0280e+01    3.2206e+04 
2.0290e+01    3.2234e+04 
2.0300e+01    3.2251e+04 
2.0310e+01    3.2259e+04 
2.0320e+01    3.2248e+04 
2.0330e+01    3.2269e+04 
2.0340e+01    3.2282e+04 
2.0350e+01    3.2302e+04 
2.0360e+01    3.2271e+04 
2.0370e+01    3.2311e+04 
2.0380e+01    3.2331e+04 
2.0390e+01    3.2315e+04 
2.0400e+01    3.2331e+04 
2.0410e+01    3.2344e+04 
2.0420e+01    3.2345e+04 
2.0430e+01    3.2344e+04 
2.0440e+01    3.2376e+04 
2.0450e+01    3.2398e+04 
2.0460e+01    3.2405e+04 
2.0470e+01    3.2469e+04 
2.0480e+01    3.2468e+04 
2.0490e+01    3.2482e+04 
2.0500e+01    3.2522e+04 
2.0510e+01    3.2515e+04 
2.0520e+01    3.2520e+04 
2.0530e+01    3.2598e+04 
2.0540e+01    3.2663e+04 
2.0550e+01    3.2647e+04 
2.0560e+01    3.2650e+04 
2.0570e+01    3.2618e+04 
2.0580e+01    3.2635e+04 
2.0590e+01    3.2597e+04 
2.0600e+01    3.2619e+04 
2.0610e+01    3.2678e+04 
2.0620e+01    3.2724e+04 
2.0630e+01    3.2725e+04 
2.0640e+01    3.2768e+04 
2.0650e+01    3.2824e+04 
2.0660e+01    3.2830e+04 
2.0670e+01    3.2806e+04 
2.0680e+01    3.2830e+04 
2.0690e+01    3.2857e+04 
2.0700e+01    3.2885e+04 
2.0710e+01    3.2949e+04 
2.0720e+01    3.2946e+04 
2.0730e+01    3.2973e+04 
2.0740e+01    3.2958e+04 
2.0750e+01    3.2990e+04 
2.0760e+01    3.2995e+04 
2.0770e+01    3.2978e+04 
2.0780e+01    3.3010e+04 
2.0790e+01    3.3024e+04 
2.0800e+01    3.3073e+04 
2.0810e+01    3.3109e+04 
2.0820e+01    3.3152e+04 
2.0830e+01    3.3181e+04 
2.0840e+01    3.3212e+04 
2.0850e+01    3.3221e+04 
2.0860e+01    3.3241e+04 
2.0870e+01    3.3260e+04 
2.0880e+01    3.3297e+04 
2.0890e+01    3.3281e+04 
2.0900e+01    3.3300e+04 
2.0910e+01    3.3281e+04 
2.0920e+01    3.3294e+04 
2.0930e+01    3.3363e+04 
2.0940e+01    3.3367e+04 
2.0950e+01    3.3384e+04 
2.0960e+01    3.3360e+04 
2.0970e+01    3.3365e+04 
2.0980e+01    3.3337e+04 
2.0990e+01    3.3347e+04 
2.1000e+01    3.3342e+04 
2.1010e+01    3.3387e+04 
2.1020e+01    3.3412e+04 
2.1030e+01    3.3429e+04 
2.1040e+01    3.3486e+04 
2.1050e+01    3.3485e+04 
2.1060e+01    3.3511e+04 
2.1070e+01    3.3552e+04 
2.1080e+01    3.3572e+04 
2.1090e+01    3.3538e+04 
2.1100e+01    3.3529e+04 
2.1110e+01    3.3549e+04 
2.1120e+01    3.3555e+04 
2.1130e+01    3.3547e+04 
2.1140e+01    3.3558e+04 
2.1150e+01    3.3592e+04 
2.1160e+01    3.3617e+04 
2.1170e+01    3.3633e+04 
2.1180e+01    3.3630e+04 
2.1190e+01    3.3612e+04 
2.1200e+01    3.3601e+04 
2.1210e+01    3.3622e+04 
2.1220e+01    3.3660e+04 
2.1230e+01    3.3656e+04 
2.1240e+01    3.3710e+04 
2.1250e+01    3.3737e+04 
2.1260e+01    3.3731e+04 
2.1270e+01    3.3752e+04 
2.1280e+01    3.3754e+04 
2.1290e+01    3.3754e+04 
2.1300e+01    3.3777e+04 
2.1310e+01    3.3840e+04 
2.1320e+01    3.3868e+04 
2.1330e+01    3.3923e+04 
2.1340e+01    3.3926e+04 
2.1350e+01    3.3915e+04 
2.1360e+01    3.3891e+04 
2.1370e+01    3.3919e+04 
2.1380e+01    3.3946e+04 
2.1390e+01    3.3933e+04 
2.1400e+01    3.3935e+04 
2.1410e+01    3.3966e+04 
2.1420e+01    3.3953e+04 
2.1430e+01    3.3984e+04 
2.1440e+01    3.3997e+04 
2.1450e+01    3.4030e+04 
2.1460e+01    3.4019e+04 
2.1470e+01    3.4035e+04 
2.1480e+01    3.4016e+04 
2.1490e+01    3.4026e+04 
2.1500e+01    3.4040e+04 
2.1510e+01    3.4027e+04 
2.1520e+01    3.4059e+04 
2.1530e+01    3.4089e+04 
2.1540e+01    3.4109e+04 
2.1550e+01    3.4132e+04 
2.1560e+01    3.4135e+04 
2.1570e+01    3.4144e+04 
2.1580e+01    3.4155e+04 
2.1590e+01    3.4195e+04 
2.1600e+01    3.4199e+04 
2.1610e+01    3.4196e+04 
2.1620e+01    3.4226e+04 
2.1630e+01    3.4239e+04 
2.1640e+01    3.4215e+04 
2.1650e+01    3.4268e+04 
2.1660e+01    3.4269e+04 
2.1670e+01    3.4299e+04 
2.1680e+01    3.4327e+04 
2.1690e+01    3.4324e+04 
2.1700e+01    3.4342e+04 
2.1710e+01    3.4341e+04 
2.1720e+01    3.4336e+04 
2.1730e+01    3.4338e+04 
2.1740e+01    3.4349e+04 
2.1750e+01    3.4353e+04 
2.1760e+01    3.4374e+04 
2.1770e+01    3.4397e+04 
2.1780e+01    3.4403e+04 
2.1790e+01    3.4423e+04 
2.1800e+01    3.4423e+04 
2.1810e+01    3.4421e+04 
2.1820e+01    3.4449e+04 
2.1830e+01    3.4452e+04 
2.1840e+01    3.4483e+04 
2.1850e+01    3.4515e+04 
2.1860e+01    3.4517e+04 
2.1870e+01    3.4535e+04 
2.1880e+01    3.4534e+04 
2.1890e+01    3.4513e+04 
2.1900e+01    3.4533e+04 
2.1910e+01    3.4549e+04 
2.1920e+01    3.4554e+04 
2.1930e+01    3.4540e+04 
2.1940e+01    3.4533e+04 
2.1950e+01    3.4552e+04 
2.1960e+01    3.4558e+04 
2.1970e+01    3.4586e+04 
2.1980e+01    3.4621e+04 
2.1990e+01    3.4631e+04 
2.2000e+01    3.4615e+04 
2.2010e+01    3.4647e+04 
2.2020e+01    3.4678e+04 
2.2030e+01    3.4690e+04 
2.2040e+01    3.4701e+04 
2.2050e+01    3.4676e+04 
2.2060e+01    3.4692e+04 
2.2070e+01    3.4711e+04 
2.2080e+01    3.4758e+04 
2.2090e+01    3.4815e+04 
2.2100e+01    3.4835e+04 
2.2110e+01    3.4864e+04 
2.2120e+01    3.4877e+04 
2.2130e+01    3.4898e+04 
2.2140e+01    3.4880e+04 
2.2150e+01    3.4903e+04 
2.2160e+01    3.4923e+04 
2.2170e+01    3.4920e+04 
2.2180e+01    3.4940e+04 
2.2190e+01    3.4965e+04 
2.2200e+01    3.4968e+04 
2.2210e+01    3.5005e+04 
2.2220e+01    3.5002e+04 
2.2230e+01    3.5019e+04 
2.2240e+01    3.5001e+04 
2.2250e+01    3.4991e+04 
2.2260e+01    3.5025e+04 
2.2270e+01    3.5036e+04 
2.2280e+01    3.5088e+04 
2.2290e+01    3.5092e+04 
2.2300e+01    3.5089e+04 
2.2310e+01    3.5121e+04 
2.2320e+01    3.5156e+04 
2.2330e+01    3.5197e+04 
2.2340e+01    3.5205e+04 
2.2350e+01    3.5221e+04 
2.2360e+01    3.5248e+04 
2.2370e+01    3.5271e+04 
2.2380e+01    3.5309e+04 
2.2390e+01    3.5314e+04 
2.2400e+01    3.5291e+04 
2.2410e+01    3.5308e+04 
2.2420e+01    3.5331e+04 
2.2430e+01    3.5359e+04 
2.2440e+01    3.5359e+04 
2.2450e+01    3.5364e+04 
2.2460e+01    3.5356e+04 
2.2470e+01    3.5390e+04 
2.2480e+01    3.5437e+04 
2.2490e+01    3.5466e+04 
2.2500e+01    3.5477e+04 
2.2510e+01    3.5487e+04 
2.2520e+01    3.5529e+04 
2.2530e+01    3.5547e+04 
2.2540e+01    3.5570e+04 
2.2550e+01    3.5607e+04 
2.2560e+01    3.5612e+04 
2.2570e+01    3.5598e+04 
2.2580e+01    3.5602e+04 
2.2590e+01    3.5625e+04 
2.2600e+01    3.5614e+04 
2.2610e+01    3.5603e+04 
2.2620e+01    3.5601e+04 
2.2630e+01    3.5598e+04 
2.2640e+01    3.5620e+04 
2.2650e+01    3.5648e+04 
2.2660e+01    3.5679e+04 
2.2670e+01    3.5715e+04 
2.2680e+01    3.5752e+04 
2.2690e+01    3.5784e+04 
2.2700e+01    3.5807e+04 
2.2710e+01    3.5823e+04 
2.2720e+01    3.5842e+04 
2.2730e+01    3.5862e+04 
2.2740e+01    3.5864e+04 
2.2750e+01    3.5874e+04 
2.2760e+01    3.5892e+04 
2.2770e+01    3.5883e+04 
2.2780e+01    3.5891e+04 
2.2790e+01    3.5848e+04 
2.2800e+01    3.5855e+04 
2.2810e+01    3.5846e+04 
2.2820e+01    3.5871e+04 
2.2830e+01    3.5861e+04 
2.2840e+01    3.5858e+04 
2.2850e+01    3.5890e+04 
2.2860e+01    3.5911e+04 
2.2870e+01    3.5946e+04 
2.2880e+01    3.5955e+04 
2.2890e+01    3.5961e+04 
2.2900e+01    3.5993e+04 
2.2910e+01    3.5966e+04 
2.2920e+01    3.5963e+04 
2.2930e+01    3.5990e+04 
2.2940e+01    3.6021e+04 
2.2950e+01    3.6059e+04 
2.2960e+01    3.6094e+04 
2.2970e+01    3.6090e+04 
2.2980e+01    3.6091e+04 
2.2990e+01    3.6111e+04 
2.3000e+01    3.6124e+04 
2.3010e+01    3.6172e+04 
2.3020e+01    3.6177e+04 
2.3030e+01    3.6187e+04 
2.3040e+01    3.6162e+04 
2.3050e+01    3.6139e+04 
2.3060e+01    3.6136e+04 
2.3070e+01    3.6182e+04 
2.3080e+01    3.6204e+04 
2.3090e+01    3.6245e+04 
2.3100e+01    3.6250e+04 
2.3110e+01    3.6261e+04 
2.3120e+01    3.6252e+04 
2.3130e+01    3.6246e+04 
2.3140e+01    3.6279e+04 
2.3150e+01    3.6270e+04 
2.3160e+01    3.6259e+04 
2.3170e+01    3.6277e+04 
2.3180e+01    3.6302e+04 
2.3190e+01    3.6304e+04 
2.3200e+01    3.6317e+04 
2.3210e+01    3.6355e+04 
2.3220e+01    3.6360e+04 
2.3230e+01    3.6378e+04 
2.3240e+01    3.6407e+04 
2.3250e+01    3.6438e+04 
2.3260e+01    3.6502e+04 
2.3270e+01    3.6484e+04 
2.3280e+01    3.6496e+04 
2.3290e+01    3.6480e+04 
2.3300e+01    3.6463e+04 
2.3310e+01    3.6485e+04 
2.3320e+01    3.6514e+04 
2.3330e+01    3.6470e+04 
2.3340e+01    3.6495e+04 
2.3350e+01    3.6528e+04 
2.3360e+01    3.6560e+04 
2.3370e+01    3.6577e+04 
2.3380e+01    3.6577e+04 
2.3390e+01    3.6595e+04 
2.3400e+01    3.6617e+04 
2.3410e+01    3.6619e+04 
2.3420e+01    3.6634e+04 
2.3430e+01    3.6655e+04 
2.3440e+01    3.6700e+04 
2.3450e+01    3.6702e+04 
2.3460e+01    3.6726e+04 
2.3470e+01    3.6770e+04 
2.3480e+01    3.6780e+04 
2.3490e+01    3.6803e+04 
2.3500e+01    3.6802e+04 
2.3510e+01    3.6839e+04 
2.3520e+01    3.6829e+04 
2.3530e+01    3.6812e+04 
2.3540e+01    3.6804e+04 
2.3550e+01    3.6843e+04 
2.3560e+01    3.6841e+04 
2.3570e+01    3.6875e+04 
2.3580e+01    3.6867e+04 
2.3590e+01    3.6892e+04 
2.3600e+01    3.6884e+04 
2.3610e+01    3.6927e+04 
2.3620e+01    3.6938e+04 
2.3630e+01    3.6981e+04 
2.3640e+01    3.6983e+04 
2.3650e+01    3.7005e+04 
2.3660e+01    3.6990e+04 
2.3670e+01    3.7033e+04 
2.3680e+01    3.7044e+04 
2.3690e+01    3.7074e+04 
2.3700e+01    3.7114e+04 
2.3710e+01    3.7144e+04 
2.3720e+01    3.7175e+04 
2.3730e+01    3.7215e+04 
2.3740e+01    3.7240e+04 
2.3750e+01    3.7243e+04 
2.3760e+01    3.7239e+04 
2.3770e+01    3.7275e+04 
2.3780e+01    3.7289e+04 
2.3790e+01    3.7287e+04 
2.3800e+01    3.7301e+04 
2.3810e+01    3.7298e+04 
2.3820e+01    3.7352e+04 
2.3830e+01    3.7345e+04 
2.3840e+01    3.7376e+04 
2.3850e+01    3.7341e+04 
2.3860e+01    3.7371e+04 
2.3870e+01    3.7402e+04 
2.3880e+01    3.7416e+04 
2.3890e+01    3.7453e+04 
2.3900e+01    3.7463e+04 
2.3910e+01    3.7482e+04 
2.3920e+01    3.7492e+04 
2.3930e+01    3.7539e+04 
2.3940e+01    3.7566e+04 
2.3950e+01    3.7581e+04 
2.3960e+01    3.7601e+04 
2.3970e+01    3.7661e+04 
2.3980e+01    3.7704e+04 
2.3990e+01    3.7680e+04 
2.4000e+01    3.7689e+04 
2.4010e+01    3.7701e+04 
2.4020e+01    3.7696e+04 
2.4030e+01    3.7699e+04 
2.4040e+01    3.7714e+04 
2.4050e+01    3.7723e+04 
2.4060e+01    3.7739e+04 
2.4070e+01    3.7777e+04 
2.4080e+01    3.7765e+04 
2.4090e+01    3.7812e+04 
2.4100e+01    3.7862e+04 
2.4110e+01    3.7867e+04 
2.4120e+01    3.7859e+04 
2.4130e+01    3.7856e+04 
2.4140e+01    3.7881e+04 
2.4150e+01    3.7951e+04 
2.4160e+01    3.7968e+04 
2.4170e+01    3.7989e+04 
2.4180e+01    3.8000e+04 
2.4190e+01    3.8043e+04 
2.4200e+01    3.8061e+04 
2.4210e+01    3.8097e+04 
2.4220e+01    3.8089e+04 
2.4230e+01    3.8099e+04 
2.4240e+01    3.8112e+04 
2.4250e+01    3.8126e+04 
2.4260e+01    3.8155e+04 
2.4270e+01    3.8179e+04 
2.4280e+01    3.8168e+04 
2.4290e+01    3.8189e+04 
2.4300e+01    3.8220e+04 
2.4310e+01    3.8199e+04 
2.4320e+01    3.8226e+04 
2.4330e+01    3.8205e+04 
2.4340e+01    3.8217e+04 
2.4350e+01    3.8206e+04 
2.4360e+01    3.8227e+04 
2.4370e+01    3.8222e+04 
2.4380e+01    3.8240e+04 
2.4390e+01    3.8259e+04 
2.4400e+01    3.8270e+04 
2.4410e+01    3.8314e+04 
2.4420e+01    3.8340e+04 
2.4430e+01    3.8343e+04 
2.4440e+01    3.8359e+04 
2.4450e+01    3.8388e+04 
2.4460e+01    3.8387e+04 
2.4470e+01    3.8414e+04 
2.4480e+01    3.8426e+04 
2.4490e+01    3.8437e+04 
2.4500e+01    3.8403e+04 
2.4510e+01    3.8423e+04 
2.4520e+01    3.8402e+04 
2.4530e+01    3.8437e+04 
2.4540e+01    3.8443e+04 
2.4550e+01    3.8449e+04 
2.4560e+01    3.8486e+04 
2.4570e+01    3.8499e+04 
2.4580e+01    3.8530e+04 
2.4590e+01    3.8542e+04 
2.4600e+01    3.8554e+04 
2.4610e+01    3.8549e+04 
2.4620e+01    3.8549e+04 
2.4630e+01    3.8593e+04 
2.4640e+01    3.8613e+04 
2.4650e+01    3.8655e+04 
2.4660e+01    3.8688e+04 
2.4670e+01    3.8689e+04 
2.4680e+01    3.8731e+04 
2.4690e+01    3.8773e+04 
2.4700e+01    3.8785e+04 
2.4710e+01    3.8782e+04 
2.4720e+01    3.8830e+04 
2.4730e+01    3.8841e+04 
2.4740e+01    3.8894e+04 
2.4750e+01    3.8914e+04 
2.4760e+01    3.8939e+04 
2.4770e+01    3.8941e+04 
2.4780e+01    3.8960e+04 
2.4790e+01    3.9006e+04 
2.4800e+01    3.9041e+04 
2.4810e+01    3.9009e+04 
2.4820e+01    3.9059e+04 
2.4830e+01    3.9121e+04 
2.4840e+01    3.9083e+04 
2.4850e+01    3.9097e+04 
2.4860e+01    3.9109e+04 
2.4870e+01    3.9116e+04 
2.4880e+01    3.9160e+04 
2.4890e+01    3.9182e+04 
2.4900e+01    3.9237e+04 
2.4910e+01    3.9249e+04 
2.4920e+01    3.9227e+04 
2.4930e+01    3.9217e+04 
2.4940e+01    3.9260e+04 
2.4950e+01    3.9243e+04 
2.4960e+01    3.9280e+04 
2.4970e+01    3.9304e+04 
2.4980e+01    3.9327e+04 
2.4990e+01    3.9315e+04 
2.5000e+01    3.9329e+04 
2.5010e+01    3.9325e+04 
2.5020e+01    3.9363e+04 
2.5030e+01    3.9403e+04 
2.5040e+01    3.9384e+04 
2.5050e+01    3.9446e+04 
2.5060e+01    3.9448e+04 
2.5070e+01    3.9464e+04 
2.5080e+01    3.9481e+04 
2.5090e+01    3.9522e+04 
2.5100e+01    3.9550e+04 
2.5110e+01    3.9571e+04 
2.5120e+01    3.9581e+04 
2.5130e+01    3.9602e+04 
2.5140e+01    3.9624e+04 
2.5150e+01    3.9628e+04 
2.5160e+01    3.9615e+04 
2.5170e+01    3.9625e+04 
2.5180e+01    3.9646e+04 
2.5190e+01    3.9644e+04 
2.5200e+01    3.9701e+04 
2.5210e+01    3.9719e+04 
2.5220e+01    3.9743e+04 
2.5230e+01    3.9769e+04 
2.5240e+01    3.9755e+04 
2.5250e+01    3.9751e+04 
2.5260e+01    3.9787e+04 
2.5270e+01    3.9821e+04 
2.5280e+01    3.9839e+04 
2.5290e+01    3.9846e+04 
2.5300e+01    3.9859e+04 
2.5310e+01    3.9861e+04 
2.5320e+01    3.9880e+04 
2.5330e+01    3.9879e+04 
2.5340e+01    3.9863e+04 
2.5350e+01    3.9897e+04 
2.5360e+01    3.9907e+04 
2.5370e+01    3.9948e+04 
2.5380e+01    3.9962e+04 
2.5390e+01    3.9964e+04 
2.5400e+01    4.0028e+04 
2.5410e+01    4.0040e+04 
2.5420e+01    4.0055e+04 
2.5430e+01    4.0066e+04 
2.5440e+01    4.0093e+04 
2.5450e+01    4.0146e+04 
2.5460e+01    4.0181e+04 
2.5470e+01    4.0253e+04 
2.5480e+01    4.0265e+04 
2.5490e+01    4.0279e+04 
2.5500e+01    4.0304e+04 
2.5510e+01    4.0315e+04 
2.5520e+01    4.0360e+04 
2.5530e+01    4.0383e+04 
2.5540e+01    4.0363e+04 
2.5550e+01    4.0379e+04 
2.5560e+01    4.0409e+04 
2.5570e+01    4.0413e+04 
2.5580e+01    4.0417e+04 
2.5590e+01    4.0479e+04 
2.5600e+01    4.0461e+04 
2.5610e+01    4.0502e+04 
2.5620e+01    4.0517e+04 
2.5630e+01    4.0525e+04 
2.5640e+01    4.0568e+04 
2.5650e+01    4.0606e+04 
2.5660e+01    4.0626e+04 
2.5670e+01    4.0654e+04 
2.5680e+01    4.0627e+04 
2.5690e+01    4.0645e+04 
2.5700e+01    4.0618e+04 
2.5710e+01    4.0673e+04 
2.5720e+01    4.0630e+04 
2.5730e+01    4.0653e+04 
2.5740e+01    4.0706e+04 
2.5750e+01    4.0740e+04 
2.5760e+01    4.0715e+04 
2.5770e+01    4.0756e+04 
2.5780e+01    4.0806e+04 
2.5790e+01    4.0858e+04 
2.5800e+01    4.0837e+04 
2.5810e+01    4.0854e+04 
2.5820e+01    4.0866e+04 
2.5830e+01    4.0888e+04 
2.5840e+01    4.0916e+04 
2.5850e+01    4.0918e+04 
2.5860e+01    4.0901e+04 
2.5870e+01    4.0911e+04 
2.5880e+01    4.0915e+04 
2.5890e+01    4.0957e+04 
2.5900e+01    4.0970e+04 
2.5910e+01    4.0950e+04 
2.5920e+01    4.0978e+04 
2.5930e+01    4.0981e+04 
2.5940e+01    4.0994e+04 
2.5950e+01    4.1011e+04 
2.5960e+01    4.1025e+04 
2.5970e+01    4.1019e+04 
2.5980e+01    4.1037e+04 
2.5990e+01    4.1030e+04 
2.6000e+01    4.1052e+04 
2.6010e+01    4.1040e+04 
2.6020e+01    4.1096e+04 
2.6030e+01    4.1117e+04 
2.6040e+01    4.1154e+04 
2.6050e+01    4.1141e+04 
2.6060e+01    4.1181e+04 
2.6070e+01    4.1210e+04 
2.6080e+01    4.1222e+04 
2.6090e+01    4.1227e+04 
2.6100e+01    4.1259e+04 
2.6110e+01    4.1285e+04 
2.6120e+01    4.1333e+04 
2.6130e+01    4.1325e+04 
2.6140e+01    4.1360e+04 
2.6150e+01    4.1393e+04 
2.6160e+01    4.1393e+04 
2.6170e+01    4.1374e+04 
2.6180e+01    4.1360e+04 
2.6190e+01    4.1377e+04 
2.6200e+01    4.1396e+04 
2.6210e+01    4.1402e+04 
2.6220e+01    4.1402e+04 
2.6230e+01    4.1439e+04 
2.6240e+01    4.1456e+04 
2.6250e+01    4.1446e+04 
2.6260e+01    4.1457e+04 
2.6270e+01    4.1486e+04 
2.6280e+01    4.1473e+04 
2.6290e+01    4.1444e+04 
2.6300e+01    4.1456e+04 
2.6310e+01    4.1441e+04 
2.6320e+01    4.1455e+04 
2.6330e+01    4.1492e+04 
2.6340e+01    4.1527e+04 
2.6350e+01    4.1518e+04 
2.6360e+01    4.1510e+04 
2.6370e+01    4.1517e+04 
2.6380e+01    4.1520e+04 
2.6390e+01    4.1564e+04 
2.6400e+01    4.1551e+04 
2.6410e+01    4.1569e+04 
2.6420e+01    4.1609e+04 
2.6430e+01    4.1639e+04 
2.6440e+01    4.1661e+04 
2.6450e+01    4.1691e+04 
2.6460e+01    4.1705e+04 
2.6470e+01    4.1650e+04 
2.6480e+01    4.1663e+04 
2.6490e+01    4.1715e+04 
2.6500e+01    4.1780e+04 
2.6510e+01    4.1815e+04 
2.6520e+01    4.1803e+04 
2.6530e+01    4.1821e+04 
2.6540e+01    4.1799e+04 
2.6550e+01    4.1791e+04 
2.6560e+01    4.1803e+04 
2.6570e+01    4.1822e+04 
2.6580e+01    4.1841e+04 
2.6590e+01    4.1856e+04 
2.6600e+01    4.1848e+04 
2.6610e+01    4.1872e+04 
2.6620e+01    4.1895e+04 
2.6630e+01    4.1880e+04 
2.6640e+01    4.1891e+04 
2.6650e+01    4.1914e+04 
2.6660e+01    4.1943e+04 
2.6670e+01    4.1918e+04 
2.6680e+01    4.1958e+04 
2.6690e+01    4.1963e+04 
2.6700e+01    4.1958e+04 
2.6710e+01    4.1987e+04 
2.6720e+01    4.1956e+04 
2.6730e+01    4.1972e+04 
2.6740e+01    4.1943e+04 
2.6750e+01    4.1992e+04 
2.6760e+01    4.1994e+04 
2.6770e+01    4.2011e+04 
2.6780e+01    4.2034e+04 
2.6790e+01    4.2057e+04 
2.6800e+01    4.2094e+04 
2.6810e+01    4.2085e+04 
2.6820e+01    4.2104e+04 
2.6830e+01    4.2095e+04 
2.6840e+01    4.2112e+04 
2.6850e+01    4.2126e+04 
2.6860e+01    4.2143e+04 
2.6870e+01    4.2135e+04 
2.6880e+01    4.2172e+04 
2.6890e+01    4.2189e+04 
2.6900e+01    4.2198e+04 
2.6910e+01    4.2216e+04 
2.6920e+01    4.2261e+04 
2.6930e+01    4.2288e+04 
2.6940e+01    4.2304e+04 
2.6950e+01    4.2297e+04 
2.6960e+01    4.2313e+04 
2.6970e+01    4.2355e+04 
2.6980e+01    4.2380e+04 
2.6990e+01    4.2401e+04 
2.7000e+01    4.2430e+04 
2.7010e+01    4.2426e+04 
2.7020e+01    4.2414e+04 
2.7030e+01    4.2414e+04 
2.7040e+01    4.2407e+04 
2.7050e+01    4.2418e+04 
2.7060e+01    4.2420e+04 
2.7070e+01    4.2431e+04 
2.7080e+01    4.2467e+04 
2.7090e+01    4.2525e+04 
2.7100e+01    4.2549e+04 
2.7110e+01    4.2575e+04 
2.7120e+01    4.2611e+04 
2.7130e+01    4.2633e+04 
2.7140e+01    4.2619e+04 
2.7150e+01    4.2643e+04 
2.7160e+01    4.2652e+04 
2.7170e+01    4.2700e+04 
2.7180e+01    4.2706e+04 
2.7190e+01    4.2756e+04 
2.7200e+01    4.2793e+04 
2.7210e+01    4.2809e+04 
2.7220e+01    4.2831e+04 
2.7230e+01    4.2811e+04 
2.7240e+01    4.2796e+04 
2.7250e+01    4.2816e+04 
2.7260e+01    4.2843e+04 
2.7270e+01    4.2846e+04 
2.7280e+01    4.2854e+04 
2.7290e+01    4.2875e+04 
2.7300e+01    4.2877e+04 
2.7310e+01    4.2880e+04 
2.7320e+01    4.2896e+04 
2.7330e+01    4.2888e+04 
2.7340e+01    4.2910e+04 
2.7350e+01    4.2875e+04 
2.7360e+01    4.2907e+04 
2.7370e+01    4.2926e+04 
2.7380e+01    4.2954e+04 
2.7390e+01    4.2951e+04 
2.7400e+01    4.2954e+04 
2.7410e+01    4.2970e+04 
2.7420e+01    4.2975e+04 
2.7430e+01    4.3012e+04 
2.7440e+01    4.3028e+04 
2.7450e+01    4.3053e+04 
2.7460e+01    4.3090e+04 
2.7470e+01    4.3097e+04 
2.7480e+01    4.3102e+04 
2.7490e+01    4.3105e+04 
2.7500e+01    4.3130e+04 
2.7510e+01    4.3154e+04 
2.7520e+01    4.3159e+04 
2.7530e+01    4.3166e+04 
2.7540e+01    4.3177e+04 
2.7550e+01    4.3173e+04 
2.7560e+01    4.3177e+04 
2.7570e+01    4.3164e+04 
2.7580e+01    4.3180e+04 
2.7590e+01    4.3213e+04 
2.7600e+01    4.3218e+04 
2.7610e+01    4.3254e+04 
2.7620e+01    4.3236e+04 
2.7630e+01    4.3238e+04 
2.7640e+01    4.3270e+04 
2.7650e+01    4.3288e+04 
2.7660e+01    4.3300e+04 
2.7670e+01    4.3323e+04 
2.7680e+01    4.3330e+04 
2.7690e+01    4.3379e+04 
2.7700e+01    4.3366e+04 
2.7710e+01    4.3372e+04 
2.7720e+01    4.3361e+04 
2.7730e+01    4.3345e+04 
2.7740e+01    4.3341e+04 
2.7750e+01    4.3352e+04 
2.7760e+01    4.3385e+04 
2.7770e+01    4.3395e+04 
2.7780e+01    4.3406e+04 
2.7790e+01    4.3412e+04 
2.7800e+01    4.3432e+04 
2.7810e+01    4.3440e+04 
2.7820e+01    4.3462e+04 
2.7830e+01    4.3449e+04 
2.7840e+01    4.3488e+04 
2.7850e+01    4.3495e+04 
2.7860e+01    4.3512e+04 
2.7870e+01    4.3516e+04 
2.7880e+01    4.3555e+04 
2.7890e+01    4.3588e+04 
2.7900e+01    4.3608e+04 
2.7910e+01    4.3590e+04 
2.7920e+01    4.3617e+04 
2.7930e+01    4.3623e+04 
2.7940e+01    4.3658e+04 
2.7950e+01    4.3657e+04 
2.7960e+01    4.3681e+04 
2.7970e+01    4.3689e+04 
2.7980e+01    4.3722e+04 
2.7990e+01    4.3762e+04 
2.8000e+01    4.3779e+04 
2.8010e+01    4.3791e+04 
2.8020e+01    4.3800e+04 
2.8030e+01    4.3824e+04 
2.8040e+01    4.3813e+04 
2.8050e+01    4.3867e+04 
2.8060e+01    4.3882e+04 
2.8070e+01    4.3903e+04 
2.8080e+01    4.3914e+04 
2.8090e+01    4.3913e+04 
2.8100e+01    4.3949e+04 
2.8110e+01    4.3962e+04 
2.8120e+01    4.3958e+04 
2.8130e+01    4.4001e+04 
2.8140e+01    4.3979e+04 
2.8150e+01    4.3996e+04 
2.8160e+01    4.4001e+04 
2.8170e+01    4.4023e+04 
2.8180e+01    4.4034e+04 
2.8190e+01    4.4068e+04 
2.8200e+01    4.4097e+04 
2.8210e+01    4.4105e+04 
2.8220e+01    4.4140e+04 
2.8230e+01    4.4153e+04 
2.8240e+01    4.4179e+04 
2.8250e+01    4.4247e+04 
2.8260e+01    4.4281e+04 
2.8270e+01    4.4263e+04 
2.8280e+01    4.4301e+04 
2.8290e+01    4.4291e+04 
2.8300e+01    4.4318e+04 
2.8310e+01    4.4353e+04 
2.8320e+01    4.4406e+04 
2.8330e+01    4.4400e+04 
2.8340e+01    4.4440e+04 
2.8350e+01    4.4506e+04 
2.8360e+01    4.4497e+04 
2.8370e+01    4.4533e+04 
2.8380e+01    4.4543e+04 
2.8390e+01    4.4573e+04 
2.8400e+01    4.4572e+04 
2.8410e+01    4.4587e+04 
2.8420e+01    4.4585e+04 
2.8430e+01    4.4624e+04 
2.8440e+01    4.4672e+04 
2.8450e+01    4.4667e+04 
2.8460e+01    4.4668e+04 
2.8470e+01    4.4690e+04 
2.8480e+01    4.4722e+04 
2.8490e+01    4.4715e+04 
2.8500e+01    4.4701e+04 
2.8510e+01    4.4710e+04 
2.8520e+01    4.4675e+04 
2.8530e+01    4.4724e+04 
2.8540e+01    4.4745e+04 
2.8550e+01    4.4800e+04 
2.8560e+01    4.4789e+04 
2.8570e+01    4.4804e+04 
2.8580e+01    4.4823e+04 
2.8590e+01    4.4857e+04 
2.8600e+01    4.4870e+04 
2.8610e+01    4.4861e+04 
2.8620e+01    4.4892e+04 
2.8630e+01    4.4963e+04 
2.8640e+01    4.4956e+04 
2.8650e+01    4.4972e+04 
2.8660e+01    4.5029e+04 
2.8670e+01    4.5053e+04 
2.8680e+01    4.5071e+04 
2.8690e+01    4.5070e+04 
2.8700e+01    4.5128e+04 
2.8710e+01    4.5168e+04 
2.8720e+01    4.5188e+04 
2.8730e+01    4.5240e+04 
2.8740e+01    4.5229e+04 
2.8750e+01    4.5247e+04 
2.8760e+01    4.5255e+04 
2.8770e+01    4.5292e+04 
2.8780e+01    4.5297e+04 
2.8790e+01    4.5313e+04 
2.8800e+01    4.5379e+04 
2.8810e+01    4.5407e+04 
2.8820e+01    4.5432e+04 
2.8830e+01    4.5406e+04 
2.8840e+01    4.5420e+04 
2.8850e+01    4.5431e+04 
2.8860e+01    4.5452e+04 
2.8870e+01    4.5490e+04 
2.8880e+01    4.5513e+04 
2.8890e+01    4.5618e+04 
2.8900e+01    4.5637e+04 
2.8910e+01    4.5646e+04 
2.8920e+01    4.5690e+04 
2.8930e+01    4.5732e+04 
2.8940e+01    4.5761e+04 
2.8950e+01    4.5735e+04 
2.8960e+01    4.5751e+04 
2.8970e+01    4.5784e+04 
2.8980e+01    4.5770e+04 
2.8990e+01    4.5801e+04 
2.9000e+01    4.5808e+04 
2.9010e+01    4.5817e+04 
2.9020e+01    4.5862e+04 
2.9030e+01    4.5843e+04 
2.9040e+01    4.5829e+04 
2.9050e+01    4.5860e+04 
2.9060e+01    4.5858e+04 
2.9070e+01    4.5931e+04 
2.9080e+01    4.5975e+04 
2.9090e+01    4.5987e+04 
2.9100e+01    4.6013e+04 
2.9110e+01    4.6039e+04 
2.9120e+01    4.6036e+04 
2.9130e+01    4.6074e+04 
2.9140e+01    4.6130e+04 
2.9150e+01    4.6139e+04 
2.9160e+01    4.6177e+04 
2.9170e+01    4.6179e+04 
2.9180e+01    4.6164e+04 
2.9190e+01    4.6171e+04 
2.9200e+01    4.6179e+04 
2.9210e+01    4.6218e+04 
2.9220e+01    4.6209e+04 
2.9230e+01    4.6203e+04 
2.9240e+01    4.6238e+04 
2.9250e+01    4.6265e+04 
2.9260e+01    4.6265e+04 
2.9270e+01    4.6228e+04 
2.9280e+01    4.6279e+04 
2.9290e+01    4.6300e+04 
2.9300e+01    4.6328e+04 
2.9310e+01    4.6363e+04 
2.9320e+01    4.6379e+04 
2.9330e+01    4.6357e+04 
2.9340e+01    4.6354e+04 
2.9350e+01    4.6380e+04 
2.9360e+01    4.6407e+04 
2.9370e+01    4.6399e+04 
2.9380e+01    4.6396e+04 
2.9390e+01    4.6448e+04 
2.9400e+01    4.6483e+04 
2.9410e+01    4.6500e+04 
2.9420e+01    4.6522e+04 
2.9430e+01    4.6517e+04 
2.9440e+01    4.6530e+04 
2.9450e+01    4.6550e+04 
2.9460e+01    4.6584e+04 
2.9470e+01    4.6603e+04 
2.9480e+01    4.6588e+04 
2.9490e+01    4.6590e+04 
2.9500e+01    4.6579e+04 
2.9510e+01    4.6579e+04 
2.9520e+01    4.6586e+04 
2.9530e+01    4.6596e+04 
2.9540e+01    4.6627e+04 
2.9550e+01    4.6653e+04 
2.9560e+01    4.6673e+04 
2.9570e+01    4.6659e+04 
2.9580e+01    4.6652e+04 
2.9590e+01    4.6685e+04 
2.9600e+01    4.6666e+04 
2.9610e+01    4.6683e+04 
2.9620e+01    4.6708e+04 
2.9630e+01    4.6713e+04 
2.9640e+01    4.6706e+04 
2.9650e+01    4.6697e+04 
2.9660e+01    4.6721e+04 
2.9670e+01    4.6756e+04 
2.9680e+01    4.6721e+04 
2.9690e+01    4.6709e+04 
2.9700e+01    4.6733e+04 
2.9710e+01    4.6748e+04 
2.9720e+01    4.6777e+04 
2.9730e+01    4.6770e+04 
2.9740e+01    4.6776e+04 
2.9750e+01    4.6777e+04 
2.9760e+01    4.6828e+04 
2.9770e+01    4.6830e+04 
2.9780e+01    4.6858e+04 
2.9790e+01    4.6878e+04 
2.9800e+01    4.6886e+04 
2.9810e+01    4.6916e+04 
2.9820e+01    4.6913e+04 
2.9830e+01    4.6924e+04 
2.9840e+01    4.6968e+04 
2.9850e+01    4.6957e+04 
2.9860e+01    4.6931e+04 
2.9870e+01    4.6959e+04 
2.9880e+01    4.6987e+04 
2.9890e+01    4.7078e+04 
2.9900e+01    4.7102e+04 
2.9910e+01    4.7154e+04 
2.9920e+01    4.7161e+04 
2.9930e+01    4.7163e+04 
2.9940e+01    4.7134e+04 
2.9950e+01    4.7178e+04 
2.9960e+01    4.7175e+04 
2.9970e+01    4.7179e+04 
2.9980e+01    4.7204e+04 
2.9990e+01    4.7170e+04 
3.0000e+01    4.7196e+04 
