t(ns)    MSD(A²)   D = 2.1120e-05 +/ 5.19e-08 cm²/s nu = 1.0328e+00 +/ 4.52e-04 
0.0000e+00    0.0000e+00 
1.0000e-02    1.2819e+01 
2.0000e-02    2.5159e+01 
3.0000e-02    3.7359e+01 
4.0000e-02    4.9681e+01 
5.0000e-02    6.0556e+01 
6.0000e-02    7.1841e+01 
7.0000e-02    8.5309e+01 
8.0000e-02    9.7641e+01 
9.0000e-02    1.0936e+02 
1.0000e-01    1.2252e+02 
1.1000e-01    1.3541e+02 
1.2000e-01    1.4924e+02 
1.3000e-01    1.6243e+02 
1.4000e-01    1.7518e+02 
1.5000e-01    1.8871e+02 
1.6000e-01    2.0078e+02 
1.7000e-01    2.1428e+02 
1.8000e-01    2.2832e+02 
1.9000e-01    2.4275e+02 
2.0000e-01    2.5659e+02 
2.1000e-01    2.6976e+02 
2.2000e-01    2.8267e+02 
2.3000e-01    2.9618e+02 
2.4000e-01    3.0796e+02 
2.5000e-01    3.1934e+02 
2.6000e-01    3.2899e+02 
2.7000e-01    3.4457e+02 
2.8000e-01    3.5712e+02 
2.9000e-01    3.6943e+02 
3.0000e-01    3.8283e+02 
3.1000e-01    3.9340e+02 
3.2000e-01    4.0504e+02 
3.3000e-01    4.1529e+02 
3.4000e-01    4.2406e+02 
3.5000e-01    4.3593e+02 
3.6000e-01    4.4595e+02 
3.7000e-01    4.5934e+02 
3.8000e-01    4.7345e+02 
3.9000e-01    4.8658e+02 
4.0000e-01    5.0101e+02 
4.1000e-01    5.1508e+02 
4.2000e-01    5.2567e+02 
4.3000e-01    5.3838e+02 
4.4000e-01    5.5314e+02 
4.5000e-01    5.6685e+02 
4.6000e-01    5.8239e+02 
4.7000e-01    5.9951e+02 
4.8000e-01    6.1280e+02 
4.9000e-01    6.2233e+02 
5.0000e-01    6.3643e+02 
5.1000e-01    6.4822e+02 
5.2000e-01    6.5820e+02 
5.3000e-01    6.7071e+02 
5.4000e-01    6.7946e+02 
5.5000e-01    6.9536e+02 
5.6000e-01    7.0881e+02 
5.7000e-01    7.2254e+02 
5.8000e-01    7.4004e+02 
5.9000e-01    7.5094e+02 
6.0000e-01    7.6445e+02 
6.1000e-01    7.7966e+02 
6.2000e-01    7.9145e+02 
6.3000e-01    8.0365e+02 
6.4000e-01    8.1606e+02 
6.5000e-01    8.2134e+02 
6.6000e-01    8.3264e+02 
6.7000e-01    8.4374e+02 
6.8000e-01    8.5840e+02 
6.9000e-01    8.7382e+02 
7.0000e-01    8.8204e+02 
7.1000e-01    8.8688e+02 
7.2000e-01    8.9737e+02 
7.3000e-01    9.1297e+02 
7.4000e-01    9.2410e+02 
7.5000e-01    9.3462e+02 
7.6000e-01    9.5175e+02 
7.7000e-01    9.6766e+02 
7.8000e-01    9.7896e+02 
7.9000e-01    9.8831e+02 
8.0000e-01    1.0011e+03 
8.1000e-01    1.0176e+03 
8.2000e-01    1.0239e+03 
8.3000e-01    1.0408e+03 
8.4000e-01    1.0522e+03 
8.5000e-01    1.0641e+03 
8.6000e-01    1.0815e+03 
8.7000e-01    1.0929e+03 
8.8000e-01    1.1053e+03 
8.9000e-01    1.1137e+03 
9.0000e-01    1.1257e+03 
9.1000e-01    1.1363e+03 
9.2000e-01    1.1472e+03 
9.3000e-01    1.1619e+03 
9.4000e-01    1.1749e+03 
9.5000e-01    1.1863e+03 
9.6000e-01    1.2006e+03 
9.7000e-01    1.2109e+03 
9.8000e-01    1.2238e+03 
9.9000e-01    1.2386e+03 
1.0000e+00    1.2510e+03 
1.0100e+00    1.2619e+03 
1.0200e+00    1.2719e+03 
1.0300e+00    1.2822e+03 
1.0400e+00    1.2967e+03 
1.0500e+00    1.3085e+03 
1.0600e+00    1.3216e+03 
1.0700e+00    1.3340e+03 
1.0800e+00    1.3525e+03 
1.0900e+00    1.3694e+03 
1.1000e+00    1.3862e+03 
1.1100e+00    1.3950e+03 
1.1200e+00    1.4119e+03 
1.1300e+00    1.4207e+03 
1.1400e+00    1.4343e+03 
1.1500e+00    1.4423e+03 
1.1600e+00    1.4482e+03 
1.1700e+00    1.4653e+03 
1.1800e+00    1.4786e+03 
1.1900e+00    1.4813e+03 
1.2000e+00    1.4914e+03 
1.2100e+00    1.5063e+03 
1.2200e+00    1.5193e+03 
1.2300e+00    1.5341e+03 
1.2400e+00    1.5473e+03 
1.2500e+00    1.5553e+03 
1.2600e+00    1.5644e+03 
1.2700e+00    1.5781e+03 
1.2800e+00    1.5933e+03 
1.2900e+00    1.5983e+03 
1.3000e+00    1.6032e+03 
1.3100e+00    1.6219e+03 
1.3200e+00    1.6296e+03 
1.3300e+00    1.6405e+03 
1.3400e+00    1.6512e+03 
1.3500e+00    1.6604e+03 
1.3600e+00    1.6745e+03 
1.3700e+00    1.6781e+03 
1.3800e+00    1.6936e+03 
1.3900e+00    1.7083e+03 
1.4000e+00    1.7191e+03 
1.4100e+00    1.7313e+03 
1.4200e+00    1.7363e+03 
1.4300e+00    1.7468e+03 
1.4400e+00    1.7584e+03 
1.4500e+00    1.7720e+03 
1.4600e+00    1.7887e+03 
1.4700e+00    1.8009e+03 
1.4800e+00    1.8141e+03 
1.4900e+00    1.8229e+03 
1.5000e+00    1.8292e+03 
1.5100e+00    1.8393e+03 
1.5200e+00    1.8607e+03 
1.5300e+00    1.8755e+03 
1.5400e+00    1.8895e+03 
1.5500e+00    1.9046e+03 
1.5600e+00    1.9149e+03 
1.5700e+00    1.9272e+03 
1.5800e+00    1.9356e+03 
1.5900e+00    1.9533e+03 
1.6000e+00    1.9688e+03 
1.6100e+00    1.9813e+03 
1.6200e+00    1.9978e+03 
1.6300e+00    2.0114e+03 
1.6400e+00    2.0277e+03 
1.6500e+00    2.0342e+03 
1.6600e+00    2.0418e+03 
1.6700e+00    2.0567e+03 
1.6800e+00    2.0776e+03 
1.6900e+00    2.0880e+03 
1.7000e+00    2.1073e+03 
1.7100e+00    2.1227e+03 
1.7200e+00    2.1273e+03 
1.7300e+00    2.1448e+03 
1.7400e+00    2.1525e+03 
1.7500e+00    2.1618e+03 
1.7600e+00    2.1713e+03 
1.7700e+00    2.1870e+03 
1.7800e+00    2.1967e+03 
1.7900e+00    2.2099e+03 
1.8000e+00    2.2227e+03 
1.8100e+00    2.2386e+03 
1.8200e+00    2.2515e+03 
1.8300e+00    2.2641e+03 
1.8400e+00    2.2762e+03 
1.8500e+00    2.2942e+03 
1.8600e+00    2.3058e+03 
1.8700e+00    2.3244e+03 
1.8800e+00    2.3380e+03 
1.8900e+00    2.3486e+03 
1.9000e+00    2.3641e+03 
1.9100e+00    2.3857e+03 
1.9200e+00    2.4040e+03 
1.9300e+00    2.4213e+03 
1.9400e+00    2.4363e+03 
1.9500e+00    2.4480e+03 
1.9600e+00    2.4629e+03 
1.9700e+00    2.4758e+03 
1.9800e+00    2.4996e+03 
1.9900e+00    2.5130e+03 
2.0000e+00    2.5253e+03 
2.0100e+00    2.5451e+03 
2.0200e+00    2.5506e+03 
2.0300e+00    2.5632e+03 
2.0400e+00    2.5698e+03 
2.0500e+00    2.5866e+03 
2.0600e+00    2.6009e+03 
2.0700e+00    2.6176e+03 
2.0800e+00    2.6344e+03 
2.0900e+00    2.6528e+03 
2.1000e+00    2.6664e+03 
2.1100e+00    2.6709e+03 
2.1200e+00    2.6879e+03 
2.1300e+00    2.7054e+03 
2.1400e+00    2.7270e+03 
2.1500e+00    2.7331e+03 
2.1600e+00    2.7503e+03 
2.1700e+00    2.7702e+03 
2.1800e+00    2.7791e+03 
2.1900e+00    2.7884e+03 
2.2000e+00    2.8040e+03 
2.2100e+00    2.8088e+03 
2.2200e+00    2.8190e+03 
2.2300e+00    2.8317e+03 
2.2400e+00    2.8409e+03 
2.2500e+00    2.8526e+03 
2.2600e+00    2.8622e+03 
2.2700e+00    2.8811e+03 
2.2800e+00    2.8926e+03 
2.2900e+00    2.8958e+03 
2.3000e+00    2.9019e+03 
2.3100e+00    2.9161e+03 
2.3200e+00    2.9274e+03 
2.3300e+00    2.9402e+03 
2.3400e+00    2.9489e+03 
2.3500e+00    2.9545e+03 
2.3600e+00    2.9684e+03 
2.3700e+00    2.9821e+03 
2.3800e+00    2.9933e+03 
2.3900e+00    3.0211e+03 
2.4000e+00    3.0394e+03 
2.4100e+00    3.0493e+03 
2.4200e+00    3.0610e+03 
2.4300e+00    3.0813e+03 
2.4400e+00    3.0838e+03 
2.4500e+00    3.0958e+03 
2.4600e+00    3.1132e+03 
2.4700e+00    3.1212e+03 
2.4800e+00    3.1408e+03 
2.4900e+00    3.1401e+03 
2.5000e+00    3.1572e+03 
2.5100e+00    3.1759e+03 
2.5200e+00    3.1948e+03 
2.5300e+00    3.2112e+03 
2.5400e+00    3.2245e+03 
2.5500e+00    3.2374e+03 
2.5600e+00    3.2542e+03 
2.5700e+00    3.2719e+03 
2.5800e+00    3.2812e+03 
2.5900e+00    3.2873e+03 
2.6000e+00    3.2951e+03 
2.6100e+00    3.3063e+03 
2.6200e+00    3.3258e+03 
2.6300e+00    3.3446e+03 
2.6400e+00    3.3612e+03 
2.6500e+00    3.3737e+03 
2.6600e+00    3.3844e+03 
2.6700e+00    3.3928e+03 
2.6800e+00    3.4062e+03 
2.6900e+00    3.4154e+03 
2.7000e+00    3.4256e+03 
2.7100e+00    3.4394e+03 
2.7200e+00    3.4556e+03 
2.7300e+00    3.4580e+03 
2.7400e+00    3.4789e+03 
2.7500e+00    3.4886e+03 
2.7600e+00    3.4940e+03 
2.7700e+00    3.5121e+03 
2.7800e+00    3.5065e+03 
2.7900e+00    3.5214e+03 
2.8000e+00    3.5241e+03 
2.8100e+00    3.5492e+03 
2.8200e+00    3.5664e+03 
2.8300e+00    3.5824e+03 
2.8400e+00    3.6034e+03 
2.8500e+00    3.6112e+03 
2.8600e+00    3.6248e+03 
2.8700e+00    3.6311e+03 
2.8800e+00    3.6418e+03 
2.8900e+00    3.6482e+03 
2.9000e+00    3.6560e+03 
2.9100e+00    3.6715e+03 
2.9200e+00    3.6802e+03 
2.9300e+00    3.7037e+03 
2.9400e+00    3.7087e+03 
2.9500e+00    3.7280e+03 
2.9600e+00    3.7487e+03 
2.9700e+00    3.7592e+03 
2.9800e+00    3.7647e+03 
2.9900e+00    3.7715e+03 
3.0000e+00    3.7848e+03 
3.0100e+00    3.8018e+03 
3.0200e+00    3.8167e+03 
3.0300e+00    3.8209e+03 
3.0400e+00    3.8245e+03 
3.0500e+00    3.8343e+03 
3.0600e+00    3.8463e+03 
3.0700e+00    3.8566e+03 
3.0800e+00    3.8610e+03 
3.0900e+00    3.8749e+03 
3.1000e+00    3.8838e+03 
3.1100e+00    3.8971e+03 
3.1200e+00    3.9049e+03 
3.1300e+00    3.9204e+03 
3.1400e+00    3.9297e+03 
3.1500e+00    3.9343e+03 
3.1600e+00    3.9541e+03 
3.1700e+00    3.9561e+03 
3.1800e+00    3.9681e+03 
3.1900e+00    3.9887e+03 
3.2000e+00    4.0034e+03 
3.2100e+00    4.0118e+03 
3.2200e+00    4.0218e+03 
3.2300e+00    4.0362e+03 
3.2400e+00    4.0531e+03 
3.2500e+00    4.0716e+03 
3.2600e+00    4.0789e+03 
3.2700e+00    4.0930e+03 
3.2800e+00    4.1016e+03 
3.2900e+00    4.1121e+03 
3.3000e+00    4.1134e+03 
3.3100e+00    4.1297e+03 
3.3200e+00    4.1350e+03 
3.3300e+00    4.1468e+03 
3.3400e+00    4.1662e+03 
3.3500e+00    4.1836e+03 
3.3600e+00    4.2056e+03 
3.3700e+00    4.2130e+03 
3.3800e+00    4.2318e+03 
3.3900e+00    4.2509e+03 
3.4000e+00    4.2531e+03 
3.4100e+00    4.2615e+03 
3.4200e+00    4.2544e+03 
3.4300e+00    4.2610e+03 
3.4400e+00    4.2644e+03 
3.4500e+00    4.2702e+03 
3.4600e+00    4.2825e+03 
3.4700e+00    4.2901e+03 
3.4800e+00    4.3090e+03 
3.4900e+00    4.3235e+03 
3.5000e+00    4.3342e+03 
3.5100e+00    4.3490e+03 
3.5200e+00    4.3731e+03 
3.5300e+00    4.3848e+03 
3.5400e+00    4.3970e+03 
3.5500e+00    4.3988e+03 
3.5600e+00    4.4070e+03 
3.5700e+00    4.4096e+03 
3.5800e+00    4.4291e+03 
3.5900e+00    4.4430e+03 
3.6000e+00    4.4515e+03 
3.6100e+00    4.4654e+03 
3.6200e+00    4.4734e+03 
3.6300e+00    4.4865e+03 
3.6400e+00    4.5072e+03 
3.6500e+00    4.5160e+03 
3.6600e+00    4.5347e+03 
3.6700e+00    4.5442e+03 
3.6800e+00    4.5617e+03 
3.6900e+00    4.5613e+03 
3.7000e+00    4.5721e+03 
3.7100e+00    4.5790e+03 
3.7200e+00    4.5917e+03 
3.7300e+00    4.6057e+03 
3.7400e+00    4.6254e+03 
3.7500e+00    4.6335e+03 
3.7600e+00    4.6470e+03 
3.7700e+00    4.6551e+03 
3.7800e+00    4.6657e+03 
3.7900e+00    4.6760e+03 
3.8000e+00    4.6872e+03 
3.8100e+00    4.7103e+03 
3.8200e+00    4.7207e+03 
3.8300e+00    4.7417e+03 
3.8400e+00    4.7460e+03 
3.8500e+00    4.7517e+03 
3.8600e+00    4.7750e+03 
3.8700e+00    4.7808e+03 
3.8800e+00    4.7888e+03 
3.8900e+00    4.7982e+03 
3.9000e+00    4.8098e+03 
3.9100e+00    4.8293e+03 
3.9200e+00    4.8409e+03 
3.9300e+00    4.8492e+03 
3.9400e+00    4.8589e+03 
3.9500e+00    4.8757e+03 
3.9600e+00    4.8845e+03 
3.9700e+00    4.9100e+03 
3.9800e+00    4.9132e+03 
3.9900e+00    4.9245e+03 
4.0000e+00    4.9416e+03 
4.0100e+00    4.9578e+03 
4.0200e+00    4.9682e+03 
4.0300e+00    4.9883e+03 
4.0400e+00    5.0009e+03 
4.0500e+00    5.0018e+03 
4.0600e+00    5.0105e+03 
4.0700e+00    5.0231e+03 
4.0800e+00    5.0409e+03 
4.0900e+00    5.0589e+03 
4.1000e+00    5.0758e+03 
4.1100e+00    5.0876e+03 
4.1200e+00    5.1076e+03 
4.1300e+00    5.1125e+03 
4.1400e+00    5.1211e+03 
4.1500e+00    5.1460e+03 
4.1600e+00    5.1570e+03 
4.1700e+00    5.1591e+03 
4.1800e+00    5.1584e+03 
4.1900e+00    5.1803e+03 
4.2000e+00    5.1871e+03 
4.2100e+00    5.1951e+03 
4.2200e+00    5.2025e+03 
4.2300e+00    5.2220e+03 
4.2400e+00    5.2525e+03 
4.2500e+00    5.2656e+03 
4.2600e+00    5.2804e+03 
4.2700e+00    5.3011e+03 
4.2800e+00    5.3205e+03 
4.2900e+00    5.3254e+03 
4.3000e+00    5.3519e+03 
4.3100e+00    5.3629e+03 
4.3200e+00    5.3781e+03 
4.3300e+00    5.3858e+03 
4.3400e+00    5.4088e+03 
4.3500e+00    5.4192e+03 
4.3600e+00    5.4328e+03 
4.3700e+00    5.4345e+03 
4.3800e+00    5.4398e+03 
4.3900e+00    5.4412e+03 
4.4000e+00    5.4700e+03 
4.4100e+00    5.4756e+03 
4.4200e+00    5.4907e+03 
4.4300e+00    5.4951e+03 
4.4400e+00    5.5096e+03 
4.4500e+00    5.5263e+03 
4.4600e+00    5.5473e+03 
4.4700e+00    5.5674e+03 
4.4800e+00    5.5868e+03 
4.4900e+00    5.5982e+03 
4.5000e+00    5.6239e+03 
4.5100e+00    5.6301e+03 
4.5200e+00    5.6334e+03 
4.5300e+00    5.6395e+03 
4.5400e+00    5.6527e+03 
4.5500e+00    5.6567e+03 
4.5600e+00    5.6607e+03 
4.5700e+00    5.6818e+03 
4.5800e+00    5.6909e+03 
4.5900e+00    5.7039e+03 
4.6000e+00    5.7217e+03 
4.6100e+00    5.7368e+03 
4.6200e+00    5.7503e+03 
4.6300e+00    5.7540e+03 
4.6400e+00    5.7608e+03 
4.6500e+00    5.7725e+03 
4.6600e+00    5.7864e+03 
4.6700e+00    5.7932e+03 
4.6800e+00    5.7944e+03 
4.6900e+00    5.8152e+03 
4.7000e+00    5.8192e+03 
4.7100e+00    5.8350e+03 
4.7200e+00    5.8618e+03 
4.7300e+00    5.8651e+03 
4.7400e+00    5.8941e+03 
4.7500e+00    5.8961e+03 
4.7600e+00    5.9206e+03 
4.7700e+00    5.9355e+03 
4.7800e+00    5.9581e+03 
4.7900e+00    5.9747e+03 
4.8000e+00    5.9788e+03 
4.8100e+00    5.9903e+03 
4.8200e+00    5.9984e+03 
4.8300e+00    6.0060e+03 
4.8400e+00    6.0309e+03 
4.8500e+00    6.0504e+03 
4.8600e+00    6.0567e+03 
4.8700e+00    6.0781e+03 
4.8800e+00    6.0862e+03 
4.8900e+00    6.0981e+03 
4.9000e+00    6.0939e+03 
4.9100e+00    6.1123e+03 
4.9200e+00    6.1214e+03 
4.9300e+00    6.1237e+03 
4.9400e+00    6.1269e+03 
4.9500e+00    6.1402e+03 
4.9600e+00    6.1559e+03 
4.9700e+00    6.1619e+03 
4.9800e+00    6.1725e+03 
4.9900e+00    6.1772e+03 
5.0000e+00    6.1898e+03 
5.0100e+00    6.1931e+03 
5.0200e+00    6.2061e+03 
5.0300e+00    6.2126e+03 
5.0400e+00    6.2271e+03 
5.0500e+00    6.2403e+03 
5.0600e+00    6.2541e+03 
5.0700e+00    6.2573e+03 
5.0800e+00    6.2855e+03 
5.0900e+00    6.3025e+03 
5.1000e+00    6.3180e+03 
5.1100e+00    6.3260e+03 
5.1200e+00    6.3134e+03 
5.1300e+00    6.3238e+03 
5.1400e+00    6.3376e+03 
5.1500e+00    6.3499e+03 
5.1600e+00    6.3489e+03 
5.1700e+00    6.3696e+03 
5.1800e+00    6.3838e+03 
5.1900e+00    6.4003e+03 
5.2000e+00    6.4121e+03 
5.2100e+00    6.4242e+03 
5.2200e+00    6.4400e+03 
5.2300e+00    6.4507e+03 
5.2400e+00    6.4550e+03 
5.2500e+00    6.4555e+03 
5.2600e+00    6.4691e+03 
5.2700e+00    6.4807e+03 
5.2800e+00    6.4936e+03 
5.2900e+00    6.4990e+03 
5.3000e+00    6.5076e+03 
5.3100e+00    6.5219e+03 
5.3200e+00    6.5289e+03 
5.3300e+00    6.5341e+03 
5.3400e+00    6.5508e+03 
5.3500e+00    6.5569e+03 
5.3600e+00    6.5829e+03 
5.3700e+00    6.5961e+03 
5.3800e+00    6.5994e+03 
5.3900e+00    6.6016e+03 
5.4000e+00    6.6117e+03 
5.4100e+00    6.6276e+03 
5.4200e+00    6.6373e+03 
5.4300e+00    6.6542e+03 
5.4400e+00    6.6637e+03 
5.4500e+00    6.6733e+03 
5.4600e+00    6.6786e+03 
5.4700e+00    6.7025e+03 
5.4800e+00    6.7009e+03 
5.4900e+00    6.7167e+03 
5.5000e+00    6.7163e+03 
5.5100e+00    6.7342e+03 
5.5200e+00    6.7529e+03 
5.5300e+00    6.7635e+03 
5.5400e+00    6.7803e+03 
5.5500e+00    6.7870e+03 
5.5600e+00    6.7974e+03 
5.5700e+00    6.8167e+03 
5.5800e+00    6.8376e+03 
5.5900e+00    6.8378e+03 
5.6000e+00    6.8495e+03 
5.6100e+00    6.8700e+03 
5.6200e+00    6.8863e+03 
5.6300e+00    6.8882e+03 
5.6400e+00    6.8952e+03 
5.6500e+00    6.9246e+03 
5.6600e+00    6.9408e+03 
5.6700e+00    6.9494e+03 
5.6800e+00    6.9594e+03 
5.6900e+00    6.9755e+03 
5.7000e+00    6.9812e+03 
5.7100e+00    6.9927e+03 
5.7200e+00    7.0049e+03 
5.7300e+00    7.0205e+03 
5.7400e+00    7.0138e+03 
5.7500e+00    7.0281e+03 
5.7600e+00    7.0362e+03 
5.7700e+00    7.0436e+03 
5.7800e+00    7.0611e+03 
5.7900e+00    7.0692e+03 
5.8000e+00    7.0788e+03 
5.8100e+00    7.0931e+03 
5.8200e+00    7.1003e+03 
5.8300e+00    7.1260e+03 
5.8400e+00    7.1443e+03 
5.8500e+00    7.1586e+03 
5.8600e+00    7.1515e+03 
5.8700e+00    7.1597e+03 
5.8800e+00    7.1675e+03 
5.8900e+00    7.1821e+03 
5.9000e+00    7.1968e+03 
5.9100e+00    7.2050e+03 
5.9200e+00    7.2178e+03 
5.9300e+00    7.2369e+03 
5.9400e+00    7.2344e+03 
5.9500e+00    7.2612e+03 
5.9600e+00    7.2788e+03 
5.9700e+00    7.2883e+03 
5.9800e+00    7.3068e+03 
5.9900e+00    7.3236e+03 
6.0000e+00    7.3326e+03 
6.0100e+00    7.3446e+03 
6.0200e+00    7.3582e+03 
6.0300e+00    7.3859e+03 
6.0400e+00    7.3860e+03 
6.0500e+00    7.3863e+03 
6.0600e+00    7.3977e+03 
6.0700e+00    7.4217e+03 
6.0800e+00    7.4356e+03 
6.0900e+00    7.4371e+03 
6.1000e+00    7.4624e+03 
6.1100e+00    7.4687e+03 
6.1200e+00    7.4820e+03 
6.1300e+00    7.4830e+03 
6.1400e+00    7.5007e+03 
6.1500e+00    7.5102e+03 
6.1600e+00    7.5156e+03 
6.1700e+00    7.5240e+03 
6.1800e+00    7.5410e+03 
6.1900e+00    7.5672e+03 
6.2000e+00    7.5668e+03 
6.2100e+00    7.5863e+03 
6.2200e+00    7.6045e+03 
6.2300e+00    7.6177e+03 
6.2400e+00    7.6427e+03 
6.2500e+00    7.6586e+03 
6.2600e+00    7.6671e+03 
6.2700e+00    7.6802e+03 
6.2800e+00    7.6924e+03 
6.2900e+00    7.7177e+03 
6.3000e+00    7.7250e+03 
6.3100e+00    7.7392e+03 
6.3200e+00    7.7398e+03 
6.3300e+00    7.7555e+03 
6.3400e+00    7.7770e+03 
6.3500e+00    7.7738e+03 
6.3600e+00    7.7939e+03 
6.3700e+00    7.8030e+03 
6.3800e+00    7.8183e+03 
6.3900e+00    7.8238e+03 
6.4000e+00    7.8272e+03 
6.4100e+00    7.8423e+03 
6.4200e+00    7.8530e+03 
6.4300e+00    7.8597e+03 
6.4400e+00    7.8739e+03 
6.4500e+00    7.8874e+03 
6.4600e+00    7.9109e+03 
6.4700e+00    7.9391e+03 
6.4800e+00    7.9652e+03 
6.4900e+00    7.9768e+03 
6.5000e+00    7.9931e+03 
6.5100e+00    8.0232e+03 
6.5200e+00    8.0333e+03 
6.5300e+00    8.0583e+03 
6.5400e+00    8.0907e+03 
6.5500e+00    8.1015e+03 
6.5600e+00    8.1204e+03 
6.5700e+00    8.1364e+03 
6.5800e+00    8.1489e+03 
6.5900e+00    8.1700e+03 
6.6000e+00    8.1826e+03 
6.6100e+00    8.1849e+03 
6.6200e+00    8.1996e+03 
6.6300e+00    8.2222e+03 
6.6400e+00    8.2517e+03 
6.6500e+00    8.2575e+03 
6.6600e+00    8.2695e+03 
6.6700e+00    8.2778e+03 
6.6800e+00    8.2747e+03 
6.6900e+00    8.2862e+03 
6.7000e+00    8.2992e+03 
6.7100e+00    8.3190e+03 
6.7200e+00    8.3279e+03 
6.7300e+00    8.3474e+03 
6.7400e+00    8.3626e+03 
6.7500e+00    8.3695e+03 
6.7600e+00    8.3820e+03 
6.7700e+00    8.4031e+03 
6.7800e+00    8.4081e+03 
6.7900e+00    8.4094e+03 
6.8000e+00    8.4264e+03 
6.8100e+00    8.4398e+03 
6.8200e+00    8.4605e+03 
6.8300e+00    8.4667e+03 
6.8400e+00    8.4792e+03 
6.8500e+00    8.4930e+03 
6.8600e+00    8.5073e+03 
6.8700e+00    8.5169e+03 
6.8800e+00    8.5283e+03 
6.8900e+00    8.5447e+03 
6.9000e+00    8.5634e+03 
6.9100e+00    8.5538e+03 
6.9200e+00    8.5692e+03 
6.9300e+00    8.5784e+03 
6.9400e+00    8.5922e+03 
6.9500e+00    8.6063e+03 
6.9600e+00    8.6106e+03 
6.9700e+00    8.6160e+03 
6.9800e+00    8.6355e+03 
6.9900e+00    8.6266e+03 
7.0000e+00    8.6243e+03 
7.0100e+00    8.6460e+03 
7.0200e+00    8.6448e+03 
7.0300e+00    8.6484e+03 
7.0400e+00    8.6785e+03 
7.0500e+00    8.7117e+03 
7.0600e+00    8.7186e+03 
7.0700e+00    8.7240e+03 
7.0800e+00    8.7409e+03 
7.0900e+00    8.7624e+03 
7.1000e+00    8.7626e+03 
7.1100e+00    8.7790e+03 
7.1200e+00    8.7882e+03 
7.1300e+00    8.7898e+03 
7.1400e+00    8.8153e+03 
7.1500e+00    8.8302e+03 
7.1600e+00    8.8438e+03 
7.1700e+00    8.8590e+03 
7.1800e+00    8.8709e+03 
7.1900e+00    8.8880e+03 
7.2000e+00    8.9021e+03 
7.2100e+00    8.9137e+03 
7.2200e+00    8.9361e+03 
7.2300e+00    8.9370e+03 
7.2400e+00    8.9502e+03 
7.2500e+00    8.9586e+03 
7.2600e+00    8.9637e+03 
7.2700e+00    8.9904e+03 
7.2800e+00    8.9879e+03 
7.2900e+00    9.0170e+03 
7.3000e+00    9.0216e+03 
7.3100e+00    9.0331e+03 
7.3200e+00    9.0386e+03 
7.3300e+00    9.0530e+03 
7.3400e+00    9.0541e+03 
7.3500e+00    9.0695e+03 
7.3600e+00    9.0745e+03 
7.3700e+00    9.1066e+03 
7.3800e+00    9.1178e+03 
7.3900e+00    9.1358e+03 
7.4000e+00    9.1451e+03 
7.4100e+00    9.1644e+03 
7.4200e+00    9.1758e+03 
7.4300e+00    9.1882e+03 
7.4400e+00    9.2131e+03 
7.4500e+00    9.2320e+03 
7.4600e+00    9.2427e+03 
7.4700e+00    9.2610e+03 
7.4800e+00    9.2632e+03 
7.4900e+00    9.2694e+03 
7.5000e+00    9.2923e+03 
7.5100e+00    9.2982e+03 
7.5200e+00    9.3215e+03 
7.5300e+00    9.3287e+03 
7.5400e+00    9.3261e+03 
7.5500e+00    9.3588e+03 
7.5600e+00    9.3873e+03 
7.5700e+00    9.4063e+03 
7.5800e+00    9.4166e+03 
7.5900e+00    9.4225e+03 
7.6000e+00    9.4349e+03 
7.6100e+00    9.4397e+03 
7.6200e+00    9.4508e+03 
7.6300e+00    9.4646e+03 
7.6400e+00    9.4921e+03 
7.6500e+00    9.5110e+03 
7.6600e+00    9.5222e+03 
7.6700e+00    9.5357e+03 
7.6800e+00    9.5696e+03 
7.6900e+00    9.5941e+03 
7.7000e+00    9.6039e+03 
7.7100e+00    9.6324e+03 
7.7200e+00    9.6544e+03 
7.7300e+00    9.6799e+03 
7.7400e+00    9.6868e+03 
7.7500e+00    9.6985e+03 
7.7600e+00    9.6991e+03 
7.7700e+00    9.7192e+03 
7.7800e+00    9.7297e+03 
7.7900e+00    9.7381e+03 
7.8000e+00    9.7300e+03 
7.8100e+00    9.7411e+03 
7.8200e+00    9.7477e+03 
7.8300e+00    9.7710e+03 
7.8400e+00    9.7694e+03 
7.8500e+00    9.7803e+03 
7.8600e+00    9.7727e+03 
7.8700e+00    9.7832e+03 
7.8800e+00    9.7851e+03 
7.8900e+00    9.7883e+03 
7.9000e+00    9.8117e+03 
7.9100e+00    9.8406e+03 
7.9200e+00    9.8308e+03 
7.9300e+00    9.8347e+03 
7.9400e+00    9.8357e+03 
7.9500e+00    9.8551e+03 
7.9600e+00    9.8642e+03 
7.9700e+00    9.8681e+03 
7.9800e+00    9.8797e+03 
7.9900e+00    9.9068e+03 
8.0000e+00    9.9212e+03 
8.0100e+00    9.9243e+03 
8.0200e+00    9.9296e+03 
8.0300e+00    9.9277e+03 
8.0400e+00    9.9441e+03 
8.0500e+00    9.9718e+03 
8.0600e+00    9.9958e+03 
8.0700e+00    9.9914e+03 
8.0800e+00    9.9958e+03 
8.0900e+00    1.0003e+04 
8.1000e+00    1.0013e+04 
8.1100e+00    1.0012e+04 
8.1200e+00    1.0016e+04 
8.1300e+00    1.0018e+04 
8.1400e+00    1.0030e+04 
8.1500e+00    1.0028e+04 
8.1600e+00    1.0051e+04 
8.1700e+00    1.0064e+04 
8.1800e+00    1.0093e+04 
8.1900e+00    1.0095e+04 
8.2000e+00    1.0100e+04 
8.2100e+00    1.0132e+04 
8.2200e+00    1.0143e+04 
8.2300e+00    1.0152e+04 
8.2400e+00    1.0163e+04 
8.2500e+00    1.0186e+04 
8.2600e+00    1.0196e+04 
8.2700e+00    1.0197e+04 
8.2800e+00    1.0211e+04 
8.2900e+00    1.0233e+04 
8.3000e+00    1.0247e+04 
8.3100e+00    1.0249e+04 
8.3200e+00    1.0267e+04 
8.3300e+00    1.0281e+04 
8.3400e+00    1.0300e+04 
8.3500e+00    1.0311e+04 
8.3600e+00    1.0349e+04 
8.3700e+00    1.0364e+04 
8.3800e+00    1.0358e+04 
8.3900e+00    1.0359e+04 
8.4000e+00    1.0366e+04 
8.4100e+00    1.0355e+04 
8.4200e+00    1.0370e+04 
8.4300e+00    1.0387e+04 
8.4400e+00    1.0394e+04 
8.4500e+00    1.0414e+04 
8.4600e+00    1.0446e+04 
8.4700e+00    1.0452e+04 
8.4800e+00    1.0460e+04 
8.4900e+00    1.0463e+04 
8.5000e+00    1.0473e+04 
8.5100e+00    1.0469e+04 
8.5200e+00    1.0479e+04 
8.5300e+00    1.0496e+04 
8.5400e+00    1.0515e+04 
8.5500e+00    1.0511e+04 
8.5600e+00    1.0513e+04 
8.5700e+00    1.0534e+04 
8.5800e+00    1.0533e+04 
8.5900e+00    1.0558e+04 
8.6000e+00    1.0572e+04 
8.6100e+00    1.0583e+04 
8.6200e+00    1.0582e+04 
8.6300e+00    1.0597e+04 
8.6400e+00    1.0610e+04 
8.6500e+00    1.0631e+04 
8.6600e+00    1.0655e+04 
8.6700e+00    1.0675e+04 
8.6800e+00    1.0688e+04 
8.6900e+00    1.0716e+04 
8.7000e+00    1.0729e+04 
8.7100e+00    1.0736e+04 
8.7200e+00    1.0750e+04 
8.7300e+00    1.0764e+04 
8.7400e+00    1.0767e+04 
8.7500e+00    1.0770e+04 
8.7600e+00    1.0801e+04 
8.7700e+00    1.0804e+04 
8.7800e+00    1.0813e+04 
8.7900e+00    1.0820e+04 
8.8000e+00    1.0835e+04 
8.8100e+00    1.0828e+04 
8.8200e+00    1.0834e+04 
8.8300e+00    1.0858e+04 
8.8400e+00    1.0883e+04 
8.8500e+00    1.0896e+04 
8.8600e+00    1.0913e+04 
8.8700e+00    1.0919e+04 
8.8800e+00    1.0912e+04 
8.8900e+00    1.0932e+04 
8.9000e+00    1.0953e+04 
8.9100e+00    1.0955e+04 
8.9200e+00    1.0957e+04 
8.9300e+00    1.0957e+04 
8.9400e+00    1.0992e+04 
8.9500e+00    1.0993e+04 
8.9600e+00    1.1013e+04 
8.9700e+00    1.1019e+04 
8.9800e+00    1.1037e+04 
8.9900e+00    1.1039e+04 
9.0000e+00    1.1046e+04 
9.0100e+00    1.1052e+04 
9.0200e+00    1.1058e+04 
9.0300e+00    1.1070e+04 
9.0400e+00    1.1079e+04 
9.0500e+00    1.1105e+04 
9.0600e+00    1.1119e+04 
9.0700e+00    1.1121e+04 
9.0800e+00    1.1116e+04 
9.0900e+00    1.1119e+04 
9.1000e+00    1.1123e+04 
9.1100e+00    1.1144e+04 
9.1200e+00    1.1154e+04 
9.1300e+00    1.1160e+04 
9.1400e+00    1.1171e+04 
9.1500e+00    1.1183e+04 
9.1600e+00    1.1201e+04 
9.1700e+00    1.1209e+04 
9.1800e+00    1.1234e+04 
9.1900e+00    1.1249e+04 
9.2000e+00    1.1230e+04 
9.2100e+00    1.1247e+04 
9.2200e+00    1.1267e+04 
9.2300e+00    1.1269e+04 
9.2400e+00    1.1301e+04 
9.2500e+00    1.1314e+04 
9.2600e+00    1.1341e+04 
9.2700e+00    1.1357e+04 
9.2800e+00    1.1385e+04 
9.2900e+00    1.1395e+04 
9.3000e+00    1.1402e+04 
9.3100e+00    1.1427e+04 
9.3200e+00    1.1447e+04 
9.3300e+00    1.1446e+04 
9.3400e+00    1.1458e+04 
9.3500e+00    1.1470e+04 
9.3600e+00    1.1482e+04 
9.3700e+00    1.1478e+04 
9.3800e+00    1.1471e+04 
9.3900e+00    1.1483e+04 
9.4000e+00    1.1494e+04 
9.4100e+00    1.1541e+04 
9.4200e+00    1.1553e+04 
9.4300e+00    1.1556e+04 
9.4400e+00    1.1547e+04 
9.4500e+00    1.1548e+04 
9.4600e+00    1.1553e+04 
9.4700e+00    1.1553e+04 
9.4800e+00    1.1570e+04 
9.4900e+00    1.1584e+04 
9.5000e+00    1.1571e+04 
9.5100e+00    1.1584e+04 
9.5200e+00    1.1599e+04 
9.5300e+00    1.1601e+04 
9.5400e+00    1.1610e+04 
9.5500e+00    1.1624e+04 
9.5600e+00    1.1640e+04 
9.5700e+00    1.1646e+04 
9.5800e+00    1.1657e+04 
9.5900e+00    1.1666e+04 
9.6000e+00    1.1677e+04 
9.6100e+00    1.1700e+04 
9.6200e+00    1.1708e+04 
9.6300e+00    1.1706e+04 
9.6400e+00    1.1735e+04 
9.6500e+00    1.1740e+04 
9.6600e+00    1.1744e+04 
9.6700e+00    1.1751e+04 
9.6800e+00    1.1762e+04 
9.6900e+00    1.1781e+04 
9.7000e+00    1.1799e+04 
9.7100e+00    1.1791e+04 
9.7200e+00    1.1799e+04 
9.7300e+00    1.1808e+04 
9.7400e+00    1.1831e+04 
9.7500e+00    1.1837e+04 
9.7600e+00    1.1837e+04 
9.7700e+00    1.1841e+04 
9.7800e+00    1.1855e+04 
9.7900e+00    1.1855e+04 
9.8000e+00    1.1865e+04 
9.8100e+00    1.1868e+04 
9.8200e+00    1.1897e+04 
9.8300e+00    1.1909e+04 
9.8400e+00    1.1924e+04 
9.8500e+00    1.1928e+04 
9.8600e+00    1.1928e+04 
9.8700e+00    1.1951e+04 
9.8800e+00    1.1960e+04 
9.8900e+00    1.1972e+04 
9.9000e+00    1.1989e+04 
9.9100e+00    1.2008e+04 
9.9200e+00    1.1997e+04 
9.9300e+00    1.2026e+04 
9.9400e+00    1.2042e+04 
9.9500e+00    1.2054e+04 
9.9600e+00    1.2058e+04 
9.9700e+00    1.2071e+04 
9.9800e+00    1.2071e+04 
9.9900e+00    1.2091e+04 
1.0000e+01    1.2087e+04 
1.0010e+01    1.2104e+04 
1.0020e+01    1.2113e+04 
1.0030e+01    1.2125e+04 
1.0040e+01    1.2140e+04 
1.0050e+01    1.2154e+04 
1.0060e+01    1.2171e+04 
1.0070e+01    1.2180e+04 
1.0080e+01    1.2187e+04 
1.0090e+01    1.2181e+04 
1.0100e+01    1.2190e+04 
1.0110e+01    1.2196e+04 
1.0120e+01    1.2216e+04 
1.0130e+01    1.2229e+04 
1.0140e+01    1.2245e+04 
1.0150e+01    1.2245e+04 
1.0160e+01    1.2257e+04 
1.0170e+01    1.2266e+04 
1.0180e+01    1.2277e+04 
1.0190e+01    1.2288e+04 
1.0200e+01    1.2293e+04 
1.0210e+01    1.2281e+04 
1.0220e+01    1.2292e+04 
1.0230e+01    1.2305e+04 
1.0240e+01    1.2307e+04 
1.0250e+01    1.2313e+04 
1.0260e+01    1.2331e+04 
1.0270e+01    1.2360e+04 
1.0280e+01    1.2375e+04 
1.0290e+01    1.2386e+04 
1.0300e+01    1.2390e+04 
1.0310e+01    1.2399e+04 
1.0320e+01    1.2383e+04 
1.0330e+01    1.2400e+04 
1.0340e+01    1.2419e+04 
1.0350e+01    1.2445e+04 
1.0360e+01    1.2436e+04 
1.0370e+01    1.2457e+04 
1.0380e+01    1.2456e+04 
1.0390e+01    1.2477e+04 
1.0400e+01    1.2495e+04 
1.0410e+01    1.2512e+04 
1.0420e+01    1.2524e+04 
1.0430e+01    1.2544e+04 
1.0440e+01    1.2545e+04 
1.0450e+01    1.2554e+04 
1.0460e+01    1.2548e+04 
1.0470e+01    1.2569e+04 
1.0480e+01    1.2579e+04 
1.0490e+01    1.2595e+04 
1.0500e+01    1.2603e+04 
1.0510e+01    1.2616e+04 
1.0520e+01    1.2619e+04 
1.0530e+01    1.2624e+04 
1.0540e+01    1.2630e+04 
1.0550e+01    1.2647e+04 
1.0560e+01    1.2656e+04 
1.0570e+01    1.2664e+04 
1.0580e+01    1.2687e+04 
1.0590e+01    1.2699e+04 
1.0600e+01    1.2711e+04 
1.0610e+01    1.2732e+04 
1.0620e+01    1.2737e+04 
1.0630e+01    1.2749e+04 
1.0640e+01    1.2785e+04 
1.0650e+01    1.2795e+04 
1.0660e+01    1.2825e+04 
1.0670e+01    1.2811e+04 
1.0680e+01    1.2818e+04 
1.0690e+01    1.2828e+04 
1.0700e+01    1.2841e+04 
1.0710e+01    1.2873e+04 
1.0720e+01    1.2873e+04 
1.0730e+01    1.2903e+04 
1.0740e+01    1.2919e+04 
1.0750e+01    1.2943e+04 
1.0760e+01    1.2967e+04 
1.0770e+01    1.2967e+04 
1.0780e+01    1.2990e+04 
1.0790e+01    1.3007e+04 
1.0800e+01    1.3023e+04 
1.0810e+01    1.3027e+04 
1.0820e+01    1.3046e+04 
1.0830e+01    1.3034e+04 
1.0840e+01    1.3056e+04 
1.0850e+01    1.3071e+04 
1.0860e+01    1.3081e+04 
1.0870e+01    1.3124e+04 
1.0880e+01    1.3133e+04 
1.0890e+01    1.3141e+04 
1.0900e+01    1.3170e+04 
1.0910e+01    1.3180e+04 
1.0920e+01    1.3169e+04 
1.0930e+01    1.3165e+04 
1.0940e+01    1.3180e+04 
1.0950e+01    1.3196e+04 
1.0960e+01    1.3202e+04 
1.0970e+01    1.3235e+04 
1.0980e+01    1.3252e+04 
1.0990e+01    1.3263e+04 
1.1000e+01    1.3281e+04 
1.1010e+01    1.3279e+04 
1.1020e+01    1.3298e+04 
1.1030e+01    1.3303e+04 
1.1040e+01    1.3312e+04 
1.1050e+01    1.3315e+04 
1.1060e+01    1.3321e+04 
1.1070e+01    1.3330e+04 
1.1080e+01    1.3348e+04 
1.1090e+01    1.3364e+04 
1.1100e+01    1.3370e+04 
1.1110e+01    1.3398e+04 
1.1120e+01    1.3404e+04 
1.1130e+01    1.3415e+04 
1.1140e+01    1.3435e+04 
1.1150e+01    1.3436e+04 
1.1160e+01    1.3437e+04 
1.1170e+01    1.3466e+04 
1.1180e+01    1.3479e+04 
1.1190e+01    1.3507e+04 
1.1200e+01    1.3521e+04 
1.1210e+01    1.3530e+04 
1.1220e+01    1.3546e+04 
1.1230e+01    1.3559e+04 
1.1240e+01    1.3561e+04 
1.1250e+01    1.3594e+04 
1.1260e+01    1.3616e+04 
1.1270e+01    1.3635e+04 
1.1280e+01    1.3656e+04 
1.1290e+01    1.3676e+04 
1.1300e+01    1.3701e+04 
1.1310e+01    1.3718e+04 
1.1320e+01    1.3716e+04 
1.1330e+01    1.3737e+04 
1.1340e+01    1.3752e+04 
1.1350e+01    1.3760e+04 
1.1360e+01    1.3765e+04 
1.1370e+01    1.3766e+04 
1.1380e+01    1.3782e+04 
1.1390e+01    1.3814e+04 
1.1400e+01    1.3817e+04 
1.1410e+01    1.3855e+04 
1.1420e+01    1.3880e+04 
1.1430e+01    1.3891e+04 
1.1440e+01    1.3907e+04 
1.1450e+01    1.3924e+04 
1.1460e+01    1.3927e+04 
1.1470e+01    1.3938e+04 
1.1480e+01    1.3948e+04 
1.1490e+01    1.3959e+04 
1.1500e+01    1.3969e+04 
1.1510e+01    1.3983e+04 
1.1520e+01    1.3989e+04 
1.1530e+01    1.4017e+04 
1.1540e+01    1.4025e+04 
1.1550e+01    1.4032e+04 
1.1560e+01    1.4054e+04 
1.1570e+01    1.4048e+04 
1.1580e+01    1.4079e+04 
1.1590e+01    1.4080e+04 
1.1600e+01    1.4081e+04 
1.1610e+01    1.4100e+04 
1.1620e+01    1.4114e+04 
1.1630e+01    1.4133e+04 
1.1640e+01    1.4145e+04 
1.1650e+01    1.4174e+04 
1.1660e+01    1.4187e+04 
1.1670e+01    1.4213e+04 
1.1680e+01    1.4230e+04 
1.1690e+01    1.4236e+04 
1.1700e+01    1.4260e+04 
1.1710e+01    1.4282e+04 
1.1720e+01    1.4294e+04 
1.1730e+01    1.4292e+04 
1.1740e+01    1.4319e+04 
1.1750e+01    1.4338e+04 
1.1760e+01    1.4351e+04 
1.1770e+01    1.4348e+04 
1.1780e+01    1.4341e+04 
1.1790e+01    1.4353e+04 
1.1800e+01    1.4360e+04 
1.1810e+01    1.4369e+04 
1.1820e+01    1.4392e+04 
1.1830e+01    1.4421e+04 
1.1840e+01    1.4449e+04 
1.1850e+01    1.4453e+04 
1.1860e+01    1.4448e+04 
1.1870e+01    1.4468e+04 
1.1880e+01    1.4480e+04 
1.1890e+01    1.4485e+04 
1.1900e+01    1.4481e+04 
1.1910e+01    1.4481e+04 
1.1920e+01    1.4478e+04 
1.1930e+01    1.4492e+04 
1.1940e+01    1.4516e+04 
1.1950e+01    1.4513e+04 
1.1960e+01    1.4527e+04 
1.1970e+01    1.4553e+04 
1.1980e+01    1.4570e+04 
1.1990e+01    1.4566e+04 
1.2000e+01    1.4584e+04 
1.2010e+01    1.4594e+04 
1.2020e+01    1.4611e+04 
1.2030e+01    1.4619e+04 
1.2040e+01    1.4634e+04 
1.2050e+01    1.4637e+04 
1.2060e+01    1.4651e+04 
1.2070e+01    1.4643e+04 
1.2080e+01    1.4667e+04 
1.2090e+01    1.4698e+04 
1.2100e+01    1.4690e+04 
1.2110e+01    1.4694e+04 
1.2120e+01    1.4715e+04 
1.2130e+01    1.4731e+04 
1.2140e+01    1.4754e+04 
1.2150e+01    1.4744e+04 
1.2160e+01    1.4748e+04 
1.2170e+01    1.4773e+04 
1.2180e+01    1.4786e+04 
1.2190e+01    1.4796e+04 
1.2200e+01    1.4808e+04 
1.2210e+01    1.4790e+04 
1.2220e+01    1.4814e+04 
1.2230e+01    1.4824e+04 
1.2240e+01    1.4823e+04 
1.2250e+01    1.4838e+04 
1.2260e+01    1.4850e+04 
1.2270e+01    1.4859e+04 
1.2280e+01    1.4867e+04 
1.2290e+01    1.4884e+04 
1.2300e+01    1.4891e+04 
1.2310e+01    1.4911e+04 
1.2320e+01    1.4920e+04 
1.2330e+01    1.4932e+04 
1.2340e+01    1.4950e+04 
1.2350e+01    1.4979e+04 
1.2360e+01    1.5000e+04 
1.2370e+01    1.5014e+04 
1.2380e+01    1.5032e+04 
1.2390e+01    1.5069e+04 
1.2400e+01    1.5083e+04 
1.2410e+01    1.5115e+04 
1.2420e+01    1.5112e+04 
1.2430e+01    1.5120e+04 
1.2440e+01    1.5122e+04 
1.2450e+01    1.5138e+04 
1.2460e+01    1.5140e+04 
1.2470e+01    1.5130e+04 
1.2480e+01    1.5142e+04 
1.2490e+01    1.5160e+04 
1.2500e+01    1.5173e+04 
1.2510e+01    1.5189e+04 
1.2520e+01    1.5187e+04 
1.2530e+01    1.5189e+04 
1.2540e+01    1.5195e+04 
1.2550e+01    1.5195e+04 
1.2560e+01    1.5196e+04 
1.2570e+01    1.5207e+04 
1.2580e+01    1.5218e+04 
1.2590e+01    1.5230e+04 
1.2600e+01    1.5237e+04 
1.2610e+01    1.5266e+04 
1.2620e+01    1.5270e+04 
1.2630e+01    1.5295e+04 
1.2640e+01    1.5314e+04 
1.2650e+01    1.5347e+04 
1.2660e+01    1.5379e+04 
1.2670e+01    1.5383e+04 
1.2680e+01    1.5394e+04 
1.2690e+01    1.5411e+04 
1.2700e+01    1.5435e+04 
1.2710e+01    1.5447e+04 
1.2720e+01    1.5471e+04 
1.2730e+01    1.5483e+04 
1.2740e+01    1.5497e+04 
1.2750e+01    1.5517e+04 
1.2760e+01    1.5535e+04 
1.2770e+01    1.5520e+04 
1.2780e+01    1.5519e+04 
1.2790e+01    1.5516e+04 
1.2800e+01    1.5526e+04 
1.2810e+01    1.5535e+04 
1.2820e+01    1.5523e+04 
1.2830e+01    1.5538e+04 
1.2840e+01    1.5558e+04 
1.2850e+01    1.5589e+04 
1.2860e+01    1.5598e+04 
1.2870e+01    1.5613e+04 
1.2880e+01    1.5617e+04 
1.2890e+01    1.5644e+04 
1.2900e+01    1.5669e+04 
1.2910e+01    1.5671e+04 
1.2920e+01    1.5702e+04 
1.2930e+01    1.5699e+04 
1.2940e+01    1.5708e+04 
1.2950e+01    1.5729e+04 
1.2960e+01    1.5742e+04 
1.2970e+01    1.5766e+04 
1.2980e+01    1.5762e+04 
1.2990e+01    1.5772e+04 
1.3000e+01    1.5808e+04 
1.3010e+01    1.5815e+04 
1.3020e+01    1.5821e+04 
1.3030e+01    1.5840e+04 
1.3040e+01    1.5873e+04 
1.3050e+01    1.5881e+04 
1.3060e+01    1.5892e+04 
1.3070e+01    1.5906e+04 
1.3080e+01    1.5927e+04 
1.3090e+01    1.5947e+04 
1.3100e+01    1.5945e+04 
1.3110e+01    1.5965e+04 
1.3120e+01    1.5965e+04 
1.3130e+01    1.5978e+04 
1.3140e+01    1.5987e+04 
1.3150e+01    1.6003e+04 
1.3160e+01    1.6031e+04 
1.3170e+01    1.6040e+04 
1.3180e+01    1.6052e+04 
1.3190e+01    1.6078e+04 
1.3200e+01    1.6068e+04 
1.3210e+01    1.6081e+04 
1.3220e+01    1.6085e+04 
1.3230e+01    1.6105e+04 
1.3240e+01    1.6116e+04 
1.3250e+01    1.6121e+04 
1.3260e+01    1.6126e+04 
1.3270e+01    1.6160e+04 
1.3280e+01    1.6144e+04 
1.3290e+01    1.6147e+04 
1.3300e+01    1.6156e+04 
1.3310e+01    1.6182e+04 
1.3320e+01    1.6177e+04 
1.3330e+01    1.6195e+04 
1.3340e+01    1.6224e+04 
1.3350e+01    1.6252e+04 
1.3360e+01    1.6258e+04 
1.3370e+01    1.6265e+04 
1.3380e+01    1.6293e+04 
1.3390e+01    1.6303e+04 
1.3400e+01    1.6330e+04 
1.3410e+01    1.6333e+04 
1.3420e+01    1.6359e+04 
1.3430e+01    1.6370e+04 
1.3440e+01    1.6362e+04 
1.3450e+01    1.6360e+04 
1.3460e+01    1.6374e+04 
1.3470e+01    1.6394e+04 
1.3480e+01    1.6411e+04 
1.3490e+01    1.6435e+04 
1.3500e+01    1.6442e+04 
1.3510e+01    1.6460e+04 
1.3520e+01    1.6474e+04 
1.3530e+01    1.6483e+04 
1.3540e+01    1.6500e+04 
1.3550e+01    1.6519e+04 
1.3560e+01    1.6509e+04 
1.3570e+01    1.6500e+04 
1.3580e+01    1.6499e+04 
1.3590e+01    1.6530e+04 
1.3600e+01    1.6532e+04 
1.3610e+01    1.6536e+04 
1.3620e+01    1.6534e+04 
1.3630e+01    1.6531e+04 
1.3640e+01    1.6536e+04 
1.3650e+01    1.6529e+04 
1.3660e+01    1.6544e+04 
1.3670e+01    1.6560e+04 
1.3680e+01    1.6567e+04 
1.3690e+01    1.6573e+04 
1.3700e+01    1.6586e+04 
1.3710e+01    1.6590e+04 
1.3720e+01    1.6605e+04 
1.3730e+01    1.6629e+04 
1.3740e+01    1.6653e+04 
1.3750e+01    1.6628e+04 
1.3760e+01    1.6637e+04 
1.3770e+01    1.6655e+04 
1.3780e+01    1.6652e+04 
1.3790e+01    1.6662e+04 
1.3800e+01    1.6691e+04 
1.3810e+01    1.6698e+04 
1.3820e+01    1.6717e+04 
1.3830e+01    1.6744e+04 
1.3840e+01    1.6748e+04 
1.3850e+01    1.6754e+04 
1.3860e+01    1.6787e+04 
1.3870e+01    1.6806e+04 
1.3880e+01    1.6819e+04 
1.3890e+01    1.6839e+04 
1.3900e+01    1.6843e+04 
1.3910e+01    1.6851e+04 
1.3920e+01    1.6864e+04 
1.3930e+01    1.6864e+04 
1.3940e+01    1.6872e+04 
1.3950e+01    1.6892e+04 
1.3960e+01    1.6891e+04 
1.3970e+01    1.6912e+04 
1.3980e+01    1.6920e+04 
1.3990e+01    1.6931e+04 
1.4000e+01    1.6978e+04 
1.4010e+01    1.6986e+04 
1.4020e+01    1.7006e+04 
1.4030e+01    1.7011e+04 
1.4040e+01    1.7026e+04 
1.4050e+01    1.7047e+04 
1.4060e+01    1.7051e+04 
1.4070e+01    1.7072e+04 
1.4080e+01    1.7090e+04 
1.4090e+01    1.7092e+04 
1.4100e+01    1.7106e+04 
1.4110e+01    1.7113e+04 
1.4120e+01    1.7132e+04 
1.4130e+01    1.7144e+04 
1.4140e+01    1.7146e+04 
1.4150e+01    1.7147e+04 
1.4160e+01    1.7177e+04 
1.4170e+01    1.7181e+04 
1.4180e+01    1.7198e+04 
1.4190e+01    1.7211e+04 
1.4200e+01    1.7227e+04 
1.4210e+01    1.7245e+04 
1.4220e+01    1.7271e+04 
1.4230e+01    1.7285e+04 
1.4240e+01    1.7283e+04 
1.4250e+01    1.7298e+04 
1.4260e+01    1.7303e+04 
1.4270e+01    1.7304e+04 
1.4280e+01    1.7326e+04 
1.4290e+01    1.7364e+04 
1.4300e+01    1.7363e+04 
1.4310e+01    1.7384e+04 
1.4320e+01    1.7390e+04 
1.4330e+01    1.7422e+04 
1.4340e+01    1.7443e+04 
1.4350e+01    1.7470e+04 
1.4360e+01    1.7483e+04 
1.4370e+01    1.7506e+04 
1.4380e+01    1.7511e+04 
1.4390e+01    1.7503e+04 
1.4400e+01    1.7518e+04 
1.4410e+01    1.7532e+04 
1.4420e+01    1.7535e+04 
1.4430e+01    1.7552e+04 
1.4440e+01    1.7558e+04 
1.4450e+01    1.7566e+04 
1.4460e+01    1.7570e+04 
1.4470e+01    1.7566e+04 
1.4480e+01    1.7575e+04 
1.4490e+01    1.7580e+04 
1.4500e+01    1.7599e+04 
1.4510e+01    1.7625e+04 
1.4520e+01    1.7652e+04 
1.4530e+01    1.7677e+04 
1.4540e+01    1.7699e+04 
1.4550e+01    1.7717e+04 
1.4560e+01    1.7737e+04 
1.4570e+01    1.7746e+04 
1.4580e+01    1.7725e+04 
1.4590e+01    1.7738e+04 
1.4600e+01    1.7743e+04 
1.4610e+01    1.7744e+04 
1.4620e+01    1.7741e+04 
1.4630e+01    1.7754e+04 
1.4640e+01    1.7771e+04 
1.4650e+01    1.7781e+04 
1.4660e+01    1.7785e+04 
1.4670e+01    1.7785e+04 
1.4680e+01    1.7792e+04 
1.4690e+01    1.7827e+04 
1.4700e+01    1.7845e+04 
1.4710e+01    1.7842e+04 
1.4720e+01    1.7858e+04 
1.4730e+01    1.7869e+04 
1.4740e+01    1.7898e+04 
1.4750e+01    1.7919e+04 
1.4760e+01    1.7928e+04 
1.4770e+01    1.7944e+04 
1.4780e+01    1.7940e+04 
1.4790e+01    1.7958e+04 
1.4800e+01    1.7960e+04 
1.4810e+01    1.7951e+04 
1.4820e+01    1.7961e+04 
1.4830e+01    1.7955e+04 
1.4840e+01    1.7970e+04 
1.4850e+01    1.8001e+04 
1.4860e+01    1.8021e+04 
1.4870e+01    1.8034e+04 
1.4880e+01    1.8041e+04 
1.4890e+01    1.8065e+04 
1.4900e+01    1.8068e+04 
1.4910e+01    1.8079e+04 
1.4920e+01    1.8099e+04 
1.4930e+01    1.8118e+04 
1.4940e+01    1.8143e+04 
1.4950e+01    1.8184e+04 
1.4960e+01    1.8181e+04 
1.4970e+01    1.8217e+04 
1.4980e+01    1.8232e+04 
1.4990e+01    1.8241e+04 
1.5000e+01    1.8261e+04 
1.5010e+01    1.8287e+04 
1.5020e+01    1.8304e+04 
1.5030e+01    1.8328e+04 
1.5040e+01    1.8333e+04 
1.5050e+01    1.8317e+04 
1.5060e+01    1.8318e+04 
1.5070e+01    1.8339e+04 
1.5080e+01    1.8337e+04 
1.5090e+01    1.8352e+04 
1.5100e+01    1.8390e+04 
1.5110e+01    1.8397e+04 
1.5120e+01    1.8384e+04 
1.5130e+01    1.8409e+04 
1.5140e+01    1.8431e+04 
1.5150e+01    1.8464e+04 
1.5160e+01    1.8485e+04 
1.5170e+01    1.8536e+04 
1.5180e+01    1.8558e+04 
1.5190e+01    1.8579e+04 
1.5200e+01    1.8574e+04 
1.5210e+01    1.8583e+04 
1.5220e+01    1.8585e+04 
1.5230e+01    1.8586e+04 
1.5240e+01    1.8591e+04 
1.5250e+01    1.8595e+04 
1.5260e+01    1.8625e+04 
1.5270e+01    1.8641e+04 
1.5280e+01    1.8641e+04 
1.5290e+01    1.8671e+04 
1.5300e+01    1.8684e+04 
1.5310e+01    1.8680e+04 
1.5320e+01    1.8693e+04 
1.5330e+01    1.8712e+04 
1.5340e+01    1.8722e+04 
1.5350e+01    1.8730e+04 
1.5360e+01    1.8745e+04 
1.5370e+01    1.8756e+04 
1.5380e+01    1.8783e+04 
1.5390e+01    1.8818e+04 
1.5400e+01    1.8821e+04 
1.5410e+01    1.8845e+04 
1.5420e+01    1.8860e+04 
1.5430e+01    1.8868e+04 
1.5440e+01    1.8877e+04 
1.5450e+01    1.8908e+04 
1.5460e+01    1.8902e+04 
1.5470e+01    1.8897e+04 
1.5480e+01    1.8944e+04 
1.5490e+01    1.8966e+04 
1.5500e+01    1.8953e+04 
1.5510e+01    1.8953e+04 
1.5520e+01    1.8968e+04 
1.5530e+01    1.8978e+04 
1.5540e+01    1.9009e+04 
1.5550e+01    1.9014e+04 
1.5560e+01    1.9047e+04 
1.5570e+01    1.9044e+04 
1.5580e+01    1.9077e+04 
1.5590e+01    1.9073e+04 
1.5600e+01    1.9102e+04 
1.5610e+01    1.9107e+04 
1.5620e+01    1.9143e+04 
1.5630e+01    1.9160e+04 
1.5640e+01    1.9172e+04 
1.5650e+01    1.9182e+04 
1.5660e+01    1.9176e+04 
1.5670e+01    1.9178e+04 
1.5680e+01    1.9175e+04 
1.5690e+01    1.9170e+04 
1.5700e+01    1.9196e+04 
1.5710e+01    1.9224e+04 
1.5720e+01    1.9229e+04 
1.5730e+01    1.9227e+04 
1.5740e+01    1.9240e+04 
1.5750e+01    1.9282e+04 
1.5760e+01    1.9320e+04 
1.5770e+01    1.9311e+04 
1.5780e+01    1.9325e+04 
1.5790e+01    1.9343e+04 
1.5800e+01    1.9349e+04 
1.5810e+01    1.9377e+04 
1.5820e+01    1.9417e+04 
1.5830e+01    1.9434e+04 
1.5840e+01    1.9446e+04 
1.5850e+01    1.9472e+04 
1.5860e+01    1.9509e+04 
1.5870e+01    1.9523e+04 
1.5880e+01    1.9545e+04 
1.5890e+01    1.9559e+04 
1.5900e+01    1.9571e+04 
1.5910e+01    1.9592e+04 
1.5920e+01    1.9598e+04 
1.5930e+01    1.9639e+04 
1.5940e+01    1.9632e+04 
1.5950e+01    1.9634e+04 
1.5960e+01    1.9659e+04 
1.5970e+01    1.9672e+04 
1.5980e+01    1.9690e+04 
1.5990e+01    1.9714e+04 
1.6000e+01    1.9712e+04 
1.6010e+01    1.9744e+04 
1.6020e+01    1.9735e+04 
1.6030e+01    1.9775e+04 
1.6040e+01    1.9793e+04 
1.6050e+01    1.9804e+04 
1.6060e+01    1.9837e+04 
1.6070e+01    1.9849e+04 
1.6080e+01    1.9880e+04 
1.6090e+01    1.9880e+04 
1.6100e+01    1.9910e+04 
1.6110e+01    1.9928e+04 
1.6120e+01    1.9955e+04 
1.6130e+01    1.9999e+04 
1.6140e+01    2.0010e+04 
1.6150e+01    2.0037e+04 
1.6160e+01    2.0059e+04 
1.6170e+01    2.0076e+04 
1.6180e+01    2.0099e+04 
1.6190e+01    2.0109e+04 
1.6200e+01    2.0131e+04 
1.6210e+01    2.0157e+04 
1.6220e+01    2.0169e+04 
1.6230e+01    2.0169e+04 
1.6240e+01    2.0163e+04 
1.6250e+01    2.0174e+04 
1.6260e+01    2.0158e+04 
1.6270e+01    2.0180e+04 
1.6280e+01    2.0206e+04 
1.6290e+01    2.0239e+04 
1.6300e+01    2.0251e+04 
1.6310e+01    2.0261e+04 
1.6320e+01    2.0259e+04 
1.6330e+01    2.0286e+04 
1.6340e+01    2.0290e+04 
1.6350e+01    2.0302e+04 
1.6360e+01    2.0317e+04 
1.6370e+01    2.0344e+04 
1.6380e+01    2.0372e+04 
1.6390e+01    2.0371e+04 
1.6400e+01    2.0395e+04 
1.6410e+01    2.0418e+04 
1.6420e+01    2.0408e+04 
1.6430e+01    2.0424e+04 
1.6440e+01    2.0407e+04 
1.6450e+01    2.0399e+04 
1.6460e+01    2.0433e+04 
1.6470e+01    2.0456e+04 
1.6480e+01    2.0476e+04 
1.6490e+01    2.0512e+04 
1.6500e+01    2.0522e+04 
1.6510e+01    2.0545e+04 
1.6520e+01    2.0558e+04 
1.6530e+01    2.0585e+04 
1.6540e+01    2.0598e+04 
1.6550e+01    2.0624e+04 
1.6560e+01    2.0635e+04 
1.6570e+01    2.0627e+04 
1.6580e+01    2.0647e+04 
1.6590e+01    2.0638e+04 
1.6600e+01    2.0643e+04 
1.6610e+01    2.0639e+04 
1.6620e+01    2.0648e+04 
1.6630e+01    2.0647e+04 
1.6640e+01    2.0659e+04 
1.6650e+01    2.0650e+04 
1.6660e+01    2.0655e+04 
1.6670e+01    2.0671e+04 
1.6680e+01    2.0694e+04 
1.6690e+01    2.0712e+04 
1.6700e+01    2.0733e+04 
1.6710e+01    2.0743e+04 
1.6720e+01    2.0761e+04 
1.6730e+01    2.0774e+04 
1.6740e+01    2.0816e+04 
1.6750e+01    2.0833e+04 
1.6760e+01    2.0854e+04 
1.6770e+01    2.0851e+04 
1.6780e+01    2.0888e+04 
1.6790e+01    2.0884e+04 
1.6800e+01    2.0894e+04 
1.6810e+01    2.0917e+04 
1.6820e+01    2.0933e+04 
1.6830e+01    2.0922e+04 
1.6840e+01    2.0916e+04 
1.6850e+01    2.0917e+04 
1.6860e+01    2.0938e+04 
1.6870e+01    2.0935e+04 
1.6880e+01    2.0939e+04 
1.6890e+01    2.0968e+04 
1.6900e+01    2.0990e+04 
1.6910e+01    2.0982e+04 
1.6920e+01    2.0990e+04 
1.6930e+01    2.1004e+04 
1.6940e+01    2.1027e+04 
1.6950e+01    2.1030e+04 
1.6960e+01    2.1046e+04 
1.6970e+01    2.1069e+04 
1.6980e+01    2.1091e+04 
1.6990e+01    2.1110e+04 
1.7000e+01    2.1127e+04 
1.7010e+01    2.1144e+04 
1.7020e+01    2.1150e+04 
1.7030e+01    2.1146e+04 
1.7040e+01    2.1154e+04 
1.7050e+01    2.1133e+04 
1.7060e+01    2.1134e+04 
1.7070e+01    2.1144e+04 
1.7080e+01    2.1163e+04 
1.7090e+01    2.1179e+04 
1.7100e+01    2.1203e+04 
1.7110e+01    2.1221e+04 
1.7120e+01    2.1222e+04 
1.7130e+01    2.1226e+04 
1.7140e+01    2.1234e+04 
1.7150e+01    2.1250e+04 
1.7160e+01    2.1288e+04 
1.7170e+01    2.1302e+04 
1.7180e+01    2.1310e+04 
1.7190e+01    2.1319e+04 
1.7200e+01    2.1334e+04 
1.7210e+01    2.1333e+04 
1.7220e+01    2.1326e+04 
1.7230e+01    2.1357e+04 
1.7240e+01    2.1361e+04 
1.7250e+01    2.1405e+04 
1.7260e+01    2.1407e+04 
1.7270e+01    2.1426e+04 
1.7280e+01    2.1483e+04 
1.7290e+01    2.1492e+04 
1.7300e+01    2.1494e+04 
1.7310e+01    2.1503e+04 
1.7320e+01    2.1509e+04 
1.7330e+01    2.1517e+04 
1.7340e+01    2.1510e+04 
1.7350e+01    2.1512e+04 
1.7360e+01    2.1510e+04 
1.7370e+01    2.1525e+04 
1.7380e+01    2.1540e+04 
1.7390e+01    2.1539e+04 
1.7400e+01    2.1563e+04 
1.7410e+01    2.1579e+04 
1.7420e+01    2.1610e+04 
1.7430e+01    2.1631e+04 
1.7440e+01    2.1656e+04 
1.7450e+01    2.1683e+04 
1.7460e+01    2.1682e+04 
1.7470e+01    2.1691e+04 
1.7480e+01    2.1705e+04 
1.7490e+01    2.1728e+04 
1.7500e+01    2.1738e+04 
1.7510e+01    2.1752e+04 
1.7520e+01    2.1761e+04 
1.7530e+01    2.1774e+04 
1.7540e+01    2.1749e+04 
1.7550e+01    2.1757e+04 
1.7560e+01    2.1757e+04 
1.7570e+01    2.1746e+04 
1.7580e+01    2.1753e+04 
1.7590e+01    2.1782e+04 
1.7600e+01    2.1811e+04 
1.7610e+01    2.1813e+04 
1.7620e+01    2.1838e+04 
1.7630e+01    2.1848e+04 
1.7640e+01    2.1887e+04 
1.7650e+01    2.1897e+04 
1.7660e+01    2.1914e+04 
1.7670e+01    2.1932e+04 
1.7680e+01    2.1948e+04 
1.7690e+01    2.1964e+04 
1.7700e+01    2.1995e+04 
1.7710e+01    2.2010e+04 
1.7720e+01    2.2026e+04 
1.7730e+01    2.2031e+04 
1.7740e+01    2.2036e+04 
1.7750e+01    2.2050e+04 
1.7760e+01    2.2065e+04 
1.7770e+01    2.2078e+04 
1.7780e+01    2.2096e+04 
1.7790e+01    2.2115e+04 
1.7800e+01    2.2126e+04 
1.7810e+01    2.2137e+04 
1.7820e+01    2.2152e+04 
1.7830e+01    2.2159e+04 
1.7840e+01    2.2161e+04 
1.7850e+01    2.2161e+04 
1.7860e+01    2.2158e+04 
1.7870e+01    2.2200e+04 
1.7880e+01    2.2214e+04 
1.7890e+01    2.2224e+04 
1.7900e+01    2.2232e+04 
1.7910e+01    2.2237e+04 
1.7920e+01    2.2249e+04 
1.7930e+01    2.2266e+04 
1.7940e+01    2.2247e+04 
1.7950e+01    2.2254e+04 
1.7960e+01    2.2299e+04 
1.7970e+01    2.2308e+04 
1.7980e+01    2.2322e+04 
1.7990e+01    2.2345e+04 
1.8000e+01    2.2364e+04 
1.8010e+01    2.2339e+04 
1.8020e+01    2.2350e+04 
1.8030e+01    2.2372e+04 
1.8040e+01    2.2403e+04 
1.8050e+01    2.2406e+04 
1.8060e+01    2.2422e+04 
1.8070e+01    2.2421e+04 
1.8080e+01    2.2444e+04 
1.8090e+01    2.2440e+04 
1.8100e+01    2.2452e+04 
1.8110e+01    2.2476e+04 
1.8120e+01    2.2470e+04 
1.8130e+01    2.2482e+04 
1.8140e+01    2.2515e+04 
1.8150e+01    2.2512e+04 
1.8160e+01    2.2555e+04 
1.8170e+01    2.2550e+04 
1.8180e+01    2.2570e+04 
1.8190e+01    2.2594e+04 
1.8200e+01    2.2613e+04 
1.8210e+01    2.2644e+04 
1.8220e+01    2.2659e+04 
1.8230e+01    2.2668e+04 
1.8240e+01    2.2691e+04 
1.8250e+01    2.2687e+04 
1.8260e+01    2.2672e+04 
1.8270e+01    2.2686e+04 
1.8280e+01    2.2681e+04 
1.8290e+01    2.2724e+04 
1.8300e+01    2.2739e+04 
1.8310e+01    2.2754e+04 
1.8320e+01    2.2750e+04 
1.8330e+01    2.2761e+04 
1.8340e+01    2.2751e+04 
1.8350e+01    2.2775e+04 
1.8360e+01    2.2780e+04 
1.8370e+01    2.2790e+04 
1.8380e+01    2.2784e+04 
1.8390e+01    2.2794e+04 
1.8400e+01    2.2807e+04 
1.8410e+01    2.2805e+04 
1.8420e+01    2.2817e+04 
1.8430e+01    2.2817e+04 
1.8440e+01    2.2822e+04 
1.8450e+01    2.2821e+04 
1.8460e+01    2.2829e+04 
1.8470e+01    2.2842e+04 
1.8480e+01    2.2842e+04 
1.8490e+01    2.2881e+04 
1.8500e+01    2.2908e+04 
1.8510e+01    2.2922e+04 
1.8520e+01    2.2950e+04 
1.8530e+01    2.2950e+04 
1.8540e+01    2.2984e+04 
1.8550e+01    2.2996e+04 
1.8560e+01    2.2994e+04 
1.8570e+01    2.2993e+04 
1.8580e+01    2.3007e+04 
1.8590e+01    2.3015e+04 
1.8600e+01    2.3015e+04 
1.8610e+01    2.3042e+04 
1.8620e+01    2.3045e+04 
1.8630e+01    2.3056e+04 
1.8640e+01    2.3091e+04 
1.8650e+01    2.3103e+04 
1.8660e+01    2.3105e+04 
1.8670e+01    2.3127e+04 
1.8680e+01    2.3157e+04 
1.8690e+01    2.3149e+04 
1.8700e+01    2.3166e+04 
1.8710e+01    2.3181e+04 
1.8720e+01    2.3195e+04 
1.8730e+01    2.3186e+04 
1.8740e+01    2.3196e+04 
1.8750e+01    2.3205e+04 
1.8760e+01    2.3235e+04 
1.8770e+01    2.3228e+04 
1.8780e+01    2.3231e+04 
1.8790e+01    2.3252e+04 
1.8800e+01    2.3255e+04 
1.8810e+01    2.3270e+04 
1.8820e+01    2.3266e+04 
1.8830e+01    2.3267e+04 
1.8840e+01    2.3256e+04 
1.8850e+01    2.3268e+04 
1.8860e+01    2.3283e+04 
1.8870e+01    2.3307e+04 
1.8880e+01    2.3306e+04 
1.8890e+01    2.3318e+04 
1.8900e+01    2.3315e+04 
1.8910e+01    2.3320e+04 
1.8920e+01    2.3302e+04 
1.8930e+01    2.3324e+04 
1.8940e+01    2.3340e+04 
1.8950e+01    2.3375e+04 
1.8960e+01    2.3418e+04 
1.8970e+01    2.3432e+04 
1.8980e+01    2.3453e+04 
1.8990e+01    2.3458e+04 
1.9000e+01    2.3473e+04 
1.9010e+01    2.3471e+04 
1.9020e+01    2.3494e+04 
1.9030e+01    2.3500e+04 
1.9040e+01    2.3534e+04 
1.9050e+01    2.3547e+04 
1.9060e+01    2.3560e+04 
1.9070e+01    2.3550e+04 
1.9080e+01    2.3587e+04 
1.9090e+01    2.3594e+04 
1.9100e+01    2.3616e+04 
1.9110e+01    2.3633e+04 
1.9120e+01    2.3654e+04 
1.9130e+01    2.3666e+04 
1.9140e+01    2.3674e+04 
1.9150e+01    2.3685e+04 
1.9160e+01    2.3701e+04 
1.9170e+01    2.3710e+04 
1.9180e+01    2.3717e+04 
1.9190e+01    2.3734e+04 
1.9200e+01    2.3748e+04 
1.9210e+01    2.3771e+04 
1.9220e+01    2.3802e+04 
1.9230e+01    2.3795e+04 
1.9240e+01    2.3830e+04 
1.9250e+01    2.3849e+04 
1.9260e+01    2.3860e+04 
1.9270e+01    2.3874e+04 
1.9280e+01    2.3891e+04 
1.9290e+01    2.3899e+04 
1.9300e+01    2.3893e+04 
1.9310e+01    2.3911e+04 
1.9320e+01    2.3926e+04 
1.9330e+01    2.3936e+04 
1.9340e+01    2.3970e+04 
1.9350e+01    2.4002e+04 
1.9360e+01    2.4010e+04 
1.9370e+01    2.4036e+04 
1.9380e+01    2.4077e+04 
1.9390e+01    2.4096e+04 
1.9400e+01    2.4117e+04 
1.9410e+01    2.4147e+04 
1.9420e+01    2.4194e+04 
1.9430e+01    2.4188e+04 
1.9440e+01    2.4215e+04 
1.9450e+01    2.4249e+04 
1.9460e+01    2.4247e+04 
1.9470e+01    2.4253e+04 
1.9480e+01    2.4256e+04 
1.9490e+01    2.4289e+04 
1.9500e+01    2.4266e+04 
1.9510e+01    2.4275e+04 
1.9520e+01    2.4294e+04 
1.9530e+01    2.4312e+04 
1.9540e+01    2.4306e+04 
1.9550e+01    2.4316e+04 
1.9560e+01    2.4328e+04 
1.9570e+01    2.4354e+04 
1.9580e+01    2.4354e+04 
1.9590e+01    2.4373e+04 
1.9600e+01    2.4393e+04 
1.9610e+01    2.4402e+04 
1.9620e+01    2.4434e+04 
1.9630e+01    2.4425e+04 
1.9640e+01    2.4440e+04 
1.9650e+01    2.4461e+04 
1.9660e+01    2.4497e+04 
1.9670e+01    2.4526e+04 
1.9680e+01    2.4529e+04 
1.9690e+01    2.4543e+04 
1.9700e+01    2.4586e+04 
1.9710e+01    2.4589e+04 
1.9720e+01    2.4611e+04 
1.9730e+01    2.4617e+04 
1.9740e+01    2.4660e+04 
1.9750e+01    2.4666e+04 
1.9760e+01    2.4679e+04 
1.9770e+01    2.4696e+04 
1.9780e+01    2.4695e+04 
1.9790e+01    2.4698e+04 
1.9800e+01    2.4705e+04 
1.9810e+01    2.4680e+04 
1.9820e+01    2.4708e+04 
1.9830e+01    2.4717e+04 
1.9840e+01    2.4713e+04 
1.9850e+01    2.4749e+04 
1.9860e+01    2.4775e+04 
1.9870e+01    2.4787e+04 
1.9880e+01    2.4783e+04 
1.9890e+01    2.4817e+04 
1.9900e+01    2.4839e+04 
1.9910e+01    2.4864e+04 
1.9920e+01    2.4882e+04 
1.9930e+01    2.4898e+04 
1.9940e+01    2.4911e+04 
1.9950e+01    2.4919e+04 
1.9960e+01    2.4957e+04 
1.9970e+01    2.4976e+04 
1.9980e+01    2.4982e+04 
1.9990e+01    2.4981e+04 
2.0000e+01    2.5004e+04 
2.0010e+01    2.5001e+04 
2.0020e+01    2.5021e+04 
2.0030e+01    2.5042e+04 
2.0040e+01    2.5062e+04 
2.0050e+01    2.5058e+04 
2.0060e+01    2.5082e+04 
2.0070e+01    2.5100e+04 
2.0080e+01    2.5096e+04 
2.0090e+01    2.5082e+04 
2.0100e+01    2.5081e+04 
2.0110e+01    2.5085e+04 
2.0120e+01    2.5098e+04 
2.0130e+01    2.5112e+04 
2.0140e+01    2.5100e+04 
2.0150e+01    2.5108e+04 
2.0160e+01    2.5125e+04 
2.0170e+01    2.5144e+04 
2.0180e+01    2.5157e+04 
2.0190e+01    2.5174e+04 
2.0200e+01    2.5182e+04 
2.0210e+01    2.5180e+04 
2.0220e+01    2.5211e+04 
2.0230e+01    2.5207e+04 
2.0240e+01    2.5211e+04 
2.0250e+01    2.5250e+04 
2.0260e+01    2.5258e+04 
2.0270e+01    2.5253e+04 
2.0280e+01    2.5288e+04 
2.0290e+01    2.5306e+04 
2.0300e+01    2.5318e+04 
2.0310e+01    2.5341e+04 
2.0320e+01    2.5358e+04 
2.0330e+01    2.5393e+04 
2.0340e+01    2.5386e+04 
2.0350e+01    2.5391e+04 
2.0360e+01    2.5391e+04 
2.0370e+01    2.5434e+04 
2.0380e+01    2.5456e+04 
2.0390e+01    2.5464e+04 
2.0400e+01    2.5474e+04 
2.0410e+01    2.5514e+04 
2.0420e+01    2.5534e+04 
2.0430e+01    2.5568e+04 
2.0440e+01    2.5572e+04 
2.0450e+01    2.5581e+04 
2.0460e+01    2.5582e+04 
2.0470e+01    2.5609e+04 
2.0480e+01    2.5612e+04 
2.0490e+01    2.5616e+04 
2.0500e+01    2.5628e+04 
2.0510e+01    2.5671e+04 
2.0520e+01    2.5659e+04 
2.0530e+01    2.5673e+04 
2.0540e+01    2.5705e+04 
2.0550e+01    2.5714e+04 
2.0560e+01    2.5702e+04 
2.0570e+01    2.5709e+04 
2.0580e+01    2.5704e+04 
2.0590e+01    2.5717e+04 
2.0600e+01    2.5765e+04 
2.0610e+01    2.5776e+04 
2.0620e+01    2.5767e+04 
2.0630e+01    2.5781e+04 
2.0640e+01    2.5810e+04 
2.0650e+01    2.5834e+04 
2.0660e+01    2.5848e+04 
2.0670e+01    2.5857e+04 
2.0680e+01    2.5869e+04 
2.0690e+01    2.5887e+04 
2.0700e+01    2.5886e+04 
2.0710e+01    2.5884e+04 
2.0720e+01    2.5889e+04 
2.0730e+01    2.5887e+04 
2.0740e+01    2.5931e+04 
2.0750e+01    2.5951e+04 
2.0760e+01    2.5964e+04 
2.0770e+01    2.5978e+04 
2.0780e+01    2.5981e+04 
2.0790e+01    2.6016e+04 
2.0800e+01    2.6016e+04 
2.0810e+01    2.6005e+04 
2.0820e+01    2.6020e+04 
2.0830e+01    2.6023e+04 
2.0840e+01    2.6036e+04 
2.0850e+01    2.6052e+04 
2.0860e+01    2.6075e+04 
2.0870e+01    2.6097e+04 
2.0880e+01    2.6135e+04 
2.0890e+01    2.6138e+04 
2.0900e+01    2.6139e+04 
2.0910e+01    2.6140e+04 
2.0920e+01    2.6143e+04 
2.0930e+01    2.6177e+04 
2.0940e+01    2.6201e+04 
2.0950e+01    2.6209e+04 
2.0960e+01    2.6213e+04 
2.0970e+01    2.6224e+04 
2.0980e+01    2.6226e+04 
2.0990e+01    2.6252e+04 
2.1000e+01    2.6257e+04 
2.1010e+01    2.6261e+04 
2.1020e+01    2.6272e+04 
2.1030e+01    2.6280e+04 
2.1040e+01    2.6285e+04 
2.1050e+01    2.6262e+04 
2.1060e+01    2.6279e+04 
2.1070e+01    2.6329e+04 
2.1080e+01    2.6334e+04 
2.1090e+01    2.6343e+04 
2.1100e+01    2.6352e+04 
2.1110e+01    2.6363e+04 
2.1120e+01    2.6368e+04 
2.1130e+01    2.6384e+04 
2.1140e+01    2.6416e+04 
2.1150e+01    2.6389e+04 
2.1160e+01    2.6384e+04 
2.1170e+01    2.6412e+04 
2.1180e+01    2.6431e+04 
2.1190e+01    2.6445e+04 
2.1200e+01    2.6478e+04 
2.1210e+01    2.6465e+04 
2.1220e+01    2.6483e+04 
2.1230e+01    2.6524e+04 
2.1240e+01    2.6554e+04 
2.1250e+01    2.6602e+04 
2.1260e+01    2.6606e+04 
2.1270e+01    2.6606e+04 
2.1280e+01    2.6628e+04 
2.1290e+01    2.6629e+04 
2.1300e+01    2.6646e+04 
2.1310e+01    2.6649e+04 
2.1320e+01    2.6657e+04 
2.1330e+01    2.6653e+04 
2.1340e+01    2.6661e+04 
2.1350e+01    2.6673e+04 
2.1360e+01    2.6708e+04 
2.1370e+01    2.6738e+04 
2.1380e+01    2.6737e+04 
2.1390e+01    2.6774e+04 
2.1400e+01    2.6769e+04 
2.1410e+01    2.6773e+04 
2.1420e+01    2.6774e+04 
2.1430e+01    2.6801e+04 
2.1440e+01    2.6816e+04 
2.1450e+01    2.6823e+04 
2.1460e+01    2.6864e+04 
2.1470e+01    2.6853e+04 
2.1480e+01    2.6871e+04 
2.1490e+01    2.6879e+04 
2.1500e+01    2.6901e+04 
2.1510e+01    2.6924e+04 
2.1520e+01    2.6948e+04 
2.1530e+01    2.6962e+04 
2.1540e+01    2.6949e+04 
2.1550e+01    2.6928e+04 
2.1560e+01    2.6934e+04 
2.1570e+01    2.6947e+04 
2.1580e+01    2.6965e+04 
2.1590e+01    2.6988e+04 
2.1600e+01    2.7019e+04 
2.1610e+01    2.7017e+04 
2.1620e+01    2.7031e+04 
2.1630e+01    2.7049e+04 
2.1640e+01    2.7068e+04 
2.1650e+01    2.7081e+04 
2.1660e+01    2.7078e+04 
2.1670e+01    2.7079e+04 
2.1680e+01    2.7101e+04 
2.1690e+01    2.7126e+04 
2.1700e+01    2.7145e+04 
2.1710e+01    2.7153e+04 
2.1720e+01    2.7168e+04 
2.1730e+01    2.7196e+04 
2.1740e+01    2.7209e+04 
2.1750e+01    2.7190e+04 
2.1760e+01    2.7194e+04 
2.1770e+01    2.7213e+04 
2.1780e+01    2.7246e+04 
2.1790e+01    2.7265e+04 
2.1800e+01    2.7277e+04 
2.1810e+01    2.7296e+04 
2.1820e+01    2.7309e+04 
2.1830e+01    2.7315e+04 
2.1840e+01    2.7303e+04 
2.1850e+01    2.7327e+04 
2.1860e+01    2.7360e+04 
2.1870e+01    2.7378e+04 
2.1880e+01    2.7361e+04 
2.1890e+01    2.7377e+04 
2.1900e+01    2.7387e+04 
2.1910e+01    2.7411e+04 
2.1920e+01    2.7445e+04 
2.1930e+01    2.7470e+04 
2.1940e+01    2.7490e+04 
2.1950e+01    2.7505e+04 
2.1960e+01    2.7518e+04 
2.1970e+01    2.7524e+04 
2.1980e+01    2.7505e+04 
2.1990e+01    2.7501e+04 
2.2000e+01    2.7505e+04 
2.2010e+01    2.7525e+04 
2.2020e+01    2.7528e+04 
2.2030e+01    2.7560e+04 
2.2040e+01    2.7572e+04 
2.2050e+01    2.7582e+04 
2.2060e+01    2.7599e+04 
2.2070e+01    2.7614e+04 
2.2080e+01    2.7612e+04 
2.2090e+01    2.7599e+04 
2.2100e+01    2.7630e+04 
2.2110e+01    2.7635e+04 
2.2120e+01    2.7661e+04 
2.2130e+01    2.7659e+04 
2.2140e+01    2.7667e+04 
2.2150e+01    2.7670e+04 
2.2160e+01    2.7661e+04 
2.2170e+01    2.7676e+04 
2.2180e+01    2.7681e+04 
2.2190e+01    2.7685e+04 
2.2200e+01    2.7709e+04 
2.2210e+01    2.7707e+04 
2.2220e+01    2.7719e+04 
2.2230e+01    2.7724e+04 
2.2240e+01    2.7723e+04 
2.2250e+01    2.7753e+04 
2.2260e+01    2.7767e+04 
2.2270e+01    2.7766e+04 
2.2280e+01    2.7771e+04 
2.2290e+01    2.7792e+04 
2.2300e+01    2.7810e+04 
2.2310e+01    2.7822e+04 
2.2320e+01    2.7841e+04 
2.2330e+01    2.7866e+04 
2.2340e+01    2.7899e+04 
2.2350e+01    2.7906e+04 
2.2360e+01    2.7905e+04 
2.2370e+01    2.7920e+04 
2.2380e+01    2.7924e+04 
2.2390e+01    2.7946e+04 
2.2400e+01    2.7977e+04 
2.2410e+01    2.7976e+04 
2.2420e+01    2.7977e+04 
2.2430e+01    2.7995e+04 
2.2440e+01    2.8017e+04 
2.2450e+01    2.8048e+04 
2.2460e+01    2.8056e+04 
2.2470e+01    2.8097e+04 
2.2480e+01    2.8112e+04 
2.2490e+01    2.8112e+04 
2.2500e+01    2.8146e+04 
2.2510e+01    2.8156e+04 
2.2520e+01    2.8155e+04 
2.2530e+01    2.8155e+04 
2.2540e+01    2.8196e+04 
2.2550e+01    2.8194e+04 
2.2560e+01    2.8207e+04 
2.2570e+01    2.8232e+04 
2.2580e+01    2.8250e+04 
2.2590e+01    2.8253e+04 
2.2600e+01    2.8268e+04 
2.2610e+01    2.8285e+04 
2.2620e+01    2.8298e+04 
2.2630e+01    2.8326e+04 
2.2640e+01    2.8345e+04 
2.2650e+01    2.8348e+04 
2.2660e+01    2.8368e+04 
2.2670e+01    2.8356e+04 
2.2680e+01    2.8411e+04 
2.2690e+01    2.8442e+04 
2.2700e+01    2.8481e+04 
2.2710e+01    2.8480e+04 
2.2720e+01    2.8506e+04 
2.2730e+01    2.8529e+04 
2.2740e+01    2.8566e+04 
2.2750e+01    2.8592e+04 
2.2760e+01    2.8628e+04 
2.2770e+01    2.8642e+04 
2.2780e+01    2.8664e+04 
2.2790e+01    2.8660e+04 
2.2800e+01    2.8661e+04 
2.2810e+01    2.8672e+04 
2.2820e+01    2.8686e+04 
2.2830e+01    2.8689e+04 
2.2840e+01    2.8715e+04 
2.2850e+01    2.8747e+04 
2.2860e+01    2.8746e+04 
2.2870e+01    2.8781e+04 
2.2880e+01    2.8787e+04 
2.2890e+01    2.8794e+04 
2.2900e+01    2.8813e+04 
2.2910e+01    2.8812e+04 
2.2920e+01    2.8821e+04 
2.2930e+01    2.8833e+04 
2.2940e+01    2.8812e+04 
2.2950e+01    2.8818e+04 
2.2960e+01    2.8826e+04 
2.2970e+01    2.8835e+04 
2.2980e+01    2.8863e+04 
2.2990e+01    2.8848e+04 
2.3000e+01    2.8865e+04 
2.3010e+01    2.8865e+04 
2.3020e+01    2.8883e+04 
2.3030e+01    2.8945e+04 
2.3040e+01    2.8963e+04 
2.3050e+01    2.8999e+04 
2.3060e+01    2.9018e+04 
2.3070e+01    2.9031e+04 
2.3080e+01    2.9046e+04 
2.3090e+01    2.9065e+04 
2.3100e+01    2.9076e+04 
2.3110e+01    2.9076e+04 
2.3120e+01    2.9099e+04 
2.3130e+01    2.9104e+04 
2.3140e+01    2.9131e+04 
2.3150e+01    2.9165e+04 
2.3160e+01    2.9147e+04 
2.3170e+01    2.9198e+04 
2.3180e+01    2.9212e+04 
2.3190e+01    2.9209e+04 
2.3200e+01    2.9237e+04 
2.3210e+01    2.9263e+04 
2.3220e+01    2.9279e+04 
2.3230e+01    2.9275e+04 
2.3240e+01    2.9282e+04 
2.3250e+01    2.9300e+04 
2.3260e+01    2.9311e+04 
2.3270e+01    2.9335e+04 
2.3280e+01    2.9339e+04 
2.3290e+01    2.9346e+04 
2.3300e+01    2.9344e+04 
2.3310e+01    2.9362e+04 
2.3320e+01    2.9363e+04 
2.3330e+01    2.9375e+04 
2.3340e+01    2.9391e+04 
2.3350e+01    2.9389e+04 
2.3360e+01    2.9405e+04 
2.3370e+01    2.9402e+04 
2.3380e+01    2.9408e+04 
2.3390e+01    2.9429e+04 
2.3400e+01    2.9463e+04 
2.3410e+01    2.9473e+04 
2.3420e+01    2.9496e+04 
2.3430e+01    2.9500e+04 
2.3440e+01    2.9477e+04 
2.3450e+01    2.9479e+04 
2.3460e+01    2.9518e+04 
2.3470e+01    2.9537e+04 
2.3480e+01    2.9555e+04 
2.3490e+01    2.9561e+04 
2.3500e+01    2.9539e+04 
2.3510e+01    2.9582e+04 
2.3520e+01    2.9597e+04 
2.3530e+01    2.9615e+04 
2.3540e+01    2.9618e+04 
2.3550e+01    2.9630e+04 
2.3560e+01    2.9647e+04 
2.3570e+01    2.9682e+04 
2.3580e+01    2.9687e+04 
2.3590e+01    2.9709e+04 
2.3600e+01    2.9747e+04 
2.3610e+01    2.9757e+04 
2.3620e+01    2.9778e+04 
2.3630e+01    2.9835e+04 
2.3640e+01    2.9838e+04 
2.3650e+01    2.9870e+04 
2.3660e+01    2.9881e+04 
2.3670e+01    2.9885e+04 
2.3680e+01    2.9895e+04 
2.3690e+01    2.9893e+04 
2.3700e+01    2.9904e+04 
2.3710e+01    2.9941e+04 
2.3720e+01    2.9957e+04 
2.3730e+01    2.9966e+04 
2.3740e+01    3.0021e+04 
2.3750e+01    3.0030e+04 
2.3760e+01    3.0022e+04 
2.3770e+01    3.0051e+04 
2.3780e+01    3.0073e+04 
2.3790e+01    3.0108e+04 
2.3800e+01    3.0129e+04 
2.3810e+01    3.0136e+04 
2.3820e+01    3.0138e+04 
2.3830e+01    3.0103e+04 
2.3840e+01    3.0132e+04 
2.3850e+01    3.0148e+04 
2.3860e+01    3.0140e+04 
2.3870e+01    3.0137e+04 
2.3880e+01    3.0137e+04 
2.3890e+01    3.0171e+04 
2.3900e+01    3.0191e+04 
2.3910e+01    3.0194e+04 
2.3920e+01    3.0225e+04 
2.3930e+01    3.0259e+04 
2.3940e+01    3.0283e+04 
2.3950e+01    3.0306e+04 
2.3960e+01    3.0328e+04 
2.3970e+01    3.0359e+04 
2.3980e+01    3.0378e+04 
2.3990e+01    3.0381e+04 
2.4000e+01    3.0417e+04 
2.4010e+01    3.0447e+04 
2.4020e+01    3.0471e+04 
2.4030e+01    3.0491e+04 
2.4040e+01    3.0494e+04 
2.4050e+01    3.0505e+04 
2.4060e+01    3.0505e+04 
2.4070e+01    3.0507e+04 
2.4080e+01    3.0525e+04 
2.4090e+01    3.0561e+04 
2.4100e+01    3.0622e+04 
2.4110e+01    3.0627e+04 
2.4120e+01    3.0638e+04 
2.4130e+01    3.0667e+04 
2.4140e+01    3.0688e+04 
2.4150e+01    3.0719e+04 
2.4160e+01    3.0734e+04 
2.4170e+01    3.0725e+04 
2.4180e+01    3.0726e+04 
2.4190e+01    3.0735e+04 
2.4200e+01    3.0740e+04 
2.4210e+01    3.0774e+04 
2.4220e+01    3.0770e+04 
2.4230e+01    3.0773e+04 
2.4240e+01    3.0815e+04 
2.4250e+01    3.0840e+04 
2.4260e+01    3.0857e+04 
2.4270e+01    3.0861e+04 
2.4280e+01    3.0864e+04 
2.4290e+01    3.0870e+04 
2.4300e+01    3.0915e+04 
2.4310e+01    3.0906e+04 
2.4320e+01    3.0888e+04 
2.4330e+01    3.0909e+04 
2.4340e+01    3.0934e+04 
2.4350e+01    3.0909e+04 
2.4360e+01    3.0932e+04 
2.4370e+01    3.0940e+04 
2.4380e+01    3.0952e+04 
2.4390e+01    3.0958e+04 
2.4400e+01    3.0965e+04 
2.4410e+01    3.0981e+04 
2.4420e+01    3.0993e+04 
2.4430e+01    3.0998e+04 
2.4440e+01    3.0997e+04 
2.4450e+01    3.0994e+04 
2.4460e+01    3.1008e+04 
2.4470e+01    3.1021e+04 
2.4480e+01    3.1036e+04 
2.4490e+01    3.1037e+04 
2.4500e+01    3.1061e+04 
2.4510e+01    3.1068e+04 
2.4520e+01    3.1086e+04 
2.4530e+01    3.1096e+04 
2.4540e+01    3.1123e+04 
2.4550e+01    3.1113e+04 
2.4560e+01    3.1105e+04 
2.4570e+01    3.1124e+04 
2.4580e+01    3.1128e+04 
2.4590e+01    3.1148e+04 
2.4600e+01    3.1157e+04 
2.4610e+01    3.1158e+04 
2.4620e+01    3.1156e+04 
2.4630e+01    3.1172e+04 
2.4640e+01    3.1178e+04 
2.4650e+01    3.1189e+04 
2.4660e+01    3.1171e+04 
2.4670e+01    3.1199e+04 
2.4680e+01    3.1225e+04 
2.4690e+01    3.1247e+04 
2.4700e+01    3.1255e+04 
2.4710e+01    3.1258e+04 
2.4720e+01    3.1267e+04 
2.4730e+01    3.1291e+04 
2.4740e+01    3.1315e+04 
2.4750e+01    3.1310e+04 
2.4760e+01    3.1324e+04 
2.4770e+01    3.1351e+04 
2.4780e+01    3.1360e+04 
2.4790e+01    3.1387e+04 
2.4800e+01    3.1410e+04 
2.4810e+01    3.1423e+04 
2.4820e+01    3.1423e+04 
2.4830e+01    3.1470e+04 
2.4840e+01    3.1472e+04 
2.4850e+01    3.1464e+04 
2.4860e+01    3.1491e+04 
2.4870e+01    3.1501e+04 
2.4880e+01    3.1490e+04 
2.4890e+01    3.1495e+04 
2.4900e+01    3.1520e+04 
2.4910e+01    3.1527e+04 
2.4920e+01    3.1524e+04 
2.4930e+01    3.1542e+04 
2.4940e+01    3.1521e+04 
2.4950e+01    3.1523e+04 
2.4960e+01    3.1539e+04 
2.4970e+01    3.1574e+04 
2.4980e+01    3.1583e+04 
2.4990e+01    3.1587e+04 
2.5000e+01    3.1579e+04 
2.5010e+01    3.1578e+04 
2.5020e+01    3.1556e+04 
2.5030e+01    3.1554e+04 
2.5040e+01    3.1603e+04 
2.5050e+01    3.1629e+04 
2.5060e+01    3.1643e+04 
2.5070e+01    3.1656e+04 
2.5080e+01    3.1634e+04 
2.5090e+01    3.1670e+04 
2.5100e+01    3.1693e+04 
2.5110e+01    3.1680e+04 
2.5120e+01    3.1662e+04 
2.5130e+01    3.1686e+04 
2.5140e+01    3.1713e+04 
2.5150e+01    3.1734e+04 
2.5160e+01    3.1744e+04 
2.5170e+01    3.1743e+04 
2.5180e+01    3.1761e+04 
2.5190e+01    3.1777e+04 
2.5200e+01    3.1793e+04 
2.5210e+01    3.1840e+04 
2.5220e+01    3.1858e+04 
2.5230e+01    3.1861e+04 
2.5240e+01    3.1887e+04 
2.5250e+01    3.1889e+04 
2.5260e+01    3.1905e+04 
2.5270e+01    3.1959e+04 
2.5280e+01    3.1965e+04 
2.5290e+01    3.2003e+04 
2.5300e+01    3.2009e+04 
2.5310e+01    3.2007e+04 
2.5320e+01    3.2021e+04 
2.5330e+01    3.2055e+04 
2.5340e+01    3.2056e+04 
2.5350e+01    3.2071e+04 
2.5360e+01    3.2089e+04 
2.5370e+01    3.2144e+04 
2.5380e+01    3.2156e+04 
2.5390e+01    3.2194e+04 
2.5400e+01    3.2205e+04 
2.5410e+01    3.2207e+04 
2.5420e+01    3.2219e+04 
2.5430e+01    3.2207e+04 
2.5440e+01    3.2232e+04 
2.5450e+01    3.2231e+04 
2.5460e+01    3.2269e+04 
2.5470e+01    3.2285e+04 
2.5480e+01    3.2321e+04 
2.5490e+01    3.2332e+04 
2.5500e+01    3.2350e+04 
2.5510e+01    3.2368e+04 
2.5520e+01    3.2372e+04 
2.5530e+01    3.2373e+04 
2.5540e+01    3.2396e+04 
2.5550e+01    3.2392e+04 
2.5560e+01    3.2390e+04 
2.5570e+01    3.2369e+04 
2.5580e+01    3.2364e+04 
2.5590e+01    3.2386e+04 
2.5600e+01    3.2394e+04 
2.5610e+01    3.2428e+04 
2.5620e+01    3.2445e+04 
2.5630e+01    3.2468e+04 
2.5640e+01    3.2496e+04 
2.5650e+01    3.2482e+04 
2.5660e+01    3.2493e+04 
2.5670e+01    3.2529e+04 
2.5680e+01    3.2559e+04 
2.5690e+01    3.2559e+04 
2.5700e+01    3.2531e+04 
2.5710e+01    3.2544e+04 
2.5720e+01    3.2578e+04 
2.5730e+01    3.2586e+04 
2.5740e+01    3.2602e+04 
2.5750e+01    3.2636e+04 
2.5760e+01    3.2639e+04 
2.5770e+01    3.2673e+04 
2.5780e+01    3.2678e+04 
2.5790e+01    3.2698e+04 
2.5800e+01    3.2710e+04 
2.5810e+01    3.2721e+04 
2.5820e+01    3.2706e+04 
2.5830e+01    3.2698e+04 
2.5840e+01    3.2716e+04 
2.5850e+01    3.2752e+04 
2.5860e+01    3.2746e+04 
2.5870e+01    3.2748e+04 
2.5880e+01    3.2761e+04 
2.5890e+01    3.2778e+04 
2.5900e+01    3.2773e+04 
2.5910e+01    3.2782e+04 
2.5920e+01    3.2785e+04 
2.5930e+01    3.2823e+04 
2.5940e+01    3.2848e+04 
2.5950e+01    3.2877e+04 
2.5960e+01    3.2884e+04 
2.5970e+01    3.2892e+04 
2.5980e+01    3.2886e+04 
2.5990e+01    3.2883e+04 
2.6000e+01    3.2887e+04 
2.6010e+01    3.2931e+04 
2.6020e+01    3.2944e+04 
2.6030e+01    3.2960e+04 
2.6040e+01    3.2964e+04 
2.6050e+01    3.2964e+04 
2.6060e+01    3.2978e+04 
2.6070e+01    3.3018e+04 
2.6080e+01    3.3040e+04 
2.6090e+01    3.3065e+04 
2.6100e+01    3.3059e+04 
2.6110e+01    3.3051e+04 
2.6120e+01    3.3040e+04 
2.6130e+01    3.3064e+04 
2.6140e+01    3.3093e+04 
2.6150e+01    3.3101e+04 
2.6160e+01    3.3105e+04 
2.6170e+01    3.3107e+04 
2.6180e+01    3.3126e+04 
2.6190e+01    3.3164e+04 
2.6200e+01    3.3185e+04 
2.6210e+01    3.3183e+04 
2.6220e+01    3.3201e+04 
2.6230e+01    3.3222e+04 
2.6240e+01    3.3236e+04 
2.6250e+01    3.3240e+04 
2.6260e+01    3.3256e+04 
2.6270e+01    3.3283e+04 
2.6280e+01    3.3293e+04 
2.6290e+01    3.3292e+04 
2.6300e+01    3.3315e+04 
2.6310e+01    3.3328e+04 
2.6320e+01    3.3347e+04 
2.6330e+01    3.3365e+04 
2.6340e+01    3.3372e+04 
2.6350e+01    3.3378e+04 
2.6360e+01    3.3389e+04 
2.6370e+01    3.3399e+04 
2.6380e+01    3.3398e+04 
2.6390e+01    3.3407e+04 
2.6400e+01    3.3396e+04 
2.6410e+01    3.3438e+04 
2.6420e+01    3.3436e+04 
2.6430e+01    3.3457e+04 
2.6440e+01    3.3495e+04 
2.6450e+01    3.3507e+04 
2.6460e+01    3.3562e+04 
2.6470e+01    3.3574e+04 
2.6480e+01    3.3578e+04 
2.6490e+01    3.3616e+04 
2.6500e+01    3.3634e+04 
2.6510e+01    3.3636e+04 
2.6520e+01    3.3656e+04 
2.6530e+01    3.3625e+04 
2.6540e+01    3.3635e+04 
2.6550e+01    3.3634e+04 
2.6560e+01    3.3662e+04 
2.6570e+01    3.3649e+04 
2.6580e+01    3.3666e+04 
2.6590e+01    3.3690e+04 
2.6600e+01    3.3698e+04 
2.6610e+01    3.3691e+04 
2.6620e+01    3.3709e+04 
2.6630e+01    3.3711e+04 
2.6640e+01    3.3720e+04 
2.6650e+01    3.3703e+04 
2.6660e+01    3.3719e+04 
2.6670e+01    3.3720e+04 
2.6680e+01    3.3740e+04 
2.6690e+01    3.3761e+04 
2.6700e+01    3.3792e+04 
2.6710e+01    3.3831e+04 
2.6720e+01    3.3814e+04 
2.6730e+01    3.3832e+04 
2.6740e+01    3.3852e+04 
2.6750e+01    3.3863e+04 
2.6760e+01    3.3872e+04 
2.6770e+01    3.3898e+04 
2.6780e+01    3.3911e+04 
2.6790e+01    3.3946e+04 
2.6800e+01    3.3943e+04 
2.6810e+01    3.3951e+04 
2.6820e+01    3.3960e+04 
2.6830e+01    3.3975e+04 
2.6840e+01    3.4012e+04 
2.6850e+01    3.4046e+04 
2.6860e+01    3.4030e+04 
2.6870e+01    3.4043e+04 
2.6880e+01    3.4054e+04 
2.6890e+01    3.4069e+04 
2.6900e+01    3.4083e+04 
2.6910e+01    3.4092e+04 
2.6920e+01    3.4106e+04 
2.6930e+01    3.4108e+04 
2.6940e+01    3.4133e+04 
2.6950e+01    3.4156e+04 
2.6960e+01    3.4128e+04 
2.6970e+01    3.4141e+04 
2.6980e+01    3.4179e+04 
2.6990e+01    3.4205e+04 
2.7000e+01    3.4214e+04 
2.7010e+01    3.4212e+04 
2.7020e+01    3.4214e+04 
2.7030e+01    3.4212e+04 
2.7040e+01    3.4229e+04 
2.7050e+01    3.4241e+04 
2.7060e+01    3.4254e+04 
2.7070e+01    3.4269e+04 
2.7080e+01    3.4280e+04 
2.7090e+01    3.4300e+04 
2.7100e+01    3.4315e+04 
2.7110e+01    3.4319e+04 
2.7120e+01    3.4329e+04 
2.7130e+01    3.4372e+04 
2.7140e+01    3.4384e+04 
2.7150e+01    3.4370e+04 
2.7160e+01    3.4374e+04 
2.7170e+01    3.4402e+04 
2.7180e+01    3.4431e+04 
2.7190e+01    3.4439e+04 
2.7200e+01    3.4447e+04 
2.7210e+01    3.4459e+04 
2.7220e+01    3.4478e+04 
2.7230e+01    3.4494e+04 
2.7240e+01    3.4509e+04 
2.7250e+01    3.4495e+04 
2.7260e+01    3.4500e+04 
2.7270e+01    3.4509e+04 
2.7280e+01    3.4531e+04 
2.7290e+01    3.4565e+04 
2.7300e+01    3.4562e+04 
2.7310e+01    3.4577e+04 
2.7320e+01    3.4577e+04 
2.7330e+01    3.4571e+04 
2.7340e+01    3.4562e+04 
2.7350e+01    3.4590e+04 
2.7360e+01    3.4615e+04 
2.7370e+01    3.4661e+04 
2.7380e+01    3.4674e+04 
2.7390e+01    3.4688e+04 
2.7400e+01    3.4690e+04 
2.7410e+01    3.4702e+04 
2.7420e+01    3.4724e+04 
2.7430e+01    3.4740e+04 
2.7440e+01    3.4731e+04 
2.7450e+01    3.4772e+04 
2.7460e+01    3.4771e+04 
2.7470e+01    3.4768e+04 
2.7480e+01    3.4779e+04 
2.7490e+01    3.4828e+04 
2.7500e+01    3.4836e+04 
2.7510e+01    3.4854e+04 
2.7520e+01    3.4862e+04 
2.7530e+01    3.4850e+04 
2.7540e+01    3.4839e+04 
2.7550e+01    3.4872e+04 
2.7560e+01    3.4891e+04 
2.7570e+01    3.4912e+04 
2.7580e+01    3.4916e+04 
2.7590e+01    3.4944e+04 
2.7600e+01    3.4958e+04 
2.7610e+01    3.4974e+04 
2.7620e+01    3.4975e+04 
2.7630e+01    3.5018e+04 
2.7640e+01    3.5021e+04 
2.7650e+01    3.5014e+04 
2.7660e+01    3.5042e+04 
2.7670e+01    3.5071e+04 
2.7680e+01    3.5076e+04 
2.7690e+01    3.5079e+04 
2.7700e+01    3.5112e+04 
2.7710e+01    3.5097e+04 
2.7720e+01    3.5112e+04 
2.7730e+01    3.5113e+04 
2.7740e+01    3.5135e+04 
2.7750e+01    3.5137e+04 
2.7760e+01    3.5114e+04 
2.7770e+01    3.5112e+04 
2.7780e+01    3.5101e+04 
2.7790e+01    3.5118e+04 
2.7800e+01    3.5136e+04 
2.7810e+01    3.5138e+04 
2.7820e+01    3.5137e+04 
2.7830e+01    3.5142e+04 
2.7840e+01    3.5162e+04 
2.7850e+01    3.5175e+04 
2.7860e+01    3.5185e+04 
2.7870e+01    3.5188e+04 
2.7880e+01    3.5187e+04 
2.7890e+01    3.5186e+04 
2.7900e+01    3.5208e+04 
2.7910e+01    3.5237e+04 
2.7920e+01    3.5247e+04 
2.7930e+01    3.5234e+04 
2.7940e+01    3.5278e+04 
2.7950e+01    3.5307e+04 
2.7960e+01    3.5304e+04 
2.7970e+01    3.5290e+04 
2.7980e+01    3.5312e+04 
2.7990e+01    3.5342e+04 
2.8000e+01    3.5368e+04 
2.8010e+01    3.5386e+04 
2.8020e+01    3.5398e+04 
2.8030e+01    3.5422e+04 
2.8040e+01    3.5449e+04 
2.8050e+01    3.5459e+04 
2.8060e+01    3.5469e+04 
2.8070e+01    3.5480e+04 
2.8080e+01    3.5480e+04 
2.8090e+01    3.5491e+04 
2.8100e+01    3.5492e+04 
2.8110e+01    3.5490e+04 
2.8120e+01    3.5520e+04 
2.8130e+01    3.5525e+04 
2.8140e+01    3.5551e+04 
2.8150e+01    3.5565e+04 
2.8160e+01    3.5596e+04 
2.8170e+01    3.5624e+04 
2.8180e+01    3.5631e+04 
2.8190e+01    3.5693e+04 
2.8200e+01    3.5691e+04 
2.8210e+01    3.5705e+04 
2.8220e+01    3.5699e+04 
2.8230e+01    3.5703e+04 
2.8240e+01    3.5722e+04 
2.8250e+01    3.5726e+04 
2.8260e+01    3.5745e+04 
2.8270e+01    3.5777e+04 
2.8280e+01    3.5758e+04 
2.8290e+01    3.5768e+04 
2.8300e+01    3.5780e+04 
2.8310e+01    3.5804e+04 
2.8320e+01    3.5782e+04 
2.8330e+01    3.5790e+04 
2.8340e+01    3.5797e+04 
2.8350e+01    3.5799e+04 
2.8360e+01    3.5828e+04 
2.8370e+01    3.5840e+04 
2.8380e+01    3.5841e+04 
2.8390e+01    3.5850e+04 
2.8400e+01    3.5875e+04 
2.8410e+01    3.5878e+04 
2.8420e+01    3.5894e+04 
2.8430e+01    3.5887e+04 
2.8440e+01    3.5901e+04 
2.8450e+01    3.5960e+04 
2.8460e+01    3.5960e+04 
2.8470e+01    3.5964e+04 
2.8480e+01    3.5961e+04 
2.8490e+01    3.5952e+04 
2.8500e+01    3.5943e+04 
2.8510e+01    3.5940e+04 
2.8520e+01    3.5942e+04 
2.8530e+01    3.5972e+04 
2.8540e+01    3.5976e+04 
2.8550e+01    3.6006e+04 
2.8560e+01    3.5994e+04 
2.8570e+01    3.6001e+04 
2.8580e+01    3.6011e+04 
2.8590e+01    3.6021e+04 
2.8600e+01    3.6022e+04 
2.8610e+01    3.6020e+04 
2.8620e+01    3.6039e+04 
2.8630e+01    3.6043e+04 
2.8640e+01    3.6040e+04 
2.8650e+01    3.6050e+04 
2.8660e+01    3.6067e+04 
2.8670e+01    3.6100e+04 
2.8680e+01    3.6126e+04 
2.8690e+01    3.6111e+04 
2.8700e+01    3.6139e+04 
2.8710e+01    3.6157e+04 
2.8720e+01    3.6163e+04 
2.8730e+01    3.6164e+04 
2.8740e+01    3.6187e+04 
2.8750e+01    3.6234e+04 
2.8760e+01    3.6244e+04 
2.8770e+01    3.6288e+04 
2.8780e+01    3.6276e+04 
2.8790e+01    3.6302e+04 
2.8800e+01    3.6309e+04 
2.8810e+01    3.6300e+04 
2.8820e+01    3.6280e+04 
2.8830e+01    3.6316e+04 
2.8840e+01    3.6360e+04 
2.8850e+01    3.6366e+04 
2.8860e+01    3.6392e+04 
2.8870e+01    3.6435e+04 
2.8880e+01    3.6416e+04 
2.8890e+01    3.6432e+04 
2.8900e+01    3.6429e+04 
2.8910e+01    3.6414e+04 
2.8920e+01    3.6434e+04 
2.8930e+01    3.6459e+04 
2.8940e+01    3.6453e+04 
2.8950e+01    3.6441e+04 
2.8960e+01    3.6461e+04 
2.8970e+01    3.6446e+04 
2.8980e+01    3.6460e+04 
2.8990e+01    3.6502e+04 
2.9000e+01    3.6486e+04 
2.9010e+01    3.6526e+04 
2.9020e+01    3.6551e+04 
2.9030e+01    3.6584e+04 
2.9040e+01    3.6607e+04 
2.9050e+01    3.6593e+04 
2.9060e+01    3.6624e+04 
2.9070e+01    3.6649e+04 
2.9080e+01    3.6653e+04 
2.9090e+01    3.6673e+04 
2.9100e+01    3.6683e+04 
2.9110e+01    3.6715e+04 
2.9120e+01    3.6701e+04 
2.9130e+01    3.6721e+04 
2.9140e+01    3.6765e+04 
2.9150e+01    3.6721e+04 
2.9160e+01    3.6708e+04 
2.9170e+01    3.6710e+04 
2.9180e+01    3.6709e+04 
2.9190e+01    3.6738e+04 
2.9200e+01    3.6761e+04 
2.9210e+01    3.6792e+04 
2.9220e+01    3.6816e+04 
2.9230e+01    3.6830e+04 
2.9240e+01    3.6852e+04 
2.9250e+01    3.6853e+04 
2.9260e+01    3.6876e+04 
2.9270e+01    3.6877e+04 
2.9280e+01    3.6877e+04 
2.9290e+01    3.6872e+04 
2.9300e+01    3.6900e+04 
2.9310e+01    3.6912e+04 
2.9320e+01    3.6953e+04 
2.9330e+01    3.6954e+04 
2.9340e+01    3.6970e+04 
2.9350e+01    3.6981e+04 
2.9360e+01    3.7021e+04 
2.9370e+01    3.7003e+04 
2.9380e+01    3.6983e+04 
2.9390e+01    3.7021e+04 
2.9400e+01    3.7042e+04 
2.9410e+01    3.7045e+04 
2.9420e+01    3.7036e+04 
2.9430e+01    3.7041e+04 
2.9440e+01    3.7057e+04 
2.9450e+01    3.7075e+04 
2.9460e+01    3.7110e+04 
2.9470e+01    3.7144e+04 
2.9480e+01    3.7142e+04 
2.9490e+01    3.7149e+04 
2.9500e+01    3.7198e+04 
2.9510e+01    3.7212e+04 
2.9520e+01    3.7222e+04 
2.9530e+01    3.7223e+04 
2.9540e+01    3.7215e+04 
2.9550e+01    3.7241e+04 
2.9560e+01    3.7272e+04 
2.9570e+01    3.7260e+04 
2.9580e+01    3.7237e+04 
2.9590e+01    3.7272e+04 
2.9600e+01    3.7286e+04 
2.9610e+01    3.7300e+04 
2.9620e+01    3.7273e+04 
2.9630e+01    3.7306e+04 
2.9640e+01    3.7310e+04 
2.9650e+01    3.7340e+04 
2.9660e+01    3.7329e+04 
2.9670e+01    3.7331e+04 
2.9680e+01    3.7326e+04 
2.9690e+01    3.7350e+04 
2.9700e+01    3.7337e+04 
2.9710e+01    3.7332e+04 
2.9720e+01    3.7344e+04 
2.9730e+01    3.7361e+04 
2.9740e+01    3.7381e+04 
2.9750e+01    3.7391e+04 
2.9760e+01    3.7378e+04 
2.9770e+01    3.7379e+04 
2.9780e+01    3.7370e+04 
2.9790e+01    3.7388e+04 
2.9800e+01    3.7415e+04 
2.9810e+01    3.7428e+04 
2.9820e+01    3.7431e+04 
2.9830e+01    3.7433e+04 
2.9840e+01    3.7448e+04 
2.9850e+01    3.7452e+04 
2.9860e+01    3.7483e+04 
2.9870e+01    3.7490e+04 
2.9880e+01    3.7548e+04 
2.9890e+01    3.7543e+04 
2.9900e+01    3.7531e+04 
2.9910e+01    3.7559e+04 
2.9920e+01    3.7577e+04 
2.9930e+01    3.7577e+04 
2.9940e+01    3.7607e+04 
2.9950e+01    3.7633e+04 
2.9960e+01    3.7646e+04 
2.9970e+01    3.7654e+04 
2.9980e+01    3.7657e+04 
2.9990e+01    3.7663e+04 
3.0000e+01    3.7665e+04 
