t(ns)    MSD(A²)   D = 2.3214e-05 +/ 5.76e-08 cm²/s nu = 1.0230e+00 +/ 5.33e-04 
0.0000e+00    0.0000e+00 
1.0000e-02    1.4450e+01 
2.0000e-02    2.8595e+01 
3.0000e-02    4.1996e+01 
4.0000e-02    5.6165e+01 
5.0000e-02    7.0591e+01 
6.0000e-02    8.6102e+01 
7.0000e-02    9.9375e+01 
8.0000e-02    1.1334e+02 
9.0000e-02    1.2773e+02 
1.0000e-01    1.4001e+02 
1.1000e-01    1.5282e+02 
1.2000e-01    1.6721e+02 
1.3000e-01    1.8286e+02 
1.4000e-01    1.9712e+02 
1.5000e-01    2.0953e+02 
1.6000e-01    2.2130e+02 
1.7000e-01    2.3675e+02 
1.8000e-01    2.4944e+02 
1.9000e-01    2.6403e+02 
2.0000e-01    2.7828e+02 
2.1000e-01    2.9284e+02 
2.2000e-01    3.0905e+02 
2.3000e-01    3.2471e+02 
2.4000e-01    3.3784e+02 
2.5000e-01    3.5284e+02 
2.6000e-01    3.6126e+02 
2.7000e-01    3.7893e+02 
2.8000e-01    3.9258e+02 
2.9000e-01    4.0654e+02 
3.0000e-01    4.2064e+02 
3.1000e-01    4.3511e+02 
3.2000e-01    4.4851e+02 
3.3000e-01    4.6442e+02 
3.4000e-01    4.7914e+02 
3.5000e-01    4.9268e+02 
3.6000e-01    5.0512e+02 
3.7000e-01    5.1812e+02 
3.8000e-01    5.2983e+02 
3.9000e-01    5.3957e+02 
4.0000e-01    5.4976e+02 
4.1000e-01    5.6401e+02 
4.2000e-01    5.8000e+02 
4.3000e-01    5.9378e+02 
4.4000e-01    6.0596e+02 
4.5000e-01    6.1901e+02 
4.6000e-01    6.3586e+02 
4.7000e-01    6.4721e+02 
4.8000e-01    6.6276e+02 
4.9000e-01    6.7313e+02 
5.0000e-01    6.9094e+02 
5.1000e-01    7.0347e+02 
5.2000e-01    7.1732e+02 
5.3000e-01    7.3303e+02 
5.4000e-01    7.4887e+02 
5.5000e-01    7.6521e+02 
5.6000e-01    7.8133e+02 
5.7000e-01    7.9161e+02 
5.8000e-01    8.0391e+02 
5.9000e-01    8.1309e+02 
6.0000e-01    8.2634e+02 
6.1000e-01    8.4196e+02 
6.2000e-01    8.5639e+02 
6.3000e-01    8.6896e+02 
6.4000e-01    8.8896e+02 
6.5000e-01    9.0547e+02 
6.6000e-01    9.2500e+02 
6.7000e-01    9.3981e+02 
6.8000e-01    9.5410e+02 
6.9000e-01    9.6736e+02 
7.0000e-01    9.8599e+02 
7.1000e-01    1.0019e+03 
7.2000e-01    1.0164e+03 
7.3000e-01    1.0318e+03 
7.4000e-01    1.0474e+03 
7.5000e-01    1.0571e+03 
7.6000e-01    1.0794e+03 
7.7000e-01    1.0974e+03 
7.8000e-01    1.1112e+03 
7.9000e-01    1.1273e+03 
8.0000e-01    1.1412e+03 
8.1000e-01    1.1567e+03 
8.2000e-01    1.1692e+03 
8.3000e-01    1.1815e+03 
8.4000e-01    1.1950e+03 
8.5000e-01    1.2089e+03 
8.6000e-01    1.2238e+03 
8.7000e-01    1.2433e+03 
8.8000e-01    1.2541e+03 
8.9000e-01    1.2627e+03 
9.0000e-01    1.2801e+03 
9.1000e-01    1.2947e+03 
9.2000e-01    1.3082e+03 
9.3000e-01    1.3245e+03 
9.4000e-01    1.3387e+03 
9.5000e-01    1.3446e+03 
9.6000e-01    1.3669e+03 
9.7000e-01    1.3794e+03 
9.8000e-01    1.3894e+03 
9.9000e-01    1.4007e+03 
1.0000e+00    1.4175e+03 
1.0100e+00    1.4262e+03 
1.0200e+00    1.4368e+03 
1.0300e+00    1.4454e+03 
1.0400e+00    1.4652e+03 
1.0500e+00    1.4746e+03 
1.0600e+00    1.4952e+03 
1.0700e+00    1.5087e+03 
1.0800e+00    1.5222e+03 
1.0900e+00    1.5347e+03 
1.1000e+00    1.5462e+03 
1.1100e+00    1.5581e+03 
1.1200e+00    1.5688e+03 
1.1300e+00    1.5849e+03 
1.1400e+00    1.5997e+03 
1.1500e+00    1.6157e+03 
1.1600e+00    1.6354e+03 
1.1700e+00    1.6525e+03 
1.1800e+00    1.6706e+03 
1.1900e+00    1.6826e+03 
1.2000e+00    1.6970e+03 
1.2100e+00    1.7158e+03 
1.2200e+00    1.7279e+03 
1.2300e+00    1.7454e+03 
1.2400e+00    1.7629e+03 
1.2500e+00    1.7798e+03 
1.2600e+00    1.7961e+03 
1.2700e+00    1.8102e+03 
1.2800e+00    1.8208e+03 
1.2900e+00    1.8281e+03 
1.3000e+00    1.8435e+03 
1.3100e+00    1.8532e+03 
1.3200e+00    1.8692e+03 
1.3300e+00    1.8845e+03 
1.3400e+00    1.8989e+03 
1.3500e+00    1.9121e+03 
1.3600e+00    1.9235e+03 
1.3700e+00    1.9390e+03 
1.3800e+00    1.9530e+03 
1.3900e+00    1.9682e+03 
1.4000e+00    1.9732e+03 
1.4100e+00    1.9812e+03 
1.4200e+00    1.9941e+03 
1.4300e+00    2.0143e+03 
1.4400e+00    2.0311e+03 
1.4500e+00    2.0495e+03 
1.4600e+00    2.0646e+03 
1.4700e+00    2.0722e+03 
1.4800e+00    2.0922e+03 
1.4900e+00    2.1044e+03 
1.5000e+00    2.1235e+03 
1.5100e+00    2.1394e+03 
1.5200e+00    2.1512e+03 
1.5300e+00    2.1660e+03 
1.5400e+00    2.1807e+03 
1.5500e+00    2.1898e+03 
1.5600e+00    2.1993e+03 
1.5700e+00    2.2150e+03 
1.5800e+00    2.2325e+03 
1.5900e+00    2.2408e+03 
1.6000e+00    2.2558e+03 
1.6100e+00    2.2711e+03 
1.6200e+00    2.2912e+03 
1.6300e+00    2.3052e+03 
1.6400e+00    2.3268e+03 
1.6500e+00    2.3410e+03 
1.6600e+00    2.3647e+03 
1.6700e+00    2.3857e+03 
1.6800e+00    2.3984e+03 
1.6900e+00    2.4159e+03 
1.7000e+00    2.4295e+03 
1.7100e+00    2.4445e+03 
1.7200e+00    2.4508e+03 
1.7300e+00    2.4614e+03 
1.7400e+00    2.4721e+03 
1.7500e+00    2.4825e+03 
1.7600e+00    2.5015e+03 
1.7700e+00    2.5186e+03 
1.7800e+00    2.5379e+03 
1.7900e+00    2.5516e+03 
1.8000e+00    2.5642e+03 
1.8100e+00    2.5853e+03 
1.8200e+00    2.5977e+03 
1.8300e+00    2.6055e+03 
1.8400e+00    2.6206e+03 
1.8500e+00    2.6358e+03 
1.8600e+00    2.6558e+03 
1.8700e+00    2.6751e+03 
1.8800e+00    2.6858e+03 
1.8900e+00    2.7039e+03 
1.9000e+00    2.7258e+03 
1.9100e+00    2.7381e+03 
1.9200e+00    2.7515e+03 
1.9300e+00    2.7757e+03 
1.9400e+00    2.7815e+03 
1.9500e+00    2.7936e+03 
1.9600e+00    2.8139e+03 
1.9700e+00    2.8284e+03 
1.9800e+00    2.8378e+03 
1.9900e+00    2.8460e+03 
2.0000e+00    2.8629e+03 
2.0100e+00    2.8662e+03 
2.0200e+00    2.8836e+03 
2.0300e+00    2.9031e+03 
2.0400e+00    2.9204e+03 
2.0500e+00    2.9317e+03 
2.0600e+00    2.9422e+03 
2.0700e+00    2.9604e+03 
2.0800e+00    2.9713e+03 
2.0900e+00    2.9854e+03 
2.1000e+00    2.9981e+03 
2.1100e+00    3.0138e+03 
2.1200e+00    3.0311e+03 
2.1300e+00    3.0360e+03 
2.1400e+00    3.0530e+03 
2.1500e+00    3.0683e+03 
2.1600e+00    3.0780e+03 
2.1700e+00    3.0959e+03 
2.1800e+00    3.1088e+03 
2.1900e+00    3.1319e+03 
2.2000e+00    3.1468e+03 
2.2100e+00    3.1517e+03 
2.2200e+00    3.1709e+03 
2.2300e+00    3.1869e+03 
2.2400e+00    3.1993e+03 
2.2500e+00    3.2200e+03 
2.2600e+00    3.2265e+03 
2.2700e+00    3.2366e+03 
2.2800e+00    3.2580e+03 
2.2900e+00    3.2775e+03 
2.3000e+00    3.2885e+03 
2.3100e+00    3.2841e+03 
2.3200e+00    3.2994e+03 
2.3300e+00    3.3102e+03 
2.3400e+00    3.3244e+03 
2.3500e+00    3.3380e+03 
2.3600e+00    3.3496e+03 
2.3700e+00    3.3625e+03 
2.3800e+00    3.3709e+03 
2.3900e+00    3.3755e+03 
2.4000e+00    3.3881e+03 
2.4100e+00    3.4082e+03 
2.4200e+00    3.4182e+03 
2.4300e+00    3.4300e+03 
2.4400e+00    3.4464e+03 
2.4500e+00    3.4489e+03 
2.4600e+00    3.4678e+03 
2.4700e+00    3.4730e+03 
2.4800e+00    3.4957e+03 
2.4900e+00    3.5083e+03 
2.5000e+00    3.5308e+03 
2.5100e+00    3.5435e+03 
2.5200e+00    3.5550e+03 
2.5300e+00    3.5657e+03 
2.5400e+00    3.5935e+03 
2.5500e+00    3.5989e+03 
2.5600e+00    3.6105e+03 
2.5700e+00    3.6192e+03 
2.5800e+00    3.6263e+03 
2.5900e+00    3.6394e+03 
2.6000e+00    3.6455e+03 
2.6100e+00    3.6573e+03 
2.6200e+00    3.6770e+03 
2.6300e+00    3.6921e+03 
2.6400e+00    3.7090e+03 
2.6500e+00    3.7269e+03 
2.6600e+00    3.7405e+03 
2.6700e+00    3.7618e+03 
2.6800e+00    3.7785e+03 
2.6900e+00    3.7883e+03 
2.7000e+00    3.8024e+03 
2.7100e+00    3.8116e+03 
2.7200e+00    3.8318e+03 
2.7300e+00    3.8438e+03 
2.7400e+00    3.8587e+03 
2.7500e+00    3.8772e+03 
2.7600e+00    3.8895e+03 
2.7700e+00    3.8977e+03 
2.7800e+00    3.9067e+03 
2.7900e+00    3.9165e+03 
2.8000e+00    3.9254e+03 
2.8100e+00    3.9410e+03 
2.8200e+00    3.9461e+03 
2.8300e+00    3.9610e+03 
2.8400e+00    3.9771e+03 
2.8500e+00    3.9858e+03 
2.8600e+00    3.9865e+03 
2.8700e+00    4.0040e+03 
2.8800e+00    4.0163e+03 
2.8900e+00    4.0403e+03 
2.9000e+00    4.0500e+03 
2.9100e+00    4.0746e+03 
2.9200e+00    4.0775e+03 
2.9300e+00    4.1040e+03 
2.9400e+00    4.1124e+03 
2.9500e+00    4.1232e+03 
2.9600e+00    4.1384e+03 
2.9700e+00    4.1441e+03 
2.9800e+00    4.1501e+03 
2.9900e+00    4.1675e+03 
3.0000e+00    4.1798e+03 
3.0100e+00    4.1803e+03 
3.0200e+00    4.1923e+03 
3.0300e+00    4.2014e+03 
3.0400e+00    4.2184e+03 
3.0500e+00    4.2292e+03 
3.0600e+00    4.2383e+03 
3.0700e+00    4.2395e+03 
3.0800e+00    4.2570e+03 
3.0900e+00    4.2808e+03 
3.1000e+00    4.3033e+03 
3.1100e+00    4.3282e+03 
3.1200e+00    4.3405e+03 
3.1300e+00    4.3557e+03 
3.1400e+00    4.3718e+03 
3.1500e+00    4.3731e+03 
3.1600e+00    4.3931e+03 
3.1700e+00    4.4084e+03 
3.1800e+00    4.4237e+03 
3.1900e+00    4.4262e+03 
3.2000e+00    4.4510e+03 
3.2100e+00    4.4661e+03 
3.2200e+00    4.4872e+03 
3.2300e+00    4.4943e+03 
3.2400e+00    4.4995e+03 
3.2500e+00    4.5167e+03 
3.2600e+00    4.5354e+03 
3.2700e+00    4.5458e+03 
3.2800e+00    4.5558e+03 
3.2900e+00    4.5593e+03 
3.3000e+00    4.5668e+03 
3.3100e+00    4.5773e+03 
3.3200e+00    4.6060e+03 
3.3300e+00    4.6166e+03 
3.3400e+00    4.6325e+03 
3.3500e+00    4.6490e+03 
3.3600e+00    4.6611e+03 
3.3700e+00    4.6699e+03 
3.3800e+00    4.6839e+03 
3.3900e+00    4.6795e+03 
3.4000e+00    4.6859e+03 
3.4100e+00    4.6944e+03 
3.4200e+00    4.7041e+03 
3.4300e+00    4.7311e+03 
3.4400e+00    4.7464e+03 
3.4500e+00    4.7593e+03 
3.4600e+00    4.7750e+03 
3.4700e+00    4.7830e+03 
3.4800e+00    4.7976e+03 
3.4900e+00    4.8103e+03 
3.5000e+00    4.8157e+03 
3.5100e+00    4.8287e+03 
3.5200e+00    4.8504e+03 
3.5300e+00    4.8743e+03 
3.5400e+00    4.8728e+03 
3.5500e+00    4.8881e+03 
3.5600e+00    4.8963e+03 
3.5700e+00    4.9183e+03 
3.5800e+00    4.9209e+03 
3.5900e+00    4.9428e+03 
3.6000e+00    4.9519e+03 
3.6100e+00    4.9725e+03 
3.6200e+00    4.9845e+03 
3.6300e+00    4.9942e+03 
3.6400e+00    5.0082e+03 
3.6500e+00    5.0199e+03 
3.6600e+00    5.0393e+03 
3.6700e+00    5.0518e+03 
3.6800e+00    5.0652e+03 
3.6900e+00    5.0749e+03 
3.7000e+00    5.0912e+03 
3.7100e+00    5.1097e+03 
3.7200e+00    5.1201e+03 
3.7300e+00    5.1454e+03 
3.7400e+00    5.1509e+03 
3.7500e+00    5.1614e+03 
3.7600e+00    5.1736e+03 
3.7700e+00    5.1872e+03 
3.7800e+00    5.2041e+03 
3.7900e+00    5.2221e+03 
3.8000e+00    5.2363e+03 
3.8100e+00    5.2543e+03 
3.8200e+00    5.2703e+03 
3.8300e+00    5.2937e+03 
3.8400e+00    5.3046e+03 
3.8500e+00    5.3298e+03 
3.8600e+00    5.3481e+03 
3.8700e+00    5.3595e+03 
3.8800e+00    5.3810e+03 
3.8900e+00    5.3984e+03 
3.9000e+00    5.4120e+03 
3.9100e+00    5.4293e+03 
3.9200e+00    5.4436e+03 
3.9300e+00    5.4487e+03 
3.9400e+00    5.4506e+03 
3.9500e+00    5.4561e+03 
3.9600e+00    5.4606e+03 
3.9700e+00    5.4873e+03 
3.9800e+00    5.4921e+03 
3.9900e+00    5.5000e+03 
4.0000e+00    5.5199e+03 
4.0100e+00    5.5427e+03 
4.0200e+00    5.5520e+03 
4.0300e+00    5.5803e+03 
4.0400e+00    5.5788e+03 
4.0500e+00    5.5925e+03 
4.0600e+00    5.6050e+03 
4.0700e+00    5.6077e+03 
4.0800e+00    5.6235e+03 
4.0900e+00    5.6430e+03 
4.1000e+00    5.6604e+03 
4.1100e+00    5.6683e+03 
4.1200e+00    5.6803e+03 
4.1300e+00    5.6930e+03 
4.1400e+00    5.6956e+03 
4.1500e+00    5.7120e+03 
4.1600e+00    5.7234e+03 
4.1700e+00    5.7261e+03 
4.1800e+00    5.7396e+03 
4.1900e+00    5.7542e+03 
4.2000e+00    5.7634e+03 
4.2100e+00    5.7699e+03 
4.2200e+00    5.7708e+03 
4.2300e+00    5.7719e+03 
4.2400e+00    5.7938e+03 
4.2500e+00    5.7976e+03 
4.2600e+00    5.8108e+03 
4.2700e+00    5.8377e+03 
4.2800e+00    5.8458e+03 
4.2900e+00    5.8564e+03 
4.3000e+00    5.8702e+03 
4.3100e+00    5.8865e+03 
4.3200e+00    5.9040e+03 
4.3300e+00    5.9234e+03 
4.3400e+00    5.9454e+03 
4.3500e+00    5.9467e+03 
4.3600e+00    5.9578e+03 
4.3700e+00    5.9655e+03 
4.3800e+00    5.9649e+03 
4.3900e+00    5.9778e+03 
4.4000e+00    6.0001e+03 
4.4100e+00    6.0111e+03 
4.4200e+00    6.0427e+03 
4.4300e+00    6.0563e+03 
4.4400e+00    6.0699e+03 
4.4500e+00    6.0939e+03 
4.4600e+00    6.1063e+03 
4.4700e+00    6.1280e+03 
4.4800e+00    6.1468e+03 
4.4900e+00    6.1612e+03 
4.5000e+00    6.1860e+03 
4.5100e+00    6.2111e+03 
4.5200e+00    6.2187e+03 
4.5300e+00    6.2312e+03 
4.5400e+00    6.2380e+03 
4.5500e+00    6.2593e+03 
4.5600e+00    6.2798e+03 
4.5700e+00    6.2883e+03 
4.5800e+00    6.2915e+03 
4.5900e+00    6.3117e+03 
4.6000e+00    6.3163e+03 
4.6100e+00    6.3282e+03 
4.6200e+00    6.3348e+03 
4.6300e+00    6.3369e+03 
4.6400e+00    6.3534e+03 
4.6500e+00    6.3627e+03 
4.6600e+00    6.3784e+03 
4.6700e+00    6.3887e+03 
4.6800e+00    6.4124e+03 
4.6900e+00    6.4308e+03 
4.7000e+00    6.4374e+03 
4.7100e+00    6.4534e+03 
4.7200e+00    6.4702e+03 
4.7300e+00    6.4898e+03 
4.7400e+00    6.5071e+03 
4.7500e+00    6.5390e+03 
4.7600e+00    6.5436e+03 
4.7700e+00    6.5539e+03 
4.7800e+00    6.5738e+03 
4.7900e+00    6.5891e+03 
4.8000e+00    6.6049e+03 
4.8100e+00    6.6220e+03 
4.8200e+00    6.6300e+03 
4.8300e+00    6.6503e+03 
4.8400e+00    6.6644e+03 
4.8500e+00    6.6976e+03 
4.8600e+00    6.7138e+03 
4.8700e+00    6.7355e+03 
4.8800e+00    6.7604e+03 
4.8900e+00    6.7743e+03 
4.9000e+00    6.7803e+03 
4.9100e+00    6.7878e+03 
4.9200e+00    6.8076e+03 
4.9300e+00    6.8182e+03 
4.9400e+00    6.8380e+03 
4.9500e+00    6.8608e+03 
4.9600e+00    6.8789e+03 
4.9700e+00    6.8855e+03 
4.9800e+00    6.9176e+03 
4.9900e+00    6.9364e+03 
5.0000e+00    6.9559e+03 
5.0100e+00    6.9715e+03 
5.0200e+00    6.9751e+03 
5.0300e+00    6.9970e+03 
5.0400e+00    7.0085e+03 
5.0500e+00    7.0270e+03 
5.0600e+00    7.0392e+03 
5.0700e+00    7.0634e+03 
5.0800e+00    7.0674e+03 
5.0900e+00    7.0911e+03 
5.1000e+00    7.0948e+03 
5.1100e+00    7.1165e+03 
5.1200e+00    7.1127e+03 
5.1300e+00    7.1279e+03 
5.1400e+00    7.1397e+03 
5.1500e+00    7.1378e+03 
5.1600e+00    7.1477e+03 
5.1700e+00    7.1471e+03 
5.1800e+00    7.1575e+03 
5.1900e+00    7.1678e+03 
5.2000e+00    7.1872e+03 
5.2100e+00    7.2026e+03 
5.2200e+00    7.2215e+03 
5.2300e+00    7.2468e+03 
5.2400e+00    7.2541e+03 
5.2500e+00    7.2632e+03 
5.2600e+00    7.2596e+03 
5.2700e+00    7.2693e+03 
5.2800e+00    7.2758e+03 
5.2900e+00    7.2803e+03 
5.3000e+00    7.2897e+03 
5.3100e+00    7.2936e+03 
5.3200e+00    7.3172e+03 
5.3300e+00    7.3238e+03 
5.3400e+00    7.3295e+03 
5.3500e+00    7.3421e+03 
5.3600e+00    7.3646e+03 
5.3700e+00    7.3722e+03 
5.3800e+00    7.3853e+03 
5.3900e+00    7.3953e+03 
5.4000e+00    7.4102e+03 
5.4100e+00    7.4386e+03 
5.4200e+00    7.4506e+03 
5.4300e+00    7.4711e+03 
5.4400e+00    7.4910e+03 
5.4500e+00    7.5146e+03 
5.4600e+00    7.5293e+03 
5.4700e+00    7.5419e+03 
5.4800e+00    7.5580e+03 
5.4900e+00    7.5678e+03 
5.5000e+00    7.5944e+03 
5.5100e+00    7.6137e+03 
5.5200e+00    7.6270e+03 
5.5300e+00    7.6485e+03 
5.5400e+00    7.6539e+03 
5.5500e+00    7.6752e+03 
5.5600e+00    7.6914e+03 
5.5700e+00    7.7060e+03 
5.5800e+00    7.7341e+03 
5.5900e+00    7.7494e+03 
5.6000e+00    7.7623e+03 
5.6100e+00    7.7750e+03 
5.6200e+00    7.7851e+03 
5.6300e+00    7.7947e+03 
5.6400e+00    7.8171e+03 
5.6500e+00    7.8259e+03 
5.6600e+00    7.8255e+03 
5.6700e+00    7.8306e+03 
5.6800e+00    7.8453e+03 
5.6900e+00    7.8509e+03 
5.7000e+00    7.8579e+03 
5.7100e+00    7.8811e+03 
5.7200e+00    7.9013e+03 
5.7300e+00    7.9134e+03 
5.7400e+00    7.9240e+03 
5.7500e+00    7.9293e+03 
5.7600e+00    7.9469e+03 
5.7700e+00    7.9461e+03 
5.7800e+00    7.9670e+03 
5.7900e+00    7.9675e+03 
5.8000e+00    8.0003e+03 
5.8100e+00    8.0069e+03 
5.8200e+00    8.0293e+03 
5.8300e+00    8.0369e+03 
5.8400e+00    8.0384e+03 
5.8500e+00    8.0654e+03 
5.8600e+00    8.0826e+03 
5.8700e+00    8.1055e+03 
5.8800e+00    8.1325e+03 
5.8900e+00    8.1582e+03 
5.9000e+00    8.1708e+03 
5.9100e+00    8.2007e+03 
5.9200e+00    8.2254e+03 
5.9300e+00    8.2396e+03 
5.9400e+00    8.2612e+03 
5.9500e+00    8.2808e+03 
5.9600e+00    8.2998e+03 
5.9700e+00    8.3303e+03 
5.9800e+00    8.3490e+03 
5.9900e+00    8.3791e+03 
6.0000e+00    8.3896e+03 
6.0100e+00    8.4061e+03 
6.0200e+00    8.4309e+03 
6.0300e+00    8.4429e+03 
6.0400e+00    8.4552e+03 
6.0500e+00    8.4644e+03 
6.0600e+00    8.4798e+03 
6.0700e+00    8.5062e+03 
6.0800e+00    8.5115e+03 
6.0900e+00    8.5063e+03 
6.1000e+00    8.5239e+03 
6.1100e+00    8.5381e+03 
6.1200e+00    8.5271e+03 
6.1300e+00    8.5254e+03 
6.1400e+00    8.5463e+03 
6.1500e+00    8.5634e+03 
6.1600e+00    8.5653e+03 
6.1700e+00    8.5751e+03 
6.1800e+00    8.5953e+03 
6.1900e+00    8.6062e+03 
6.2000e+00    8.6248e+03 
6.2100e+00    8.6226e+03 
6.2200e+00    8.6471e+03 
6.2300e+00    8.6508e+03 
6.2400e+00    8.6660e+03 
6.2500e+00    8.6892e+03 
6.2600e+00    8.7122e+03 
6.2700e+00    8.7368e+03 
6.2800e+00    8.7585e+03 
6.2900e+00    8.7437e+03 
6.3000e+00    8.7632e+03 
6.3100e+00    8.7824e+03 
6.3200e+00    8.8098e+03 
6.3300e+00    8.8276e+03 
6.3400e+00    8.8337e+03 
6.3500e+00    8.8440e+03 
6.3600e+00    8.8442e+03 
6.3700e+00    8.8620e+03 
6.3800e+00    8.8862e+03 
6.3900e+00    8.9047e+03 
6.4000e+00    8.9136e+03 
6.4100e+00    8.9339e+03 
6.4200e+00    8.9456e+03 
6.4300e+00    8.9598e+03 
6.4400e+00    8.9654e+03 
6.4500e+00    8.9812e+03 
6.4600e+00    9.0133e+03 
6.4700e+00    9.0403e+03 
6.4800e+00    9.0505e+03 
6.4900e+00    9.0549e+03 
6.5000e+00    9.0804e+03 
6.5100e+00    9.0720e+03 
6.5200e+00    9.0897e+03 
6.5300e+00    9.1036e+03 
6.5400e+00    9.1049e+03 
6.5500e+00    9.1193e+03 
6.5600e+00    9.1246e+03 
6.5700e+00    9.1325e+03 
6.5800e+00    9.1418e+03 
6.5900e+00    9.1396e+03 
6.6000e+00    9.1332e+03 
6.6100e+00    9.1379e+03 
6.6200e+00    9.1635e+03 
6.6300e+00    9.1737e+03 
6.6400e+00    9.2015e+03 
6.6500e+00    9.2091e+03 
6.6600e+00    9.2247e+03 
6.6700e+00    9.2357e+03 
6.6800e+00    9.2614e+03 
6.6900e+00    9.2879e+03 
6.7000e+00    9.3047e+03 
6.7100e+00    9.3216e+03 
6.7200e+00    9.3369e+03 
6.7300e+00    9.3542e+03 
6.7400e+00    9.3659e+03 
6.7500e+00    9.3720e+03 
6.7600e+00    9.3734e+03 
6.7700e+00    9.3882e+03 
6.7800e+00    9.3955e+03 
6.7900e+00    9.4049e+03 
6.8000e+00    9.4123e+03 
6.8100e+00    9.4174e+03 
6.8200e+00    9.4206e+03 
6.8300e+00    9.4144e+03 
6.8400e+00    9.4312e+03 
6.8500e+00    9.4326e+03 
6.8600e+00    9.4538e+03 
6.8700e+00    9.4734e+03 
6.8800e+00    9.4993e+03 
6.8900e+00    9.5017e+03 
6.9000e+00    9.5278e+03 
6.9100e+00    9.5415e+03 
6.9200e+00    9.5471e+03 
6.9300e+00    9.5474e+03 
6.9400e+00    9.5536e+03 
6.9500e+00    9.5591e+03 
6.9600e+00    9.5757e+03 
6.9700e+00    9.5910e+03 
6.9800e+00    9.5971e+03 
6.9900e+00    9.5929e+03 
7.0000e+00    9.6105e+03 
7.0100e+00    9.6373e+03 
7.0200e+00    9.6601e+03 
7.0300e+00    9.6741e+03 
7.0400e+00    9.6880e+03 
7.0500e+00    9.7100e+03 
7.0600e+00    9.7195e+03 
7.0700e+00    9.7403e+03 
7.0800e+00    9.7632e+03 
7.0900e+00    9.7766e+03 
7.1000e+00    9.7862e+03 
7.1100e+00    9.8102e+03 
7.1200e+00    9.8074e+03 
7.1300e+00    9.8278e+03 
7.1400e+00    9.8548e+03 
7.1500e+00    9.8576e+03 
7.1600e+00    9.8696e+03 
7.1700e+00    9.8747e+03 
7.1800e+00    9.8796e+03 
7.1900e+00    9.8828e+03 
7.2000e+00    9.8915e+03 
7.2100e+00    9.8952e+03 
7.2200e+00    9.9193e+03 
7.2300e+00    9.9357e+03 
7.2400e+00    9.9388e+03 
7.2500e+00    9.9451e+03 
7.2600e+00    9.9828e+03 
7.2700e+00    9.9840e+03 
7.2800e+00    9.9885e+03 
7.2900e+00    1.0022e+04 
7.3000e+00    1.0031e+04 
7.3100e+00    1.0047e+04 
7.3200e+00    1.0062e+04 
7.3300e+00    1.0073e+04 
7.3400e+00    1.0082e+04 
7.3500e+00    1.0077e+04 
7.3600e+00    1.0102e+04 
7.3700e+00    1.0099e+04 
7.3800e+00    1.0105e+04 
7.3900e+00    1.0131e+04 
7.4000e+00    1.0156e+04 
7.4100e+00    1.0182e+04 
7.4200e+00    1.0193e+04 
7.4300e+00    1.0215e+04 
7.4400e+00    1.0231e+04 
7.4500e+00    1.0234e+04 
7.4600e+00    1.0238e+04 
7.4700e+00    1.0249e+04 
7.4800e+00    1.0239e+04 
7.4900e+00    1.0262e+04 
7.5000e+00    1.0282e+04 
7.5100e+00    1.0297e+04 
7.5200e+00    1.0298e+04 
7.5300e+00    1.0317e+04 
7.5400e+00    1.0330e+04 
7.5500e+00    1.0328e+04 
7.5600e+00    1.0344e+04 
7.5700e+00    1.0350e+04 
7.5800e+00    1.0361e+04 
7.5900e+00    1.0376e+04 
7.6000e+00    1.0392e+04 
7.6100e+00    1.0400e+04 
7.6200e+00    1.0413e+04 
7.6300e+00    1.0431e+04 
7.6400e+00    1.0442e+04 
7.6500e+00    1.0443e+04 
7.6600e+00    1.0474e+04 
7.6700e+00    1.0499e+04 
7.6800e+00    1.0512e+04 
7.6900e+00    1.0539e+04 
7.7000e+00    1.0561e+04 
7.7100e+00    1.0564e+04 
7.7200e+00    1.0591e+04 
7.7300e+00    1.0597e+04 
7.7400e+00    1.0595e+04 
7.7500e+00    1.0617e+04 
7.7600e+00    1.0631e+04 
7.7700e+00    1.0649e+04 
7.7800e+00    1.0683e+04 
7.7900e+00    1.0708e+04 
7.8000e+00    1.0711e+04 
7.8100e+00    1.0736e+04 
7.8200e+00    1.0744e+04 
7.8300e+00    1.0750e+04 
7.8400e+00    1.0769e+04 
7.8500e+00    1.0789e+04 
7.8600e+00    1.0797e+04 
7.8700e+00    1.0808e+04 
7.8800e+00    1.0828e+04 
7.8900e+00    1.0848e+04 
7.9000e+00    1.0850e+04 
7.9100e+00    1.0861e+04 
7.9200e+00    1.0871e+04 
7.9300e+00    1.0880e+04 
7.9400e+00    1.0905e+04 
7.9500e+00    1.0921e+04 
7.9600e+00    1.0929e+04 
7.9700e+00    1.0951e+04 
7.9800e+00    1.0964e+04 
7.9900e+00    1.0960e+04 
8.0000e+00    1.0975e+04 
8.0100e+00    1.0973e+04 
8.0200e+00    1.0980e+04 
8.0300e+00    1.0998e+04 
8.0400e+00    1.1015e+04 
8.0500e+00    1.1018e+04 
8.0600e+00    1.1045e+04 
8.0700e+00    1.1064e+04 
8.0800e+00    1.1082e+04 
8.0900e+00    1.1083e+04 
8.1000e+00    1.1091e+04 
8.1100e+00    1.1115e+04 
8.1200e+00    1.1127e+04 
8.1300e+00    1.1146e+04 
8.1400e+00    1.1152e+04 
8.1500e+00    1.1167e+04 
8.1600e+00    1.1181e+04 
8.1700e+00    1.1205e+04 
8.1800e+00    1.1206e+04 
8.1900e+00    1.1208e+04 
8.2000e+00    1.1220e+04 
8.2100e+00    1.1231e+04 
8.2200e+00    1.1229e+04 
8.2300e+00    1.1211e+04 
8.2400e+00    1.1224e+04 
8.2500e+00    1.1237e+04 
8.2600e+00    1.1239e+04 
8.2700e+00    1.1243e+04 
8.2800e+00    1.1258e+04 
8.2900e+00    1.1262e+04 
8.3000e+00    1.1264e+04 
8.3100e+00    1.1281e+04 
8.3200e+00    1.1291e+04 
8.3300e+00    1.1306e+04 
8.3400e+00    1.1316e+04 
8.3500e+00    1.1325e+04 
8.3600e+00    1.1347e+04 
8.3700e+00    1.1350e+04 
8.3800e+00    1.1349e+04 
8.3900e+00    1.1363e+04 
8.4000e+00    1.1406e+04 
8.4100e+00    1.1428e+04 
8.4200e+00    1.1433e+04 
8.4300e+00    1.1458e+04 
8.4400e+00    1.1477e+04 
8.4500e+00    1.1478e+04 
8.4600e+00    1.1505e+04 
8.4700e+00    1.1507e+04 
8.4800e+00    1.1516e+04 
8.4900e+00    1.1531e+04 
8.5000e+00    1.1542e+04 
8.5100e+00    1.1553e+04 
8.5200e+00    1.1579e+04 
8.5300e+00    1.1590e+04 
8.5400e+00    1.1606e+04 
8.5500e+00    1.1617e+04 
8.5600e+00    1.1636e+04 
8.5700e+00    1.1644e+04 
8.5800e+00    1.1645e+04 
8.5900e+00    1.1656e+04 
8.6000e+00    1.1662e+04 
8.6100e+00    1.1676e+04 
8.6200e+00    1.1682e+04 
8.6300e+00    1.1707e+04 
8.6400e+00    1.1714e+04 
8.6500e+00    1.1725e+04 
8.6600e+00    1.1735e+04 
8.6700e+00    1.1743e+04 
8.6800e+00    1.1758e+04 
8.6900e+00    1.1767e+04 
8.7000e+00    1.1772e+04 
8.7100e+00    1.1782e+04 
8.7200e+00    1.1799e+04 
8.7300e+00    1.1802e+04 
8.7400e+00    1.1814e+04 
8.7500e+00    1.1819e+04 
8.7600e+00    1.1838e+04 
8.7700e+00    1.1845e+04 
8.7800e+00    1.1877e+04 
8.7900e+00    1.1887e+04 
8.8000e+00    1.1901e+04 
8.8100e+00    1.1917e+04 
8.8200e+00    1.1932e+04 
8.8300e+00    1.1949e+04 
8.8400e+00    1.1959e+04 
8.8500e+00    1.1941e+04 
8.8600e+00    1.1961e+04 
8.8700e+00    1.1991e+04 
8.8800e+00    1.2002e+04 
8.8900e+00    1.2018e+04 
8.9000e+00    1.2020e+04 
8.9100e+00    1.2033e+04 
8.9200e+00    1.2056e+04 
8.9300e+00    1.2082e+04 
8.9400e+00    1.2100e+04 
8.9500e+00    1.2127e+04 
8.9600e+00    1.2132e+04 
8.9700e+00    1.2157e+04 
8.9800e+00    1.2174e+04 
8.9900e+00    1.2188e+04 
9.0000e+00    1.2205e+04 
9.0100e+00    1.2212e+04 
9.0200e+00    1.2214e+04 
9.0300e+00    1.2227e+04 
9.0400e+00    1.2248e+04 
9.0500e+00    1.2235e+04 
9.0600e+00    1.2252e+04 
9.0700e+00    1.2248e+04 
9.0800e+00    1.2247e+04 
9.0900e+00    1.2270e+04 
9.1000e+00    1.2283e+04 
9.1100e+00    1.2310e+04 
9.1200e+00    1.2326e+04 
9.1300e+00    1.2354e+04 
9.1400e+00    1.2373e+04 
9.1500e+00    1.2387e+04 
9.1600e+00    1.2405e+04 
9.1700e+00    1.2420e+04 
9.1800e+00    1.2439e+04 
9.1900e+00    1.2461e+04 
9.2000e+00    1.2493e+04 
9.2100e+00    1.2519e+04 
9.2200e+00    1.2524e+04 
9.2300e+00    1.2522e+04 
9.2400e+00    1.2529e+04 
9.2500e+00    1.2541e+04 
9.2600e+00    1.2555e+04 
9.2700e+00    1.2566e+04 
9.2800e+00    1.2567e+04 
9.2900e+00    1.2584e+04 
9.3000e+00    1.2579e+04 
9.3100e+00    1.2595e+04 
9.3200e+00    1.2602e+04 
9.3300e+00    1.2620e+04 
9.3400e+00    1.2626e+04 
9.3500e+00    1.2641e+04 
9.3600e+00    1.2634e+04 
9.3700e+00    1.2652e+04 
9.3800e+00    1.2670e+04 
9.3900e+00    1.2686e+04 
9.4000e+00    1.2687e+04 
9.4100e+00    1.2709e+04 
9.4200e+00    1.2740e+04 
9.4300e+00    1.2759e+04 
9.4400e+00    1.2795e+04 
9.4500e+00    1.2813e+04 
9.4600e+00    1.2827e+04 
9.4700e+00    1.2836e+04 
9.4800e+00    1.2867e+04 
9.4900e+00    1.2893e+04 
9.5000e+00    1.2883e+04 
9.5100e+00    1.2901e+04 
9.5200e+00    1.2917e+04 
9.5300e+00    1.2932e+04 
9.5400e+00    1.2950e+04 
9.5500e+00    1.2964e+04 
9.5600e+00    1.2982e+04 
9.5700e+00    1.2973e+04 
9.5800e+00    1.2975e+04 
9.5900e+00    1.2990e+04 
9.6000e+00    1.3002e+04 
9.6100e+00    1.3022e+04 
9.6200e+00    1.3041e+04 
9.6300e+00    1.3038e+04 
9.6400e+00    1.3060e+04 
9.6500e+00    1.3073e+04 
9.6600e+00    1.3093e+04 
9.6700e+00    1.3110e+04 
9.6800e+00    1.3131e+04 
9.6900e+00    1.3160e+04 
9.7000e+00    1.3190e+04 
9.7100e+00    1.3233e+04 
9.7200e+00    1.3246e+04 
9.7300e+00    1.3265e+04 
9.7400e+00    1.3267e+04 
9.7500e+00    1.3273e+04 
9.7600e+00    1.3291e+04 
9.7700e+00    1.3336e+04 
9.7800e+00    1.3357e+04 
9.7900e+00    1.3381e+04 
9.8000e+00    1.3389e+04 
9.8100e+00    1.3398e+04 
9.8200e+00    1.3415e+04 
9.8300e+00    1.3444e+04 
9.8400e+00    1.3462e+04 
9.8500e+00    1.3471e+04 
9.8600e+00    1.3469e+04 
9.8700e+00    1.3469e+04 
9.8800e+00    1.3492e+04 
9.8900e+00    1.3497e+04 
9.9000e+00    1.3519e+04 
9.9100e+00    1.3545e+04 
9.9200e+00    1.3571e+04 
9.9300e+00    1.3572e+04 
9.9400e+00    1.3583e+04 
9.9500e+00    1.3561e+04 
9.9600e+00    1.3555e+04 
9.9700e+00    1.3571e+04 
9.9800e+00    1.3588e+04 
9.9900e+00    1.3600e+04 
1.0000e+01    1.3607e+04 
1.0010e+01    1.3617e+04 
1.0020e+01    1.3640e+04 
1.0030e+01    1.3659e+04 
1.0040e+01    1.3653e+04 
1.0050e+01    1.3667e+04 
1.0060e+01    1.3697e+04 
1.0070e+01    1.3725e+04 
1.0080e+01    1.3746e+04 
1.0090e+01    1.3750e+04 
1.0100e+01    1.3748e+04 
1.0110e+01    1.3755e+04 
1.0120e+01    1.3763e+04 
1.0130e+01    1.3792e+04 
1.0140e+01    1.3798e+04 
1.0150e+01    1.3813e+04 
1.0160e+01    1.3824e+04 
1.0170e+01    1.3836e+04 
1.0180e+01    1.3851e+04 
1.0190e+01    1.3865e+04 
1.0200e+01    1.3876e+04 
1.0210e+01    1.3895e+04 
1.0220e+01    1.3902e+04 
1.0230e+01    1.3905e+04 
1.0240e+01    1.3928e+04 
1.0250e+01    1.3942e+04 
1.0260e+01    1.3953e+04 
1.0270e+01    1.3956e+04 
1.0280e+01    1.3969e+04 
1.0290e+01    1.3990e+04 
1.0300e+01    1.3992e+04 
1.0310e+01    1.4013e+04 
1.0320e+01    1.4037e+04 
1.0330e+01    1.4064e+04 
1.0340e+01    1.4073e+04 
1.0350e+01    1.4098e+04 
1.0360e+01    1.4105e+04 
1.0370e+01    1.4124e+04 
1.0380e+01    1.4122e+04 
1.0390e+01    1.4132e+04 
1.0400e+01    1.4158e+04 
1.0410e+01    1.4178e+04 
1.0420e+01    1.4197e+04 
1.0430e+01    1.4181e+04 
1.0440e+01    1.4180e+04 
1.0450e+01    1.4195e+04 
1.0460e+01    1.4193e+04 
1.0470e+01    1.4199e+04 
1.0480e+01    1.4202e+04 
1.0490e+01    1.4230e+04 
1.0500e+01    1.4242e+04 
1.0510e+01    1.4254e+04 
1.0520e+01    1.4274e+04 
1.0530e+01    1.4292e+04 
1.0540e+01    1.4294e+04 
1.0550e+01    1.4313e+04 
1.0560e+01    1.4334e+04 
1.0570e+01    1.4357e+04 
1.0580e+01    1.4350e+04 
1.0590e+01    1.4363e+04 
1.0600e+01    1.4392e+04 
1.0610e+01    1.4429e+04 
1.0620e+01    1.4451e+04 
1.0630e+01    1.4473e+04 
1.0640e+01    1.4510e+04 
1.0650e+01    1.4518e+04 
1.0660e+01    1.4538e+04 
1.0670e+01    1.4540e+04 
1.0680e+01    1.4542e+04 
1.0690e+01    1.4570e+04 
1.0700e+01    1.4585e+04 
1.0710e+01    1.4616e+04 
1.0720e+01    1.4618e+04 
1.0730e+01    1.4643e+04 
1.0740e+01    1.4658e+04 
1.0750e+01    1.4670e+04 
1.0760e+01    1.4665e+04 
1.0770e+01    1.4699e+04 
1.0780e+01    1.4710e+04 
1.0790e+01    1.4719e+04 
1.0800e+01    1.4748e+04 
1.0810e+01    1.4771e+04 
1.0820e+01    1.4777e+04 
1.0830e+01    1.4805e+04 
1.0840e+01    1.4812e+04 
1.0850e+01    1.4818e+04 
1.0860e+01    1.4824e+04 
1.0870e+01    1.4842e+04 
1.0880e+01    1.4858e+04 
1.0890e+01    1.4900e+04 
1.0900e+01    1.4920e+04 
1.0910e+01    1.4928e+04 
1.0920e+01    1.4936e+04 
1.0930e+01    1.4939e+04 
1.0940e+01    1.4949e+04 
1.0950e+01    1.4972e+04 
1.0960e+01    1.4976e+04 
1.0970e+01    1.4969e+04 
1.0980e+01    1.4993e+04 
1.0990e+01    1.4999e+04 
1.1000e+01    1.5017e+04 
1.1010e+01    1.5034e+04 
1.1020e+01    1.5052e+04 
1.1030e+01    1.5068e+04 
1.1040e+01    1.5091e+04 
1.1050e+01    1.5105e+04 
1.1060e+01    1.5115e+04 
1.1070e+01    1.5134e+04 
1.1080e+01    1.5164e+04 
1.1090e+01    1.5182e+04 
1.1100e+01    1.5203e+04 
1.1110e+01    1.5207e+04 
1.1120e+01    1.5221e+04 
1.1130e+01    1.5217e+04 
1.1140e+01    1.5249e+04 
1.1150e+01    1.5261e+04 
1.1160e+01    1.5261e+04 
1.1170e+01    1.5286e+04 
1.1180e+01    1.5311e+04 
1.1190e+01    1.5331e+04 
1.1200e+01    1.5353e+04 
1.1210e+01    1.5384e+04 
1.1220e+01    1.5396e+04 
1.1230e+01    1.5402e+04 
1.1240e+01    1.5408e+04 
1.1250e+01    1.5421e+04 
1.1260e+01    1.5432e+04 
1.1270e+01    1.5448e+04 
1.1280e+01    1.5459e+04 
1.1290e+01    1.5476e+04 
1.1300e+01    1.5480e+04 
1.1310e+01    1.5493e+04 
1.1320e+01    1.5499e+04 
1.1330e+01    1.5522e+04 
1.1340e+01    1.5530e+04 
1.1350e+01    1.5537e+04 
1.1360e+01    1.5576e+04 
1.1370e+01    1.5580e+04 
1.1380e+01    1.5594e+04 
1.1390e+01    1.5621e+04 
1.1400e+01    1.5631e+04 
1.1410e+01    1.5647e+04 
1.1420e+01    1.5640e+04 
1.1430e+01    1.5671e+04 
1.1440e+01    1.5688e+04 
1.1450e+01    1.5685e+04 
1.1460e+01    1.5703e+04 
1.1470e+01    1.5703e+04 
1.1480e+01    1.5719e+04 
1.1490e+01    1.5722e+04 
1.1500e+01    1.5699e+04 
1.1510e+01    1.5716e+04 
1.1520e+01    1.5720e+04 
1.1530e+01    1.5756e+04 
1.1540e+01    1.5761e+04 
1.1550e+01    1.5781e+04 
1.1560e+01    1.5795e+04 
1.1570e+01    1.5824e+04 
1.1580e+01    1.5838e+04 
1.1590e+01    1.5867e+04 
1.1600e+01    1.5885e+04 
1.1610e+01    1.5921e+04 
1.1620e+01    1.5944e+04 
1.1630e+01    1.5956e+04 
1.1640e+01    1.5968e+04 
1.1650e+01    1.5991e+04 
1.1660e+01    1.6017e+04 
1.1670e+01    1.6031e+04 
1.1680e+01    1.6041e+04 
1.1690e+01    1.6055e+04 
1.1700e+01    1.6062e+04 
1.1710e+01    1.6047e+04 
1.1720e+01    1.6074e+04 
1.1730e+01    1.6073e+04 
1.1740e+01    1.6088e+04 
1.1750e+01    1.6111e+04 
1.1760e+01    1.6128e+04 
1.1770e+01    1.6107e+04 
1.1780e+01    1.6122e+04 
1.1790e+01    1.6140e+04 
1.1800e+01    1.6159e+04 
1.1810e+01    1.6171e+04 
1.1820e+01    1.6203e+04 
1.1830e+01    1.6238e+04 
1.1840e+01    1.6248e+04 
1.1850e+01    1.6253e+04 
1.1860e+01    1.6253e+04 
1.1870e+01    1.6285e+04 
1.1880e+01    1.6269e+04 
1.1890e+01    1.6301e+04 
1.1900e+01    1.6304e+04 
1.1910e+01    1.6304e+04 
1.1920e+01    1.6316e+04 
1.1930e+01    1.6328e+04 
1.1940e+01    1.6346e+04 
1.1950e+01    1.6360e+04 
1.1960e+01    1.6366e+04 
1.1970e+01    1.6393e+04 
1.1980e+01    1.6409e+04 
1.1990e+01    1.6447e+04 
1.2000e+01    1.6461e+04 
1.2010e+01    1.6476e+04 
1.2020e+01    1.6469e+04 
1.2030e+01    1.6483e+04 
1.2040e+01    1.6477e+04 
1.2050e+01    1.6480e+04 
1.2060e+01    1.6502e+04 
1.2070e+01    1.6529e+04 
1.2080e+01    1.6539e+04 
1.2090e+01    1.6543e+04 
1.2100e+01    1.6563e+04 
1.2110e+01    1.6577e+04 
1.2120e+01    1.6601e+04 
1.2130e+01    1.6606e+04 
1.2140e+01    1.6619e+04 
1.2150e+01    1.6619e+04 
1.2160e+01    1.6666e+04 
1.2170e+01    1.6683e+04 
1.2180e+01    1.6695e+04 
1.2190e+01    1.6723e+04 
1.2200e+01    1.6734e+04 
1.2210e+01    1.6773e+04 
1.2220e+01    1.6779e+04 
1.2230e+01    1.6802e+04 
1.2240e+01    1.6808e+04 
1.2250e+01    1.6824e+04 
1.2260e+01    1.6861e+04 
1.2270e+01    1.6881e+04 
1.2280e+01    1.6880e+04 
1.2290e+01    1.6911e+04 
1.2300e+01    1.6936e+04 
1.2310e+01    1.6932e+04 
1.2320e+01    1.6931e+04 
1.2330e+01    1.6940e+04 
1.2340e+01    1.6943e+04 
1.2350e+01    1.6943e+04 
1.2360e+01    1.6963e+04 
1.2370e+01    1.6986e+04 
1.2380e+01    1.6966e+04 
1.2390e+01    1.6978e+04 
1.2400e+01    1.6996e+04 
1.2410e+01    1.7020e+04 
1.2420e+01    1.7015e+04 
1.2430e+01    1.7036e+04 
1.2440e+01    1.7061e+04 
1.2450e+01    1.7059e+04 
1.2460e+01    1.7088e+04 
1.2470e+01    1.7102e+04 
1.2480e+01    1.7124e+04 
1.2490e+01    1.7132e+04 
1.2500e+01    1.7151e+04 
1.2510e+01    1.7172e+04 
1.2520e+01    1.7180e+04 
1.2530e+01    1.7201e+04 
1.2540e+01    1.7230e+04 
1.2550e+01    1.7228e+04 
1.2560e+01    1.7246e+04 
1.2570e+01    1.7283e+04 
1.2580e+01    1.7286e+04 
1.2590e+01    1.7329e+04 
1.2600e+01    1.7321e+04 
1.2610e+01    1.7347e+04 
1.2620e+01    1.7367e+04 
1.2630e+01    1.7380e+04 
1.2640e+01    1.7374e+04 
1.2650e+01    1.7393e+04 
1.2660e+01    1.7415e+04 
1.2670e+01    1.7431e+04 
1.2680e+01    1.7444e+04 
1.2690e+01    1.7454e+04 
1.2700e+01    1.7443e+04 
1.2710e+01    1.7448e+04 
1.2720e+01    1.7457e+04 
1.2730e+01    1.7484e+04 
1.2740e+01    1.7508e+04 
1.2750e+01    1.7516e+04 
1.2760e+01    1.7499e+04 
1.2770e+01    1.7514e+04 
1.2780e+01    1.7531e+04 
1.2790e+01    1.7547e+04 
1.2800e+01    1.7557e+04 
1.2810e+01    1.7573e+04 
1.2820e+01    1.7603e+04 
1.2830e+01    1.7631e+04 
1.2840e+01    1.7663e+04 
1.2850e+01    1.7656e+04 
1.2860e+01    1.7671e+04 
1.2870e+01    1.7676e+04 
1.2880e+01    1.7685e+04 
1.2890e+01    1.7679e+04 
1.2900e+01    1.7701e+04 
1.2910e+01    1.7714e+04 
1.2920e+01    1.7744e+04 
1.2930e+01    1.7757e+04 
1.2940e+01    1.7779e+04 
1.2950e+01    1.7787e+04 
1.2960e+01    1.7812e+04 
1.2970e+01    1.7829e+04 
1.2980e+01    1.7836e+04 
1.2990e+01    1.7835e+04 
1.3000e+01    1.7834e+04 
1.3010e+01    1.7834e+04 
1.3020e+01    1.7833e+04 
1.3030e+01    1.7837e+04 
1.3040e+01    1.7840e+04 
1.3050e+01    1.7859e+04 
1.3060e+01    1.7861e+04 
1.3070e+01    1.7893e+04 
1.3080e+01    1.7885e+04 
1.3090e+01    1.7932e+04 
1.3100e+01    1.7941e+04 
1.3110e+01    1.7973e+04 
1.3120e+01    1.7973e+04 
1.3130e+01    1.7995e+04 
1.3140e+01    1.8005e+04 
1.3150e+01    1.8014e+04 
1.3160e+01    1.8025e+04 
1.3170e+01    1.8048e+04 
1.3180e+01    1.8062e+04 
1.3190e+01    1.8072e+04 
1.3200e+01    1.8048e+04 
1.3210e+01    1.8027e+04 
1.3220e+01    1.8036e+04 
1.3230e+01    1.8050e+04 
1.3240e+01    1.8055e+04 
1.3250e+01    1.8078e+04 
1.3260e+01    1.8076e+04 
1.3270e+01    1.8088e+04 
1.3280e+01    1.8135e+04 
1.3290e+01    1.8146e+04 
1.3300e+01    1.8146e+04 
1.3310e+01    1.8161e+04 
1.3320e+01    1.8178e+04 
1.3330e+01    1.8206e+04 
1.3340e+01    1.8211e+04 
1.3350e+01    1.8220e+04 
1.3360e+01    1.8230e+04 
1.3370e+01    1.8239e+04 
1.3380e+01    1.8251e+04 
1.3390e+01    1.8272e+04 
1.3400e+01    1.8293e+04 
1.3410e+01    1.8310e+04 
1.3420e+01    1.8320e+04 
1.3430e+01    1.8322e+04 
1.3440e+01    1.8346e+04 
1.3450e+01    1.8376e+04 
1.3460e+01    1.8399e+04 
1.3470e+01    1.8392e+04 
1.3480e+01    1.8390e+04 
1.3490e+01    1.8396e+04 
1.3500e+01    1.8402e+04 
1.3510e+01    1.8414e+04 
1.3520e+01    1.8438e+04 
1.3530e+01    1.8442e+04 
1.3540e+01    1.8467e+04 
1.3550e+01    1.8473e+04 
1.3560e+01    1.8470e+04 
1.3570e+01    1.8455e+04 
1.3580e+01    1.8457e+04 
1.3590e+01    1.8463e+04 
1.3600e+01    1.8472e+04 
1.3610e+01    1.8490e+04 
1.3620e+01    1.8499e+04 
1.3630e+01    1.8496e+04 
1.3640e+01    1.8500e+04 
1.3650e+01    1.8511e+04 
1.3660e+01    1.8524e+04 
1.3670e+01    1.8532e+04 
1.3680e+01    1.8539e+04 
1.3690e+01    1.8556e+04 
1.3700e+01    1.8596e+04 
1.3710e+01    1.8618e+04 
1.3720e+01    1.8653e+04 
1.3730e+01    1.8636e+04 
1.3740e+01    1.8632e+04 
1.3750e+01    1.8634e+04 
1.3760e+01    1.8655e+04 
1.3770e+01    1.8676e+04 
1.3780e+01    1.8665e+04 
1.3790e+01    1.8687e+04 
1.3800e+01    1.8724e+04 
1.3810e+01    1.8740e+04 
1.3820e+01    1.8764e+04 
1.3830e+01    1.8780e+04 
1.3840e+01    1.8784e+04 
1.3850e+01    1.8800e+04 
1.3860e+01    1.8787e+04 
1.3870e+01    1.8777e+04 
1.3880e+01    1.8800e+04 
1.3890e+01    1.8829e+04 
1.3900e+01    1.8858e+04 
1.3910e+01    1.8882e+04 
1.3920e+01    1.8907e+04 
1.3930e+01    1.8933e+04 
1.3940e+01    1.8945e+04 
1.3950e+01    1.8955e+04 
1.3960e+01    1.8982e+04 
1.3970e+01    1.8984e+04 
1.3980e+01    1.8993e+04 
1.3990e+01    1.9010e+04 
1.4000e+01    1.9043e+04 
1.4010e+01    1.9082e+04 
1.4020e+01    1.9119e+04 
1.4030e+01    1.9117e+04 
1.4040e+01    1.9135e+04 
1.4050e+01    1.9161e+04 
1.4060e+01    1.9169e+04 
1.4070e+01    1.9169e+04 
1.4080e+01    1.9169e+04 
1.4090e+01    1.9156e+04 
1.4100e+01    1.9183e+04 
1.4110e+01    1.9195e+04 
1.4120e+01    1.9220e+04 
1.4130e+01    1.9214e+04 
1.4140e+01    1.9199e+04 
1.4150e+01    1.9225e+04 
1.4160e+01    1.9231e+04 
1.4170e+01    1.9259e+04 
1.4180e+01    1.9270e+04 
1.4190e+01    1.9266e+04 
1.4200e+01    1.9274e+04 
1.4210e+01    1.9281e+04 
1.4220e+01    1.9293e+04 
1.4230e+01    1.9317e+04 
1.4240e+01    1.9338e+04 
1.4250e+01    1.9346e+04 
1.4260e+01    1.9376e+04 
1.4270e+01    1.9397e+04 
1.4280e+01    1.9426e+04 
1.4290e+01    1.9431e+04 
1.4300e+01    1.9462e+04 
1.4310e+01    1.9452e+04 
1.4320e+01    1.9455e+04 
1.4330e+01    1.9474e+04 
1.4340e+01    1.9472e+04 
1.4350e+01    1.9493e+04 
1.4360e+01    1.9510e+04 
1.4370e+01    1.9519e+04 
1.4380e+01    1.9559e+04 
1.4390e+01    1.9584e+04 
1.4400e+01    1.9579e+04 
1.4410e+01    1.9573e+04 
1.4420e+01    1.9608e+04 
1.4430e+01    1.9603e+04 
1.4440e+01    1.9646e+04 
1.4450e+01    1.9685e+04 
1.4460e+01    1.9694e+04 
1.4470e+01    1.9704e+04 
1.4480e+01    1.9687e+04 
1.4490e+01    1.9700e+04 
1.4500e+01    1.9714e+04 
1.4510e+01    1.9710e+04 
1.4520e+01    1.9710e+04 
1.4530e+01    1.9737e+04 
1.4540e+01    1.9758e+04 
1.4550e+01    1.9767e+04 
1.4560e+01    1.9791e+04 
1.4570e+01    1.9806e+04 
1.4580e+01    1.9818e+04 
1.4590e+01    1.9825e+04 
1.4600e+01    1.9833e+04 
1.4610e+01    1.9854e+04 
1.4620e+01    1.9843e+04 
1.4630e+01    1.9851e+04 
1.4640e+01    1.9866e+04 
1.4650e+01    1.9876e+04 
1.4660e+01    1.9883e+04 
1.4670e+01    1.9888e+04 
1.4680e+01    1.9905e+04 
1.4690e+01    1.9915e+04 
1.4700e+01    1.9919e+04 
1.4710e+01    1.9929e+04 
1.4720e+01    1.9917e+04 
1.4730e+01    1.9931e+04 
1.4740e+01    1.9965e+04 
1.4750e+01    1.9987e+04 
1.4760e+01    1.9986e+04 
1.4770e+01    2.0004e+04 
1.4780e+01    2.0045e+04 
1.4790e+01    2.0061e+04 
1.4800e+01    2.0077e+04 
1.4810e+01    2.0110e+04 
1.4820e+01    2.0098e+04 
1.4830e+01    2.0113e+04 
1.4840e+01    2.0141e+04 
1.4850e+01    2.0155e+04 
1.4860e+01    2.0179e+04 
1.4870e+01    2.0190e+04 
1.4880e+01    2.0218e+04 
1.4890e+01    2.0241e+04 
1.4900e+01    2.0268e+04 
1.4910e+01    2.0284e+04 
1.4920e+01    2.0289e+04 
1.4930e+01    2.0296e+04 
1.4940e+01    2.0296e+04 
1.4950e+01    2.0286e+04 
1.4960e+01    2.0308e+04 
1.4970e+01    2.0318e+04 
1.4980e+01    2.0319e+04 
1.4990e+01    2.0350e+04 
1.5000e+01    2.0352e+04 
1.5010e+01    2.0358e+04 
1.5020e+01    2.0345e+04 
1.5030e+01    2.0384e+04 
1.5040e+01    2.0417e+04 
1.5050e+01    2.0424e+04 
1.5060e+01    2.0439e+04 
1.5070e+01    2.0446e+04 
1.5080e+01    2.0480e+04 
1.5090e+01    2.0510e+04 
1.5100e+01    2.0500e+04 
1.5110e+01    2.0514e+04 
1.5120e+01    2.0514e+04 
1.5130e+01    2.0515e+04 
1.5140e+01    2.0548e+04 
1.5150e+01    2.0552e+04 
1.5160e+01    2.0569e+04 
1.5170e+01    2.0577e+04 
1.5180e+01    2.0588e+04 
1.5190e+01    2.0599e+04 
1.5200e+01    2.0585e+04 
1.5210e+01    2.0589e+04 
1.5220e+01    2.0617e+04 
1.5230e+01    2.0628e+04 
1.5240e+01    2.0648e+04 
1.5250e+01    2.0689e+04 
1.5260e+01    2.0690e+04 
1.5270e+01    2.0699e+04 
1.5280e+01    2.0699e+04 
1.5290e+01    2.0727e+04 
1.5300e+01    2.0754e+04 
1.5310e+01    2.0752e+04 
1.5320e+01    2.0786e+04 
1.5330e+01    2.0792e+04 
1.5340e+01    2.0811e+04 
1.5350e+01    2.0835e+04 
1.5360e+01    2.0840e+04 
1.5370e+01    2.0847e+04 
1.5380e+01    2.0846e+04 
1.5390e+01    2.0852e+04 
1.5400e+01    2.0872e+04 
1.5410e+01    2.0870e+04 
1.5420e+01    2.0858e+04 
1.5430e+01    2.0868e+04 
1.5440e+01    2.0857e+04 
1.5450e+01    2.0885e+04 
1.5460e+01    2.0885e+04 
1.5470e+01    2.0906e+04 
1.5480e+01    2.0922e+04 
1.5490e+01    2.0953e+04 
1.5500e+01    2.0974e+04 
1.5510e+01    2.0998e+04 
1.5520e+01    2.1030e+04 
1.5530e+01    2.1047e+04 
1.5540e+01    2.1078e+04 
1.5550e+01    2.1097e+04 
1.5560e+01    2.1093e+04 
1.5570e+01    2.1074e+04 
1.5580e+01    2.1088e+04 
1.5590e+01    2.1097e+04 
1.5600e+01    2.1106e+04 
1.5610e+01    2.1074e+04 
1.5620e+01    2.1107e+04 
1.5630e+01    2.1133e+04 
1.5640e+01    2.1162e+04 
1.5650e+01    2.1171e+04 
1.5660e+01    2.1177e+04 
1.5670e+01    2.1154e+04 
1.5680e+01    2.1194e+04 
1.5690e+01    2.1200e+04 
1.5700e+01    2.1193e+04 
1.5710e+01    2.1210e+04 
1.5720e+01    2.1223e+04 
1.5730e+01    2.1227e+04 
1.5740e+01    2.1238e+04 
1.5750e+01    2.1251e+04 
1.5760e+01    2.1260e+04 
1.5770e+01    2.1284e+04 
1.5780e+01    2.1292e+04 
1.5790e+01    2.1302e+04 
1.5800e+01    2.1322e+04 
1.5810e+01    2.1324e+04 
1.5820e+01    2.1322e+04 
1.5830e+01    2.1338e+04 
1.5840e+01    2.1333e+04 
1.5850e+01    2.1352e+04 
1.5860e+01    2.1360e+04 
1.5870e+01    2.1360e+04 
1.5880e+01    2.1344e+04 
1.5890e+01    2.1385e+04 
1.5900e+01    2.1414e+04 
1.5910e+01    2.1446e+04 
1.5920e+01    2.1455e+04 
1.5930e+01    2.1484e+04 
1.5940e+01    2.1497e+04 
1.5950e+01    2.1508e+04 
1.5960e+01    2.1528e+04 
1.5970e+01    2.1508e+04 
1.5980e+01    2.1514e+04 
1.5990e+01    2.1515e+04 
1.6000e+01    2.1538e+04 
1.6010e+01    2.1556e+04 
1.6020e+01    2.1548e+04 
1.6030e+01    2.1583e+04 
1.6040e+01    2.1593e+04 
1.6050e+01    2.1603e+04 
1.6060e+01    2.1639e+04 
1.6070e+01    2.1649e+04 
1.6080e+01    2.1672e+04 
1.6090e+01    2.1701e+04 
1.6100e+01    2.1741e+04 
1.6110e+01    2.1778e+04 
1.6120e+01    2.1783e+04 
1.6130e+01    2.1803e+04 
1.6140e+01    2.1825e+04 
1.6150e+01    2.1844e+04 
1.6160e+01    2.1845e+04 
1.6170e+01    2.1875e+04 
1.6180e+01    2.1888e+04 
1.6190e+01    2.1897e+04 
1.6200e+01    2.1892e+04 
1.6210e+01    2.1892e+04 
1.6220e+01    2.1906e+04 
1.6230e+01    2.1919e+04 
1.6240e+01    2.1917e+04 
1.6250e+01    2.1922e+04 
1.6260e+01    2.1946e+04 
1.6270e+01    2.1946e+04 
1.6280e+01    2.1986e+04 
1.6290e+01    2.1996e+04 
1.6300e+01    2.2009e+04 
1.6310e+01    2.2001e+04 
1.6320e+01    2.2015e+04 
1.6330e+01    2.2010e+04 
1.6340e+01    2.1983e+04 
1.6350e+01    2.2005e+04 
1.6360e+01    2.2019e+04 
1.6370e+01    2.2068e+04 
1.6380e+01    2.2069e+04 
1.6390e+01    2.2063e+04 
1.6400e+01    2.2087e+04 
1.6410e+01    2.2125e+04 
1.6420e+01    2.2153e+04 
1.6430e+01    2.2177e+04 
1.6440e+01    2.2205e+04 
1.6450e+01    2.2231e+04 
1.6460e+01    2.2257e+04 
1.6470e+01    2.2291e+04 
1.6480e+01    2.2305e+04 
1.6490e+01    2.2324e+04 
1.6500e+01    2.2334e+04 
1.6510e+01    2.2347e+04 
1.6520e+01    2.2355e+04 
1.6530e+01    2.2364e+04 
1.6540e+01    2.2396e+04 
1.6550e+01    2.2412e+04 
1.6560e+01    2.2420e+04 
1.6570e+01    2.2445e+04 
1.6580e+01    2.2456e+04 
1.6590e+01    2.2480e+04 
1.6600e+01    2.2501e+04 
1.6610e+01    2.2491e+04 
1.6620e+01    2.2508e+04 
1.6630e+01    2.2560e+04 
1.6640e+01    2.2595e+04 
1.6650e+01    2.2601e+04 
1.6660e+01    2.2628e+04 
1.6670e+01    2.2655e+04 
1.6680e+01    2.2661e+04 
1.6690e+01    2.2660e+04 
1.6700e+01    2.2669e+04 
1.6710e+01    2.2649e+04 
1.6720e+01    2.2651e+04 
1.6730e+01    2.2676e+04 
1.6740e+01    2.2701e+04 
1.6750e+01    2.2731e+04 
1.6760e+01    2.2752e+04 
1.6770e+01    2.2774e+04 
1.6780e+01    2.2780e+04 
1.6790e+01    2.2794e+04 
1.6800e+01    2.2796e+04 
1.6810e+01    2.2787e+04 
1.6820e+01    2.2796e+04 
1.6830e+01    2.2828e+04 
1.6840e+01    2.2825e+04 
1.6850e+01    2.2861e+04 
1.6860e+01    2.2862e+04 
1.6870e+01    2.2868e+04 
1.6880e+01    2.2875e+04 
1.6890e+01    2.2873e+04 
1.6900e+01    2.2877e+04 
1.6910e+01    2.2897e+04 
1.6920e+01    2.2919e+04 
1.6930e+01    2.2925e+04 
1.6940e+01    2.2935e+04 
1.6950e+01    2.2955e+04 
1.6960e+01    2.2972e+04 
1.6970e+01    2.2974e+04 
1.6980e+01    2.2979e+04 
1.6990e+01    2.2973e+04 
1.7000e+01    2.2983e+04 
1.7010e+01    2.2994e+04 
1.7020e+01    2.2990e+04 
1.7030e+01    2.3003e+04 
1.7040e+01    2.3009e+04 
1.7050e+01    2.3020e+04 
1.7060e+01    2.3041e+04 
1.7070e+01    2.3061e+04 
1.7080e+01    2.3087e+04 
1.7090e+01    2.3114e+04 
1.7100e+01    2.3140e+04 
1.7110e+01    2.3161e+04 
1.7120e+01    2.3190e+04 
1.7130e+01    2.3206e+04 
1.7140e+01    2.3215e+04 
1.7150e+01    2.3232e+04 
1.7160e+01    2.3258e+04 
1.7170e+01    2.3272e+04 
1.7180e+01    2.3277e+04 
1.7190e+01    2.3258e+04 
1.7200e+01    2.3280e+04 
1.7210e+01    2.3277e+04 
1.7220e+01    2.3299e+04 
1.7230e+01    2.3306e+04 
1.7240e+01    2.3312e+04 
1.7250e+01    2.3330e+04 
1.7260e+01    2.3361e+04 
1.7270e+01    2.3353e+04 
1.7280e+01    2.3357e+04 
1.7290e+01    2.3367e+04 
1.7300e+01    2.3408e+04 
1.7310e+01    2.3416e+04 
1.7320e+01    2.3435e+04 
1.7330e+01    2.3457e+04 
1.7340e+01    2.3462e+04 
1.7350e+01    2.3465e+04 
1.7360e+01    2.3512e+04 
1.7370e+01    2.3533e+04 
1.7380e+01    2.3541e+04 
1.7390e+01    2.3548e+04 
1.7400e+01    2.3542e+04 
1.7410e+01    2.3546e+04 
1.7420e+01    2.3586e+04 
1.7430e+01    2.3613e+04 
1.7440e+01    2.3631e+04 
1.7450e+01    2.3623e+04 
1.7460e+01    2.3633e+04 
1.7470e+01    2.3642e+04 
1.7480e+01    2.3672e+04 
1.7490e+01    2.3693e+04 
1.7500e+01    2.3711e+04 
1.7510e+01    2.3716e+04 
1.7520e+01    2.3722e+04 
1.7530e+01    2.3764e+04 
1.7540e+01    2.3794e+04 
1.7550e+01    2.3837e+04 
1.7560e+01    2.3855e+04 
1.7570e+01    2.3844e+04 
1.7580e+01    2.3871e+04 
1.7590e+01    2.3879e+04 
1.7600e+01    2.3889e+04 
1.7610e+01    2.3909e+04 
1.7620e+01    2.3927e+04 
1.7630e+01    2.3934e+04 
1.7640e+01    2.3935e+04 
1.7650e+01    2.3945e+04 
1.7660e+01    2.3980e+04 
1.7670e+01    2.4003e+04 
1.7680e+01    2.4018e+04 
1.7690e+01    2.4030e+04 
1.7700e+01    2.4045e+04 
1.7710e+01    2.4057e+04 
1.7720e+01    2.4077e+04 
1.7730e+01    2.4086e+04 
1.7740e+01    2.4098e+04 
1.7750e+01    2.4112e+04 
1.7760e+01    2.4115e+04 
1.7770e+01    2.4128e+04 
1.7780e+01    2.4136e+04 
1.7790e+01    2.4161e+04 
1.7800e+01    2.4141e+04 
1.7810e+01    2.4174e+04 
1.7820e+01    2.4175e+04 
1.7830e+01    2.4183e+04 
1.7840e+01    2.4202e+04 
1.7850e+01    2.4211e+04 
1.7860e+01    2.4218e+04 
1.7870e+01    2.4241e+04 
1.7880e+01    2.4229e+04 
1.7890e+01    2.4228e+04 
1.7900e+01    2.4253e+04 
1.7910e+01    2.4301e+04 
1.7920e+01    2.4330e+04 
1.7930e+01    2.4350e+04 
1.7940e+01    2.4334e+04 
1.7950e+01    2.4341e+04 
1.7960e+01    2.4354e+04 
1.7970e+01    2.4388e+04 
1.7980e+01    2.4392e+04 
1.7990e+01    2.4394e+04 
1.8000e+01    2.4393e+04 
1.8010e+01    2.4400e+04 
1.8020e+01    2.4406e+04 
1.8030e+01    2.4422e+04 
1.8040e+01    2.4476e+04 
1.8050e+01    2.4503e+04 
1.8060e+01    2.4511e+04 
1.8070e+01    2.4536e+04 
1.8080e+01    2.4532e+04 
1.8090e+01    2.4559e+04 
1.8100e+01    2.4551e+04 
1.8110e+01    2.4587e+04 
1.8120e+01    2.4603e+04 
1.8130e+01    2.4612e+04 
1.8140e+01    2.4618e+04 
1.8150e+01    2.4643e+04 
1.8160e+01    2.4663e+04 
1.8170e+01    2.4669e+04 
1.8180e+01    2.4679e+04 
1.8190e+01    2.4697e+04 
1.8200e+01    2.4695e+04 
1.8210e+01    2.4702e+04 
1.8220e+01    2.4677e+04 
1.8230e+01    2.4681e+04 
1.8240e+01    2.4705e+04 
1.8250e+01    2.4728e+04 
1.8260e+01    2.4735e+04 
1.8270e+01    2.4753e+04 
1.8280e+01    2.4771e+04 
1.8290e+01    2.4772e+04 
1.8300e+01    2.4785e+04 
1.8310e+01    2.4831e+04 
1.8320e+01    2.4866e+04 
1.8330e+01    2.4904e+04 
1.8340e+01    2.4918e+04 
1.8350e+01    2.4938e+04 
1.8360e+01    2.4956e+04 
1.8370e+01    2.4972e+04 
1.8380e+01    2.4981e+04 
1.8390e+01    2.4980e+04 
1.8400e+01    2.4980e+04 
1.8410e+01    2.5002e+04 
1.8420e+01    2.5035e+04 
1.8430e+01    2.5044e+04 
1.8440e+01    2.5063e+04 
1.8450e+01    2.5076e+04 
1.8460e+01    2.5077e+04 
1.8470e+01    2.5091e+04 
1.8480e+01    2.5124e+04 
1.8490e+01    2.5135e+04 
1.8500e+01    2.5148e+04 
1.8510e+01    2.5169e+04 
1.8520e+01    2.5205e+04 
1.8530e+01    2.5225e+04 
1.8540e+01    2.5245e+04 
1.8550e+01    2.5246e+04 
1.8560e+01    2.5277e+04 
1.8570e+01    2.5284e+04 
1.8580e+01    2.5307e+04 
1.8590e+01    2.5335e+04 
1.8600e+01    2.5343e+04 
1.8610e+01    2.5375e+04 
1.8620e+01    2.5380e+04 
1.8630e+01    2.5363e+04 
1.8640e+01    2.5356e+04 
1.8650e+01    2.5387e+04 
1.8660e+01    2.5422e+04 
1.8670e+01    2.5455e+04 
1.8680e+01    2.5492e+04 
1.8690e+01    2.5476e+04 
1.8700e+01    2.5497e+04 
1.8710e+01    2.5532e+04 
1.8720e+01    2.5555e+04 
1.8730e+01    2.5545e+04 
1.8740e+01    2.5560e+04 
1.8750e+01    2.5573e+04 
1.8760e+01    2.5608e+04 
1.8770e+01    2.5636e+04 
1.8780e+01    2.5639e+04 
1.8790e+01    2.5663e+04 
1.8800e+01    2.5680e+04 
1.8810e+01    2.5702e+04 
1.8820e+01    2.5733e+04 
1.8830e+01    2.5753e+04 
1.8840e+01    2.5778e+04 
1.8850e+01    2.5808e+04 
1.8860e+01    2.5815e+04 
1.8870e+01    2.5832e+04 
1.8880e+01    2.5871e+04 
1.8890e+01    2.5877e+04 
1.8900e+01    2.5865e+04 
1.8910e+01    2.5868e+04 
1.8920e+01    2.5877e+04 
1.8930e+01    2.5903e+04 
1.8940e+01    2.5918e+04 
1.8950e+01    2.5921e+04 
1.8960e+01    2.5906e+04 
1.8970e+01    2.5888e+04 
1.8980e+01    2.5898e+04 
1.8990e+01    2.5946e+04 
1.9000e+01    2.5939e+04 
1.9010e+01    2.5912e+04 
1.9020e+01    2.5934e+04 
1.9030e+01    2.5959e+04 
1.9040e+01    2.5951e+04 
1.9050e+01    2.5955e+04 
1.9060e+01    2.5973e+04 
1.9070e+01    2.5982e+04 
1.9080e+01    2.6000e+04 
1.9090e+01    2.6026e+04 
1.9100e+01    2.6008e+04 
1.9110e+01    2.6040e+04 
1.9120e+01    2.6032e+04 
1.9130e+01    2.6043e+04 
1.9140e+01    2.6074e+04 
1.9150e+01    2.6080e+04 
1.9160e+01    2.6073e+04 
1.9170e+01    2.6064e+04 
1.9180e+01    2.6046e+04 
1.9190e+01    2.6085e+04 
1.9200e+01    2.6114e+04 
1.9210e+01    2.6148e+04 
1.9220e+01    2.6166e+04 
1.9230e+01    2.6169e+04 
1.9240e+01    2.6173e+04 
1.9250e+01    2.6190e+04 
1.9260e+01    2.6200e+04 
1.9270e+01    2.6189e+04 
1.9280e+01    2.6223e+04 
1.9290e+01    2.6253e+04 
1.9300e+01    2.6279e+04 
1.9310e+01    2.6298e+04 
1.9320e+01    2.6335e+04 
1.9330e+01    2.6352e+04 
1.9340e+01    2.6350e+04 
1.9350e+01    2.6346e+04 
1.9360e+01    2.6344e+04 
1.9370e+01    2.6365e+04 
1.9380e+01    2.6335e+04 
1.9390e+01    2.6363e+04 
1.9400e+01    2.6347e+04 
1.9410e+01    2.6351e+04 
1.9420e+01    2.6368e+04 
1.9430e+01    2.6396e+04 
1.9440e+01    2.6425e+04 
1.9450e+01    2.6407e+04 
1.9460e+01    2.6412e+04 
1.9470e+01    2.6432e+04 
1.9480e+01    2.6449e+04 
1.9490e+01    2.6440e+04 
1.9500e+01    2.6448e+04 
1.9510e+01    2.6460e+04 
1.9520e+01    2.6481e+04 
1.9530e+01    2.6516e+04 
1.9540e+01    2.6538e+04 
1.9550e+01    2.6550e+04 
1.9560e+01    2.6602e+04 
1.9570e+01    2.6587e+04 
1.9580e+01    2.6638e+04 
1.9590e+01    2.6703e+04 
1.9600e+01    2.6736e+04 
1.9610e+01    2.6761e+04 
1.9620e+01    2.6765e+04 
1.9630e+01    2.6755e+04 
1.9640e+01    2.6763e+04 
1.9650e+01    2.6770e+04 
1.9660e+01    2.6816e+04 
1.9670e+01    2.6849e+04 
1.9680e+01    2.6883e+04 
1.9690e+01    2.6888e+04 
1.9700e+01    2.6913e+04 
1.9710e+01    2.6918e+04 
1.9720e+01    2.6919e+04 
1.9730e+01    2.6903e+04 
1.9740e+01    2.6928e+04 
1.9750e+01    2.6944e+04 
1.9760e+01    2.6994e+04 
1.9770e+01    2.7015e+04 
1.9780e+01    2.7019e+04 
1.9790e+01    2.7041e+04 
1.9800e+01    2.7026e+04 
1.9810e+01    2.7017e+04 
1.9820e+01    2.7027e+04 
1.9830e+01    2.7039e+04 
1.9840e+01    2.7048e+04 
1.9850e+01    2.7042e+04 
1.9860e+01    2.7060e+04 
1.9870e+01    2.7101e+04 
1.9880e+01    2.7101e+04 
1.9890e+01    2.7128e+04 
1.9900e+01    2.7149e+04 
1.9910e+01    2.7170e+04 
1.9920e+01    2.7207e+04 
1.9930e+01    2.7243e+04 
1.9940e+01    2.7246e+04 
1.9950e+01    2.7220e+04 
1.9960e+01    2.7257e+04 
1.9970e+01    2.7280e+04 
1.9980e+01    2.7304e+04 
1.9990e+01    2.7320e+04 
2.0000e+01    2.7365e+04 
2.0010e+01    2.7375e+04 
2.0020e+01    2.7414e+04 
2.0030e+01    2.7424e+04 
2.0040e+01    2.7436e+04 
2.0050e+01    2.7433e+04 
2.0060e+01    2.7455e+04 
2.0070e+01    2.7480e+04 
2.0080e+01    2.7503e+04 
2.0090e+01    2.7559e+04 
2.0100e+01    2.7568e+04 
2.0110e+01    2.7583e+04 
2.0120e+01    2.7588e+04 
2.0130e+01    2.7583e+04 
2.0140e+01    2.7613e+04 
2.0150e+01    2.7621e+04 
2.0160e+01    2.7626e+04 
2.0170e+01    2.7641e+04 
2.0180e+01    2.7688e+04 
2.0190e+01    2.7702e+04 
2.0200e+01    2.7739e+04 
2.0210e+01    2.7746e+04 
2.0220e+01    2.7753e+04 
2.0230e+01    2.7760e+04 
2.0240e+01    2.7752e+04 
2.0250e+01    2.7794e+04 
2.0260e+01    2.7818e+04 
2.0270e+01    2.7865e+04 
2.0280e+01    2.7868e+04 
2.0290e+01    2.7876e+04 
2.0300e+01    2.7889e+04 
2.0310e+01    2.7901e+04 
2.0320e+01    2.7906e+04 
2.0330e+01    2.7927e+04 
2.0340e+01    2.7939e+04 
2.0350e+01    2.7966e+04 
2.0360e+01    2.7995e+04 
2.0370e+01    2.8020e+04 
2.0380e+01    2.8017e+04 
2.0390e+01    2.8039e+04 
2.0400e+01    2.8040e+04 
2.0410e+01    2.8083e+04 
2.0420e+01    2.8115e+04 
2.0430e+01    2.8133e+04 
2.0440e+01    2.8120e+04 
2.0450e+01    2.8138e+04 
2.0460e+01    2.8130e+04 
2.0470e+01    2.8144e+04 
2.0480e+01    2.8179e+04 
2.0490e+01    2.8224e+04 
2.0500e+01    2.8216e+04 
2.0510e+01    2.8240e+04 
2.0520e+01    2.8275e+04 
2.0530e+01    2.8290e+04 
2.0540e+01    2.8293e+04 
2.0550e+01    2.8341e+04 
2.0560e+01    2.8351e+04 
2.0570e+01    2.8340e+04 
2.0580e+01    2.8388e+04 
2.0590e+01    2.8374e+04 
2.0600e+01    2.8385e+04 
2.0610e+01    2.8386e+04 
2.0620e+01    2.8390e+04 
2.0630e+01    2.8376e+04 
2.0640e+01    2.8402e+04 
2.0650e+01    2.8418e+04 
2.0660e+01    2.8443e+04 
2.0670e+01    2.8432e+04 
2.0680e+01    2.8447e+04 
2.0690e+01    2.8445e+04 
2.0700e+01    2.8481e+04 
2.0710e+01    2.8477e+04 
2.0720e+01    2.8474e+04 
2.0730e+01    2.8510e+04 
2.0740e+01    2.8496e+04 
2.0750e+01    2.8495e+04 
2.0760e+01    2.8509e+04 
2.0770e+01    2.8520e+04 
2.0780e+01    2.8546e+04 
2.0790e+01    2.8575e+04 
2.0800e+01    2.8574e+04 
2.0810e+01    2.8589e+04 
2.0820e+01    2.8578e+04 
2.0830e+01    2.8584e+04 
2.0840e+01    2.8596e+04 
2.0850e+01    2.8604e+04 
2.0860e+01    2.8627e+04 
2.0870e+01    2.8619e+04 
2.0880e+01    2.8637e+04 
2.0890e+01    2.8648e+04 
2.0900e+01    2.8658e+04 
2.0910e+01    2.8675e+04 
2.0920e+01    2.8658e+04 
2.0930e+01    2.8675e+04 
2.0940e+01    2.8705e+04 
2.0950e+01    2.8726e+04 
2.0960e+01    2.8723e+04 
2.0970e+01    2.8742e+04 
2.0980e+01    2.8765e+04 
2.0990e+01    2.8821e+04 
2.1000e+01    2.8822e+04 
2.1010e+01    2.8824e+04 
2.1020e+01    2.8839e+04 
2.1030e+01    2.8864e+04 
2.1040e+01    2.8888e+04 
2.1050e+01    2.8894e+04 
2.1060e+01    2.8906e+04 
2.1070e+01    2.8916e+04 
2.1080e+01    2.8954e+04 
2.1090e+01    2.8980e+04 
2.1100e+01    2.8964e+04 
2.1110e+01    2.8985e+04 
2.1120e+01    2.9005e+04 
2.1130e+01    2.9003e+04 
2.1140e+01    2.9019e+04 
2.1150e+01    2.9035e+04 
2.1160e+01    2.9060e+04 
2.1170e+01    2.9093e+04 
2.1180e+01    2.9119e+04 
2.1190e+01    2.9122e+04 
2.1200e+01    2.9120e+04 
2.1210e+01    2.9148e+04 
2.1220e+01    2.9147e+04 
2.1230e+01    2.9153e+04 
2.1240e+01    2.9159e+04 
2.1250e+01    2.9166e+04 
2.1260e+01    2.9158e+04 
2.1270e+01    2.9165e+04 
2.1280e+01    2.9190e+04 
2.1290e+01    2.9186e+04 
2.1300e+01    2.9209e+04 
2.1310e+01    2.9212e+04 
2.1320e+01    2.9248e+04 
2.1330e+01    2.9286e+04 
2.1340e+01    2.9291e+04 
2.1350e+01    2.9327e+04 
2.1360e+01    2.9355e+04 
2.1370e+01    2.9363e+04 
2.1380e+01    2.9369e+04 
2.1390e+01    2.9383e+04 
2.1400e+01    2.9407e+04 
2.1410e+01    2.9393e+04 
2.1420e+01    2.9392e+04 
2.1430e+01    2.9414e+04 
2.1440e+01    2.9421e+04 
2.1450e+01    2.9457e+04 
2.1460e+01    2.9488e+04 
2.1470e+01    2.9517e+04 
2.1480e+01    2.9505e+04 
2.1490e+01    2.9507e+04 
2.1500e+01    2.9571e+04 
2.1510e+01    2.9565e+04 
2.1520e+01    2.9578e+04 
2.1530e+01    2.9599e+04 
2.1540e+01    2.9593e+04 
2.1550e+01    2.9620e+04 
2.1560e+01    2.9638e+04 
2.1570e+01    2.9647e+04 
2.1580e+01    2.9633e+04 
2.1590e+01    2.9637e+04 
2.1600e+01    2.9681e+04 
2.1610e+01    2.9673e+04 
2.1620e+01    2.9696e+04 
2.1630e+01    2.9661e+04 
2.1640e+01    2.9693e+04 
2.1650e+01    2.9725e+04 
2.1660e+01    2.9767e+04 
2.1670e+01    2.9791e+04 
2.1680e+01    2.9808e+04 
2.1690e+01    2.9797e+04 
2.1700e+01    2.9792e+04 
2.1710e+01    2.9817e+04 
2.1720e+01    2.9820e+04 
2.1730e+01    2.9827e+04 
2.1740e+01    2.9829e+04 
2.1750e+01    2.9835e+04 
2.1760e+01    2.9860e+04 
2.1770e+01    2.9884e+04 
2.1780e+01    2.9875e+04 
2.1790e+01    2.9887e+04 
2.1800e+01    2.9899e+04 
2.1810e+01    2.9924e+04 
2.1820e+01    2.9929e+04 
2.1830e+01    2.9934e+04 
2.1840e+01    2.9971e+04 
2.1850e+01    2.9990e+04 
2.1860e+01    3.0013e+04 
2.1870e+01    2.9994e+04 
2.1880e+01    3.0015e+04 
2.1890e+01    3.0046e+04 
2.1900e+01    3.0081e+04 
2.1910e+01    3.0091e+04 
2.1920e+01    3.0101e+04 
2.1930e+01    3.0122e+04 
2.1940e+01    3.0128e+04 
2.1950e+01    3.0151e+04 
2.1960e+01    3.0147e+04 
2.1970e+01    3.0147e+04 
2.1980e+01    3.0169e+04 
2.1990e+01    3.0183e+04 
2.2000e+01    3.0209e+04 
2.2010e+01    3.0211e+04 
2.2020e+01    3.0244e+04 
2.2030e+01    3.0275e+04 
2.2040e+01    3.0258e+04 
2.2050e+01    3.0296e+04 
2.2060e+01    3.0335e+04 
2.2070e+01    3.0347e+04 
2.2080e+01    3.0370e+04 
2.2090e+01    3.0376e+04 
2.2100e+01    3.0396e+04 
2.2110e+01    3.0394e+04 
2.2120e+01    3.0392e+04 
2.2130e+01    3.0399e+04 
2.2140e+01    3.0465e+04 
2.2150e+01    3.0451e+04 
2.2160e+01    3.0470e+04 
2.2170e+01    3.0531e+04 
2.2180e+01    3.0558e+04 
2.2190e+01    3.0554e+04 
2.2200e+01    3.0539e+04 
2.2210e+01    3.0566e+04 
2.2220e+01    3.0611e+04 
2.2230e+01    3.0632e+04 
2.2240e+01    3.0658e+04 
2.2250e+01    3.0672e+04 
2.2260e+01    3.0685e+04 
2.2270e+01    3.0734e+04 
2.2280e+01    3.0715e+04 
2.2290e+01    3.0709e+04 
2.2300e+01    3.0734e+04 
2.2310e+01    3.0755e+04 
2.2320e+01    3.0773e+04 
2.2330e+01    3.0798e+04 
2.2340e+01    3.0810e+04 
2.2350e+01    3.0845e+04 
2.2360e+01    3.0830e+04 
2.2370e+01    3.0836e+04 
2.2380e+01    3.0842e+04 
2.2390e+01    3.0867e+04 
2.2400e+01    3.0885e+04 
2.2410e+01    3.0934e+04 
2.2420e+01    3.0939e+04 
2.2430e+01    3.0930e+04 
2.2440e+01    3.0950e+04 
2.2450e+01    3.0973e+04 
2.2460e+01    3.0974e+04 
2.2470e+01    3.1018e+04 
2.2480e+01    3.1033e+04 
2.2490e+01    3.1055e+04 
2.2500e+01    3.1072e+04 
2.2510e+01    3.1096e+04 
2.2520e+01    3.1126e+04 
2.2530e+01    3.1145e+04 
2.2540e+01    3.1160e+04 
2.2550e+01    3.1184e+04 
2.2560e+01    3.1208e+04 
2.2570e+01    3.1239e+04 
2.2580e+01    3.1249e+04 
2.2590e+01    3.1271e+04 
2.2600e+01    3.1289e+04 
2.2610e+01    3.1294e+04 
2.2620e+01    3.1295e+04 
2.2630e+01    3.1303e+04 
2.2640e+01    3.1331e+04 
2.2650e+01    3.1367e+04 
2.2660e+01    3.1414e+04 
2.2670e+01    3.1426e+04 
2.2680e+01    3.1460e+04 
2.2690e+01    3.1453e+04 
2.2700e+01    3.1456e+04 
2.2710e+01    3.1452e+04 
2.2720e+01    3.1477e+04 
2.2730e+01    3.1510e+04 
2.2740e+01    3.1540e+04 
2.2750e+01    3.1568e+04 
2.2760e+01    3.1589e+04 
2.2770e+01    3.1623e+04 
2.2780e+01    3.1617e+04 
2.2790e+01    3.1624e+04 
2.2800e+01    3.1652e+04 
2.2810e+01    3.1679e+04 
2.2820e+01    3.1676e+04 
2.2830e+01    3.1687e+04 
2.2840e+01    3.1699e+04 
2.2850e+01    3.1709e+04 
2.2860e+01    3.1715e+04 
2.2870e+01    3.1746e+04 
2.2880e+01    3.1754e+04 
2.2890e+01    3.1770e+04 
2.2900e+01    3.1792e+04 
2.2910e+01    3.1811e+04 
2.2920e+01    3.1821e+04 
2.2930e+01    3.1825e+04 
2.2940e+01    3.1827e+04 
2.2950e+01    3.1828e+04 
2.2960e+01    3.1878e+04 
2.2970e+01    3.1885e+04 
2.2980e+01    3.1917e+04 
2.2990e+01    3.1931e+04 
2.3000e+01    3.1946e+04 
2.3010e+01    3.1980e+04 
2.3020e+01    3.1986e+04 
2.3030e+01    3.2006e+04 
2.3040e+01    3.2055e+04 
2.3050e+01    3.2060e+04 
2.3060e+01    3.2063e+04 
2.3070e+01    3.2113e+04 
2.3080e+01    3.2158e+04 
2.3090e+01    3.2193e+04 
2.3100e+01    3.2195e+04 
2.3110e+01    3.2211e+04 
2.3120e+01    3.2221e+04 
2.3130e+01    3.2246e+04 
2.3140e+01    3.2233e+04 
2.3150e+01    3.2240e+04 
2.3160e+01    3.2269e+04 
2.3170e+01    3.2305e+04 
2.3180e+01    3.2320e+04 
2.3190e+01    3.2377e+04 
2.3200e+01    3.2396e+04 
2.3210e+01    3.2441e+04 
2.3220e+01    3.2455e+04 
2.3230e+01    3.2478e+04 
2.3240e+01    3.2517e+04 
2.3250e+01    3.2499e+04 
2.3260e+01    3.2532e+04 
2.3270e+01    3.2518e+04 
2.3280e+01    3.2538e+04 
2.3290e+01    3.2536e+04 
2.3300e+01    3.2563e+04 
2.3310e+01    3.2633e+04 
2.3320e+01    3.2639e+04 
2.3330e+01    3.2641e+04 
2.3340e+01    3.2666e+04 
2.3350e+01    3.2657e+04 
2.3360e+01    3.2670e+04 
2.3370e+01    3.2675e+04 
2.3380e+01    3.2673e+04 
2.3390e+01    3.2666e+04 
2.3400e+01    3.2682e+04 
2.3410e+01    3.2715e+04 
2.3420e+01    3.2703e+04 
2.3430e+01    3.2701e+04 
2.3440e+01    3.2718e+04 
2.3450e+01    3.2748e+04 
2.3460e+01    3.2746e+04 
2.3470e+01    3.2761e+04 
2.3480e+01    3.2767e+04 
2.3490e+01    3.2792e+04 
2.3500e+01    3.2788e+04 
2.3510e+01    3.2822e+04 
2.3520e+01    3.2839e+04 
2.3530e+01    3.2868e+04 
2.3540e+01    3.2934e+04 
2.3550e+01    3.2991e+04 
2.3560e+01    3.3005e+04 
2.3570e+01    3.3025e+04 
2.3580e+01    3.3057e+04 
2.3590e+01    3.3062e+04 
2.3600e+01    3.3073e+04 
2.3610e+01    3.3093e+04 
2.3620e+01    3.3097e+04 
2.3630e+01    3.3106e+04 
2.3640e+01    3.3120e+04 
2.3650e+01    3.3130e+04 
2.3660e+01    3.3180e+04 
2.3670e+01    3.3205e+04 
2.3680e+01    3.3223e+04 
2.3690e+01    3.3241e+04 
2.3700e+01    3.3223e+04 
2.3710e+01    3.3219e+04 
2.3720e+01    3.3218e+04 
2.3730e+01    3.3229e+04 
2.3740e+01    3.3228e+04 
2.3750e+01    3.3222e+04 
2.3760e+01    3.3243e+04 
2.3770e+01    3.3275e+04 
2.3780e+01    3.3271e+04 
2.3790e+01    3.3279e+04 
2.3800e+01    3.3293e+04 
2.3810e+01    3.3297e+04 
2.3820e+01    3.3301e+04 
2.3830e+01    3.3318e+04 
2.3840e+01    3.3316e+04 
2.3850e+01    3.3325e+04 
2.3860e+01    3.3345e+04 
2.3870e+01    3.3374e+04 
2.3880e+01    3.3389e+04 
2.3890e+01    3.3422e+04 
2.3900e+01    3.3425e+04 
2.3910e+01    3.3441e+04 
2.3920e+01    3.3472e+04 
2.3930e+01    3.3471e+04 
2.3940e+01    3.3519e+04 
2.3950e+01    3.3548e+04 
2.3960e+01    3.3571e+04 
2.3970e+01    3.3566e+04 
2.3980e+01    3.3575e+04 
2.3990e+01    3.3573e+04 
2.4000e+01    3.3613e+04 
2.4010e+01    3.3605e+04 
2.4020e+01    3.3599e+04 
2.4030e+01    3.3614e+04 
2.4040e+01    3.3631e+04 
2.4050e+01    3.3643e+04 
2.4060e+01    3.3641e+04 
2.4070e+01    3.3656e+04 
2.4080e+01    3.3663e+04 
2.4090e+01    3.3670e+04 
2.4100e+01    3.3709e+04 
2.4110e+01    3.3751e+04 
2.4120e+01    3.3760e+04 
2.4130e+01    3.3775e+04 
2.4140e+01    3.3780e+04 
2.4150e+01    3.3814e+04 
2.4160e+01    3.3836e+04 
2.4170e+01    3.3845e+04 
2.4180e+01    3.3891e+04 
2.4190e+01    3.3918e+04 
2.4200e+01    3.3927e+04 
2.4210e+01    3.3935e+04 
2.4220e+01    3.3935e+04 
2.4230e+01    3.3982e+04 
2.4240e+01    3.3993e+04 
2.4250e+01    3.4006e+04 
2.4260e+01    3.4018e+04 
2.4270e+01    3.4010e+04 
2.4280e+01    3.3991e+04 
2.4290e+01    3.4004e+04 
2.4300e+01    3.4026e+04 
2.4310e+01    3.4041e+04 
2.4320e+01    3.4077e+04 
2.4330e+01    3.4083e+04 
2.4340e+01    3.4074e+04 
2.4350e+01    3.4062e+04 
2.4360e+01    3.4088e+04 
2.4370e+01    3.4118e+04 
2.4380e+01    3.4149e+04 
2.4390e+01    3.4161e+04 
2.4400e+01    3.4156e+04 
2.4410e+01    3.4157e+04 
2.4420e+01    3.4162e+04 
2.4430e+01    3.4162e+04 
2.4440e+01    3.4173e+04 
2.4450e+01    3.4179e+04 
2.4460e+01    3.4163e+04 
2.4470e+01    3.4196e+04 
2.4480e+01    3.4204e+04 
2.4490e+01    3.4209e+04 
2.4500e+01    3.4247e+04 
2.4510e+01    3.4251e+04 
2.4520e+01    3.4285e+04 
2.4530e+01    3.4269e+04 
2.4540e+01    3.4306e+04 
2.4550e+01    3.4299e+04 
2.4560e+01    3.4308e+04 
2.4570e+01    3.4316e+04 
2.4580e+01    3.4379e+04 
2.4590e+01    3.4393e+04 
2.4600e+01    3.4377e+04 
2.4610e+01    3.4407e+04 
2.4620e+01    3.4416e+04 
2.4630e+01    3.4407e+04 
2.4640e+01    3.4443e+04 
2.4650e+01    3.4486e+04 
2.4660e+01    3.4491e+04 
2.4670e+01    3.4516e+04 
2.4680e+01    3.4540e+04 
2.4690e+01    3.4541e+04 
2.4700e+01    3.4554e+04 
2.4710e+01    3.4513e+04 
2.4720e+01    3.4546e+04 
2.4730e+01    3.4556e+04 
2.4740e+01    3.4582e+04 
2.4750e+01    3.4603e+04 
2.4760e+01    3.4609e+04 
2.4770e+01    3.4647e+04 
2.4780e+01    3.4639e+04 
2.4790e+01    3.4656e+04 
2.4800e+01    3.4657e+04 
2.4810e+01    3.4702e+04 
2.4820e+01    3.4746e+04 
2.4830e+01    3.4769e+04 
2.4840e+01    3.4791e+04 
2.4850e+01    3.4759e+04 
2.4860e+01    3.4760e+04 
2.4870e+01    3.4785e+04 
2.4880e+01    3.4774e+04 
2.4890e+01    3.4777e+04 
2.4900e+01    3.4834e+04 
2.4910e+01    3.4829e+04 
2.4920e+01    3.4834e+04 
2.4930e+01    3.4845e+04 
2.4940e+01    3.4880e+04 
2.4950e+01    3.4867e+04 
2.4960e+01    3.4876e+04 
2.4970e+01    3.4910e+04 
2.4980e+01    3.4915e+04 
2.4990e+01    3.4956e+04 
2.5000e+01    3.4935e+04 
2.5010e+01    3.4957e+04 
2.5020e+01    3.4993e+04 
2.5030e+01    3.5021e+04 
2.5040e+01    3.5032e+04 
2.5050e+01    3.5042e+04 
2.5060e+01    3.5065e+04 
2.5070e+01    3.5081e+04 
2.5080e+01    3.5078e+04 
2.5090e+01    3.5111e+04 
2.5100e+01    3.5136e+04 
2.5110e+01    3.5111e+04 
2.5120e+01    3.5112e+04 
2.5130e+01    3.5122e+04 
2.5140e+01    3.5130e+04 
2.5150e+01    3.5171e+04 
2.5160e+01    3.5193e+04 
2.5170e+01    3.5218e+04 
2.5180e+01    3.5216e+04 
2.5190e+01    3.5238e+04 
2.5200e+01    3.5262e+04 
2.5210e+01    3.5300e+04 
2.5220e+01    3.5291e+04 
2.5230e+01    3.5312e+04 
2.5240e+01    3.5316e+04 
2.5250e+01    3.5292e+04 
2.5260e+01    3.5302e+04 
2.5270e+01    3.5342e+04 
2.5280e+01    3.5342e+04 
2.5290e+01    3.5378e+04 
2.5300e+01    3.5370e+04 
2.5310e+01    3.5390e+04 
2.5320e+01    3.5441e+04 
2.5330e+01    3.5426e+04 
2.5340e+01    3.5438e+04 
2.5350e+01    3.5462e+04 
2.5360e+01    3.5480e+04 
2.5370e+01    3.5497e+04 
2.5380e+01    3.5511e+04 
2.5390e+01    3.5513e+04 
2.5400e+01    3.5527e+04 
2.5410e+01    3.5547e+04 
2.5420e+01    3.5576e+04 
2.5430e+01    3.5580e+04 
2.5440e+01    3.5589e+04 
2.5450e+01    3.5599e+04 
2.5460e+01    3.5629e+04 
2.5470e+01    3.5616e+04 
2.5480e+01    3.5649e+04 
2.5490e+01    3.5661e+04 
2.5500e+01    3.5671e+04 
2.5510e+01    3.5673e+04 
2.5520e+01    3.5659e+04 
2.5530e+01    3.5695e+04 
2.5540e+01    3.5703e+04 
2.5550e+01    3.5706e+04 
2.5560e+01    3.5745e+04 
2.5570e+01    3.5753e+04 
2.5580e+01    3.5799e+04 
2.5590e+01    3.5845e+04 
2.5600e+01    3.5877e+04 
2.5610e+01    3.5901e+04 
2.5620e+01    3.5906e+04 
2.5630e+01    3.5931e+04 
2.5640e+01    3.5920e+04 
2.5650e+01    3.5962e+04 
2.5660e+01    3.5979e+04 
2.5670e+01    3.6006e+04 
2.5680e+01    3.6039e+04 
2.5690e+01    3.6040e+04 
2.5700e+01    3.6059e+04 
2.5710e+01    3.6093e+04 
2.5720e+01    3.6106e+04 
2.5730e+01    3.6112e+04 
2.5740e+01    3.6126e+04 
2.5750e+01    3.6110e+04 
2.5760e+01    3.6131e+04 
2.5770e+01    3.6145e+04 
2.5780e+01    3.6168e+04 
2.5790e+01    3.6184e+04 
2.5800e+01    3.6186e+04 
2.5810e+01    3.6211e+04 
2.5820e+01    3.6251e+04 
2.5830e+01    3.6262e+04 
2.5840e+01    3.6268e+04 
2.5850e+01    3.6246e+04 
2.5860e+01    3.6254e+04 
2.5870e+01    3.6296e+04 
2.5880e+01    3.6287e+04 
2.5890e+01    3.6318e+04 
2.5900e+01    3.6353e+04 
2.5910e+01    3.6405e+04 
2.5920e+01    3.6415e+04 
2.5930e+01    3.6431e+04 
2.5940e+01    3.6471e+04 
2.5950e+01    3.6455e+04 
2.5960e+01    3.6475e+04 
2.5970e+01    3.6483e+04 
2.5980e+01    3.6499e+04 
2.5990e+01    3.6514e+04 
2.6000e+01    3.6505e+04 
2.6010e+01    3.6531e+04 
2.6020e+01    3.6519e+04 
2.6030e+01    3.6534e+04 
2.6040e+01    3.6575e+04 
2.6050e+01    3.6601e+04 
2.6060e+01    3.6609e+04 
2.6070e+01    3.6654e+04 
2.6080e+01    3.6669e+04 
2.6090e+01    3.6640e+04 
2.6100e+01    3.6665e+04 
2.6110e+01    3.6704e+04 
2.6120e+01    3.6724e+04 
2.6130e+01    3.6718e+04 
2.6140e+01    3.6718e+04 
2.6150e+01    3.6730e+04 
2.6160e+01    3.6764e+04 
2.6170e+01    3.6775e+04 
2.6180e+01    3.6771e+04 
2.6190e+01    3.6808e+04 
2.6200e+01    3.6810e+04 
2.6210e+01    3.6850e+04 
2.6220e+01    3.6873e+04 
2.6230e+01    3.6913e+04 
2.6240e+01    3.6950e+04 
2.6250e+01    3.7007e+04 
2.6260e+01    3.7021e+04 
2.6270e+01    3.7037e+04 
2.6280e+01    3.7052e+04 
2.6290e+01    3.7035e+04 
2.6300e+01    3.7021e+04 
2.6310e+01    3.7011e+04 
2.6320e+01    3.7040e+04 
2.6330e+01    3.7040e+04 
2.6340e+01    3.7046e+04 
2.6350e+01    3.7049e+04 
2.6360e+01    3.7041e+04 
2.6370e+01    3.7074e+04 
2.6380e+01    3.7095e+04 
2.6390e+01    3.7061e+04 
2.6400e+01    3.7093e+04 
2.6410e+01    3.7110e+04 
2.6420e+01    3.7113e+04 
2.6430e+01    3.7130e+04 
2.6440e+01    3.7151e+04 
2.6450e+01    3.7190e+04 
2.6460e+01    3.7208e+04 
2.6470e+01    3.7196e+04 
2.6480e+01    3.7230e+04 
2.6490e+01    3.7236e+04 
2.6500e+01    3.7227e+04 
2.6510e+01    3.7242e+04 
2.6520e+01    3.7254e+04 
2.6530e+01    3.7209e+04 
2.6540e+01    3.7217e+04 
2.6550e+01    3.7230e+04 
2.6560e+01    3.7259e+04 
2.6570e+01    3.7265e+04 
2.6580e+01    3.7264e+04 
2.6590e+01    3.7267e+04 
2.6600e+01    3.7268e+04 
2.6610e+01    3.7276e+04 
2.6620e+01    3.7245e+04 
2.6630e+01    3.7257e+04 
2.6640e+01    3.7273e+04 
2.6650e+01    3.7294e+04 
2.6660e+01    3.7300e+04 
2.6670e+01    3.7318e+04 
2.6680e+01    3.7306e+04 
2.6690e+01    3.7319e+04 
2.6700e+01    3.7348e+04 
2.6710e+01    3.7332e+04 
2.6720e+01    3.7352e+04 
2.6730e+01    3.7373e+04 
2.6740e+01    3.7393e+04 
2.6750e+01    3.7414e+04 
2.6760e+01    3.7434e+04 
2.6770e+01    3.7443e+04 
2.6780e+01    3.7480e+04 
2.6790e+01    3.7491e+04 
2.6800e+01    3.7528e+04 
2.6810e+01    3.7514e+04 
2.6820e+01    3.7538e+04 
2.6830e+01    3.7510e+04 
2.6840e+01    3.7522e+04 
2.6850e+01    3.7555e+04 
2.6860e+01    3.7568e+04 
2.6870e+01    3.7621e+04 
2.6880e+01    3.7625e+04 
2.6890e+01    3.7637e+04 
2.6900e+01    3.7660e+04 
2.6910e+01    3.7662e+04 
2.6920e+01    3.7678e+04 
2.6930e+01    3.7705e+04 
2.6940e+01    3.7725e+04 
2.6950e+01    3.7716e+04 
2.6960e+01    3.7743e+04 
2.6970e+01    3.7719e+04 
2.6980e+01    3.7723e+04 
2.6990e+01    3.7728e+04 
2.7000e+01    3.7746e+04 
2.7010e+01    3.7766e+04 
2.7020e+01    3.7777e+04 
2.7030e+01    3.7783e+04 
2.7040e+01    3.7763e+04 
2.7050e+01    3.7754e+04 
2.7060e+01    3.7766e+04 
2.7070e+01    3.7792e+04 
2.7080e+01    3.7794e+04 
2.7090e+01    3.7808e+04 
2.7100e+01    3.7824e+04 
2.7110e+01    3.7818e+04 
2.7120e+01    3.7846e+04 
2.7130e+01    3.7845e+04 
2.7140e+01    3.7882e+04 
2.7150e+01    3.7901e+04 
2.7160e+01    3.7951e+04 
2.7170e+01    3.7977e+04 
2.7180e+01    3.7978e+04 
2.7190e+01    3.8000e+04 
2.7200e+01    3.8016e+04 
2.7210e+01    3.8040e+04 
2.7220e+01    3.8054e+04 
2.7230e+01    3.8094e+04 
2.7240e+01    3.8122e+04 
2.7250e+01    3.8123e+04 
2.7260e+01    3.8146e+04 
2.7270e+01    3.8171e+04 
2.7280e+01    3.8172e+04 
2.7290e+01    3.8170e+04 
2.7300e+01    3.8197e+04 
2.7310e+01    3.8225e+04 
2.7320e+01    3.8189e+04 
2.7330e+01    3.8211e+04 
2.7340e+01    3.8226e+04 
2.7350e+01    3.8244e+04 
2.7360e+01    3.8259e+04 
2.7370e+01    3.8241e+04 
2.7380e+01    3.8265e+04 
2.7390e+01    3.8256e+04 
2.7400e+01    3.8265e+04 
2.7410e+01    3.8276e+04 
2.7420e+01    3.8299e+04 
2.7430e+01    3.8305e+04 
2.7440e+01    3.8272e+04 
2.7450e+01    3.8308e+04 
2.7460e+01    3.8335e+04 
2.7470e+01    3.8379e+04 
2.7480e+01    3.8371e+04 
2.7490e+01    3.8383e+04 
2.7500e+01    3.8371e+04 
2.7510e+01    3.8395e+04 
2.7520e+01    3.8427e+04 
2.7530e+01    3.8466e+04 
2.7540e+01    3.8477e+04 
2.7550e+01    3.8506e+04 
2.7560e+01    3.8526e+04 
2.7570e+01    3.8543e+04 
2.7580e+01    3.8566e+04 
2.7590e+01    3.8584e+04 
2.7600e+01    3.8578e+04 
2.7610e+01    3.8588e+04 
2.7620e+01    3.8582e+04 
2.7630e+01    3.8580e+04 
2.7640e+01    3.8604e+04 
2.7650e+01    3.8613e+04 
2.7660e+01    3.8638e+04 
2.7670e+01    3.8648e+04 
2.7680e+01    3.8663e+04 
2.7690e+01    3.8657e+04 
2.7700e+01    3.8669e+04 
2.7710e+01    3.8678e+04 
2.7720e+01    3.8688e+04 
2.7730e+01    3.8699e+04 
2.7740e+01    3.8717e+04 
2.7750e+01    3.8723e+04 
2.7760e+01    3.8739e+04 
2.7770e+01    3.8758e+04 
2.7780e+01    3.8783e+04 
2.7790e+01    3.8780e+04 
2.7800e+01    3.8792e+04 
2.7810e+01    3.8785e+04 
2.7820e+01    3.8832e+04 
2.7830e+01    3.8821e+04 
2.7840e+01    3.8829e+04 
2.7850e+01    3.8851e+04 
2.7860e+01    3.8846e+04 
2.7870e+01    3.8836e+04 
2.7880e+01    3.8807e+04 
2.7890e+01    3.8837e+04 
2.7900e+01    3.8849e+04 
2.7910e+01    3.8855e+04 
2.7920e+01    3.8876e+04 
2.7930e+01    3.8849e+04 
2.7940e+01    3.8874e+04 
2.7950e+01    3.8876e+04 
2.7960e+01    3.8912e+04 
2.7970e+01    3.8915e+04 
2.7980e+01    3.8901e+04 
2.7990e+01    3.8908e+04 
2.8000e+01    3.8900e+04 
2.8010e+01    3.8937e+04 
2.8020e+01    3.8985e+04 
2.8030e+01    3.8996e+04 
2.8040e+01    3.9018e+04 
2.8050e+01    3.9033e+04 
2.8060e+01    3.9075e+04 
2.8070e+01    3.9084e+04 
2.8080e+01    3.9116e+04 
2.8090e+01    3.9181e+04 
2.8100e+01    3.9183e+04 
2.8110e+01    3.9211e+04 
2.8120e+01    3.9231e+04 
2.8130e+01    3.9257e+04 
2.8140e+01    3.9294e+04 
2.8150e+01    3.9314e+04 
2.8160e+01    3.9320e+04 
2.8170e+01    3.9327e+04 
2.8180e+01    3.9344e+04 
2.8190e+01    3.9349e+04 
2.8200e+01    3.9350e+04 
2.8210e+01    3.9356e+04 
2.8220e+01    3.9386e+04 
2.8230e+01    3.9405e+04 
2.8240e+01    3.9398e+04 
2.8250e+01    3.9405e+04 
2.8260e+01    3.9423e+04 
2.8270e+01    3.9422e+04 
2.8280e+01    3.9390e+04 
2.8290e+01    3.9431e+04 
2.8300e+01    3.9440e+04 
2.8310e+01    3.9442e+04 
2.8320e+01    3.9431e+04 
2.8330e+01    3.9465e+04 
2.8340e+01    3.9454e+04 
2.8350e+01    3.9452e+04 
2.8360e+01    3.9466e+04 
2.8370e+01    3.9462e+04 
2.8380e+01    3.9494e+04 
2.8390e+01    3.9501e+04 
2.8400e+01    3.9540e+04 
2.8410e+01    3.9572e+04 
2.8420e+01    3.9580e+04 
2.8430e+01    3.9592e+04 
2.8440e+01    3.9602e+04 
2.8450e+01    3.9634e+04 
2.8460e+01    3.9631e+04 
2.8470e+01    3.9641e+04 
2.8480e+01    3.9634e+04 
2.8490e+01    3.9648e+04 
2.8500e+01    3.9645e+04 
2.8510e+01    3.9664e+04 
2.8520e+01    3.9672e+04 
2.8530e+01    3.9703e+04 
2.8540e+01    3.9680e+04 
2.8550e+01    3.9671e+04 
2.8560e+01    3.9693e+04 
2.8570e+01    3.9753e+04 
2.8580e+01    3.9764e+04 
2.8590e+01    3.9773e+04 
2.8600e+01    3.9784e+04 
2.8610e+01    3.9813e+04 
2.8620e+01    3.9817e+04 
2.8630e+01    3.9819e+04 
2.8640e+01    3.9797e+04 
2.8650e+01    3.9798e+04 
2.8660e+01    3.9815e+04 
2.8670e+01    3.9833e+04 
2.8680e+01    3.9856e+04 
2.8690e+01    3.9857e+04 
2.8700e+01    3.9852e+04 
2.8710e+01    3.9881e+04 
2.8720e+01    3.9927e+04 
2.8730e+01    3.9952e+04 
2.8740e+01    3.9924e+04 
2.8750e+01    3.9904e+04 
2.8760e+01    3.9959e+04 
2.8770e+01    3.9965e+04 
2.8780e+01    3.9969e+04 
2.8790e+01    3.9989e+04 
2.8800e+01    3.9970e+04 
2.8810e+01    3.9975e+04 
2.8820e+01    4.0005e+04 
2.8830e+01    4.0024e+04 
2.8840e+01    4.0065e+04 
2.8850e+01    4.0088e+04 
2.8860e+01    4.0094e+04 
2.8870e+01    4.0129e+04 
2.8880e+01    4.0129e+04 
2.8890e+01    4.0144e+04 
2.8900e+01    4.0150e+04 
2.8910e+01    4.0153e+04 
2.8920e+01    4.0137e+04 
2.8930e+01    4.0116e+04 
2.8940e+01    4.0108e+04 
2.8950e+01    4.0115e+04 
2.8960e+01    4.0132e+04 
2.8970e+01    4.0138e+04 
2.8980e+01    4.0152e+04 
2.8990e+01    4.0150e+04 
2.9000e+01    4.0191e+04 
2.9010e+01    4.0214e+04 
2.9020e+01    4.0225e+04 
2.9030e+01    4.0264e+04 
2.9040e+01    4.0309e+04 
2.9050e+01    4.0292e+04 
2.9060e+01    4.0341e+04 
2.9070e+01    4.0361e+04 
2.9080e+01    4.0358e+04 
2.9090e+01    4.0353e+04 
2.9100e+01    4.0384e+04 
2.9110e+01    4.0384e+04 
2.9120e+01    4.0377e+04 
2.9130e+01    4.0405e+04 
2.9140e+01    4.0406e+04 
2.9150e+01    4.0440e+04 
2.9160e+01    4.0474e+04 
2.9170e+01    4.0467e+04 
2.9180e+01    4.0465e+04 
2.9190e+01    4.0467e+04 
2.9200e+01    4.0492e+04 
2.9210e+01    4.0525e+04 
2.9220e+01    4.0506e+04 
2.9230e+01    4.0501e+04 
2.9240e+01    4.0529e+04 
2.9250e+01    4.0564e+04 
2.9260e+01    4.0582e+04 
2.9270e+01    4.0612e+04 
2.9280e+01    4.0660e+04 
2.9290e+01    4.0677e+04 
2.9300e+01    4.0691e+04 
2.9310e+01    4.0722e+04 
2.9320e+01    4.0715e+04 
2.9330e+01    4.0727e+04 
2.9340e+01    4.0699e+04 
2.9350e+01    4.0733e+04 
2.9360e+01    4.0767e+04 
2.9370e+01    4.0797e+04 
2.9380e+01    4.0826e+04 
2.9390e+01    4.0841e+04 
2.9400e+01    4.0861e+04 
2.9410e+01    4.0857e+04 
2.9420e+01    4.0850e+04 
2.9430e+01    4.0868e+04 
2.9440e+01    4.0879e+04 
2.9450e+01    4.0900e+04 
2.9460e+01    4.0892e+04 
2.9470e+01    4.0896e+04 
2.9480e+01    4.0898e+04 
2.9490e+01    4.0919e+04 
2.9500e+01    4.0951e+04 
2.9510e+01    4.0919e+04 
2.9520e+01    4.0952e+04 
2.9530e+01    4.0944e+04 
2.9540e+01    4.0948e+04 
2.9550e+01    4.0952e+04 
2.9560e+01    4.0959e+04 
2.9570e+01    4.0966e+04 
2.9580e+01    4.0975e+04 
2.9590e+01    4.0973e+04 
2.9600e+01    4.0977e+04 
2.9610e+01    4.0968e+04 
2.9620e+01    4.0978e+04 
2.9630e+01    4.0985e+04 
2.9640e+01    4.0982e+04 
2.9650e+01    4.0980e+04 
2.9660e+01    4.0998e+04 
2.9670e+01    4.1027e+04 
2.9680e+01    4.1014e+04 
2.9690e+01    4.0997e+04 
2.9700e+01    4.1010e+04 
2.9710e+01    4.1032e+04 
2.9720e+01    4.1036e+04 
2.9730e+01    4.1041e+04 
2.9740e+01    4.1084e+04 
2.9750e+01    4.1092e+04 
2.9760e+01    4.1131e+04 
2.9770e+01    4.1209e+04 
2.9780e+01    4.1232e+04 
2.9790e+01    4.1271e+04 
2.9800e+01    4.1291e+04 
2.9810e+01    4.1320e+04 
2.9820e+01    4.1308e+04 
2.9830e+01    4.1304e+04 
2.9840e+01    4.1312e+04 
2.9850e+01    4.1317e+04 
2.9860e+01    4.1334e+04 
2.9870e+01    4.1341e+04 
2.9880e+01    4.1360e+04 
2.9890e+01    4.1371e+04 
2.9900e+01    4.1382e+04 
2.9910e+01    4.1386e+04 
2.9920e+01    4.1357e+04 
2.9930e+01    4.1384e+04 
2.9940e+01    4.1407e+04 
2.9950e+01    4.1396e+04 
2.9960e+01    4.1421e+04 
2.9970e+01    4.1407e+04 
2.9980e+01    4.1412e+04 
2.9990e+01    4.1458e+04 
3.0000e+01    4.1470e+04 
