#  t (ns) MSD (A^2) D = 3.7480e-06 1.50e-08 cm^2/s nu = 8.8907e-01 7.33e-04
0.000000    -0.000383
0.010000    20.506922
0.020000    34.128429
0.030000    45.600609
0.040000    55.839542
0.050000    65.110428
0.060000    73.665359
0.070000    81.652893
0.080000    89.260521
0.090000    96.399353
0.100000    103.118973
0.110000    109.556778
0.120000    115.911751
0.130000    121.936653
0.140000    127.778694
0.150000    133.431168
0.160000    138.874741
0.170000    144.188431
0.180000    149.475357
0.190000    154.739014
0.200000    159.783447
0.210000    164.766052
0.220000    169.742752
0.230000    174.531326
0.240000    179.282715
0.250000    184.009415
0.260000    188.603790
0.270000    193.155777
0.280000    197.684448
0.290000    202.117737
0.300000    206.554001
0.310000    210.949631
0.320000    215.177002
0.330000    219.382523
0.340000    223.648956
0.350000    227.950043
0.360000    232.165680
0.370000    236.368668
0.380000    240.498276
0.390000    244.669571
0.400000    248.625351
0.410000    252.633575
0.420000    256.622375
0.430000    260.470093
0.440000    264.315399
0.450000    268.185120
0.460000    271.848358
0.470000    275.597198
0.480000    279.272858
0.490000    283.005676
0.500000    286.753021
0.510000    290.550446
0.520000    294.222778
0.530000    297.742920
0.540000    301.400116
0.550000    304.975616
0.560000    308.516693
0.570000    312.021851
0.580000    315.516083
0.590000    318.969910
0.600000    322.478851
0.610000    326.028778
0.620000    329.688507
0.630000    333.260529
0.640000    336.846497
0.650000    340.477081
0.660000    344.080444
0.670000    347.651978
0.680000    351.169464
0.690000    354.643188
0.700000    358.063812
0.710000    361.445007
0.720000    364.741760
0.730000    368.066467
0.740000    371.424561
0.750000    374.854401
0.760000    378.289124
0.770000    381.638336
0.780000    384.951050
0.790000    388.307465
0.800000    391.705292
0.810000    395.056671
0.820000    398.402008
0.830000    401.790924
0.840000    405.150909
0.850000    408.473083
0.860000    411.795654
0.870000    415.196198
0.880000    418.506073
0.890000    421.846649
0.900000    425.117950
0.910000    428.428864
0.920000    431.590637
0.930000    434.856018
0.940000    438.200806
0.950000    441.533325
0.960000    444.814087
0.970000    448.097778
0.980000    451.436096
0.990000    454.686768
1.000000    457.931305
1.010000    461.104614
1.020000    464.370636
1.030000    467.612823
1.040000    470.903076
1.050000    474.215912
1.060000    477.409363
1.070000    480.644104
1.080000    483.858124
1.090000    487.088989
1.100000    490.389435
1.110000    493.651276
1.120000    496.952362
1.130000    500.249512
1.140000    503.479370
1.150000    506.747253
1.160000    509.941437
1.170000    513.100464
1.180000    516.308899
1.190000    519.525818
1.200000    522.844116
1.210000    526.208191
1.220000    529.443359
1.230000    532.611572
1.240000    535.770264
1.250000    538.812866
1.260000    541.915894
1.270000    545.134888
1.280000    548.302979
1.290000    551.469543
1.300000    554.622864
1.310000    557.857056
1.320000    560.994751
1.330000    564.135376
1.340000    567.183777
1.350000    570.210205
1.360000    573.374634
1.370000    576.534485
1.380000    579.631653
1.390000    582.786743
1.400000    585.911255
1.410000    588.950867
1.420000    592.000244
1.430000    595.085449
1.440000    598.142944
1.450000    601.209106
1.460000    604.188354
1.470000    607.272461
1.480000    610.196716
1.490000    613.104126
1.500000    615.987366
1.510000    618.929382
1.520000    621.862427
1.530000    624.900940
1.540000    628.005981
1.550000    631.089050
1.560000    634.209290
1.570000    637.273926
1.580000    640.228455
1.590000    643.253601
1.600000    646.228638
1.610000    649.223022
1.620000    652.218140
1.630000    655.206665
1.640000    658.211975
1.650000    661.262207
1.660000    664.270203
1.670000    667.200745
1.680000    670.157288
1.690000    673.109924
1.700000    675.964966
1.710000    678.877502
1.720000    681.685669
1.730000    684.541382
1.740000    687.536377
1.750000    690.472717
1.760000    693.477905
1.770000    696.369507
1.780000    699.344910
1.790000    702.255005
1.800000    705.195496
1.810000    708.065613
1.820000    710.899536
1.830000    713.824829
1.840000    716.703552
1.850000    719.640747
1.860000    722.563171
1.870000    725.447327
1.880000    728.403564
1.890000    731.436890
1.900000    734.432800
1.910000    737.422852
1.920000    740.328674
1.930000    743.239502
1.940000    746.208862
1.950000    749.285950
1.960000    752.362976
1.970000    755.383728
1.980000    758.417358
1.990000    761.407227
2.000000    764.429688
2.010000    767.442566
2.020000    770.448181
2.030000    773.489136
2.040000    776.459229
2.050000    779.469360
2.060000    782.443359
2.070000    785.402527
2.080000    788.373352
2.090000    791.375671
2.100000    794.254089
2.110000    797.171143
2.120000    800.087708
2.130000    803.005615
2.140000    805.963501
2.150000    808.861816
2.160000    811.843994
2.170000    814.735291
2.180000    817.659180
2.190000    820.559326
2.200000    823.518982
2.210000    826.438904
2.220000    829.409180
2.230000    832.413940
2.240000    835.405212
2.250000    838.259644
2.260000    841.184570
2.270000    843.981018
2.280000    846.917786
2.290000    849.875854
2.300000    852.771423
2.310000    855.631470
2.320000    858.513000
2.330000    861.423035
2.340000    864.314758
2.350000    867.222168
2.360000    870.100952
2.370000    873.053345
2.380000    875.957397
2.390000    878.852051
2.400000    881.773315
2.410000    884.721436
2.420000    887.539246
2.430000    890.461304
2.440000    893.394470
2.450000    896.358215
2.460000    899.278625
2.470000    902.218689
2.480000    905.151184
2.490000    908.093201
2.500000    910.981262
2.510000    913.920837
2.520000    916.850769
2.530000    919.752075
2.540000    922.732666
2.550000    925.621277
2.560000    928.505310
2.570000    931.411499
2.580000    934.223633
2.590000    937.008179
2.600000    939.792908
2.610000    942.648438
2.620000    945.527283
2.630000    948.257019
2.640000    951.023438
2.650000    953.896362
2.660000    956.702698
2.670000    959.564514
2.680000    962.386780
2.690000    965.279541
2.700000    968.101440
2.710000    970.900146
2.720000    973.743958
2.730000    976.535583
2.740000    979.346680
2.750000    982.197876
2.760000    985.018066
2.770000    987.878540
2.780000    990.821350
2.790000    993.706482
2.800000    996.637939
2.810000    999.529663
2.820000    1002.414612
2.830000    1005.279663
2.840000    1008.114990
2.850000    1010.877502
2.860000    1013.678284
2.870000    1016.624634
2.880000    1019.560303
2.890000    1022.496399
2.900000    1025.422363
2.910000    1028.343872
2.920000    1031.195557
2.930000    1033.976685
2.940000    1036.803955
2.950000    1039.664917
2.960000    1042.552490
2.970000    1045.477905
2.980000    1048.425415
2.990000    1051.225830
3.000000    1053.974854
3.010000    1056.795166
3.020000    1059.600708
3.030000    1062.421265
3.040000    1065.198486
3.050000    1068.105347
3.060000    1070.963379
3.070000    1073.854126
3.080000    1076.641357
3.090000    1079.514282
3.100000    1082.367432
3.110000    1085.224854
3.120000    1088.069702
3.130000    1090.875610
3.140000    1093.715088
3.150000    1096.519897
3.160000    1099.329834
3.170000    1102.100708
3.180000    1104.843018
3.190000    1107.549683
3.200000    1110.328613
3.210000    1113.069336
3.220000    1115.808472
3.230000    1118.534180
3.240000    1121.135864
3.250000    1123.756958
3.260000    1126.411865
3.270000    1129.000854
3.280000    1131.744141
3.290000    1134.359741
3.300000    1137.002319
3.310000    1139.636719
3.320000    1142.286255
3.330000    1144.906860
3.340000    1147.484497
3.350000    1150.085693
3.360000    1152.704102
3.370000    1155.335083
3.380000    1157.947510
3.390000    1160.577881
3.400000    1163.224365
3.410000    1165.866821
3.420000    1168.510010
3.430000    1171.197144
3.440000    1173.937622
3.450000    1176.497070
3.460000    1179.140381
3.470000    1181.860352
3.480000    1184.474243
3.490000    1187.134033
3.500000    1189.658569
3.510000    1192.186890
3.520000    1194.766357
3.530000    1197.381836
3.540000    1200.027832
3.550000    1202.800537
3.560000    1205.512939
3.570000    1208.282715
3.580000    1211.031250
3.590000    1213.756714
3.600000    1216.537598
3.610000    1219.270996
3.620000    1222.084961
3.630000    1224.926880
3.640000    1227.760010
3.650000    1230.572754
3.660000    1233.352661
3.670000    1236.110596
3.680000    1238.815552
3.690000    1241.536255
3.700000    1244.186157
3.710000    1246.878662
3.720000    1249.617920
3.730000    1252.356201
3.740000    1255.107056
3.750000    1257.801514
3.760000    1260.471436
3.770000    1263.120972
3.780000    1265.770386
3.790000    1268.386963
3.800000    1271.004272
3.810000    1273.666870
3.820000    1276.406250
3.830000    1279.081543
3.840000    1281.687866
3.850000    1284.403809
3.860000    1287.142578
3.870000    1289.852295
3.880000    1292.626709
3.890000    1295.340820
3.900000    1298.008057
3.910000    1300.610718
3.920000    1303.244507
3.930000    1305.917236
3.940000    1308.498169
3.950000    1311.166504
3.960000    1313.782349
3.970000    1316.486328
3.980000    1319.177490
3.990000    1321.741211
4.000000    1324.304810
4.010000    1326.911133
4.020000    1329.533081
4.030000    1332.069824
4.040000    1334.688110
4.050000    1337.324951
4.060000    1340.052490
4.070000    1342.761963
4.080000    1345.392090
4.090000    1348.082886
4.100000    1350.734375
4.110000    1353.208374
4.120000    1355.728760
4.130000    1358.242554
4.140000    1360.732910
4.150000    1363.268677
4.160000    1365.840820
4.170000    1368.405640
4.180000    1370.956909
4.190000    1373.480347
4.200000    1376.154297
4.210000    1378.767212
4.220000    1381.333984
4.230000    1383.796265
4.240000    1386.298950
4.250000    1388.894409
4.260000    1391.536499
4.270000    1394.185791
4.280000    1396.819946
4.290000    1399.373901
4.300000    1402.008179
4.310000    1404.683594
4.320000    1407.293579
4.330000    1409.870728
4.340000    1412.405029
4.350000    1414.985840
4.360000    1417.557983
4.370000    1420.132568
4.380000    1422.788818
4.390000    1425.511963
4.400000    1428.266724
4.410000    1431.006226
4.420000    1433.652954
4.430000    1436.272827
4.440000    1438.880249
4.450000    1441.493774
4.460000    1444.208862
4.470000    1446.917725
4.480000    1449.545410
4.490000    1452.194946
4.500000    1454.819458
4.510000    1457.304810
4.520000    1459.902100
4.530000    1462.417480
4.540000    1464.951782
4.550000    1467.392822
4.560000    1469.934692
4.570000    1472.411865
4.580000    1474.934326
4.590000    1477.481689
4.600000    1479.985474
4.610000    1482.473267
4.620000    1485.022583
4.630000    1487.579468
4.640000    1490.279907
4.650000    1492.944458
4.660000    1495.470215
4.670000    1498.014282
4.680000    1500.603638
4.690000    1503.224976
4.700000    1505.809326
4.710000    1508.418701
4.720000    1511.012573
4.730000    1513.701416
4.740000    1516.427246
4.750000    1518.993896
4.760000    1521.597046
4.770000    1524.178955
4.780000    1526.791504
4.790000    1529.389160
4.800000    1532.067383
4.810000    1534.671265
4.820000    1537.189819
4.830000    1539.698975
4.840000    1542.221558
4.850000    1544.712646
4.860000    1547.162964
4.870000    1549.606323
4.880000    1552.106689
4.890000    1554.696289
4.900000    1557.262573
4.910000    1559.854736
4.920000    1562.370239
4.930000    1564.847290
4.940000    1567.267822
4.950000    1569.657959
4.960000    1572.102539
4.970000    1574.577759
4.980000    1577.084351
4.990000    1579.646484
5.000000    1582.213379
5.010000    1584.763672
5.020000    1587.320435
5.030000    1589.892578
5.040000    1592.414429
5.050000    1594.980713
5.060000    1597.463257
5.070000    1599.977417
5.080000    1602.537109
5.090000    1605.060181
5.100000    1607.623413
5.110000    1610.216431
5.120000    1612.790283
5.130000    1615.458496
5.140000    1618.040039
5.150000    1620.588501
5.160000    1622.960449
5.170000    1625.421631
5.180000    1627.862305
5.190000    1630.268433
5.200000    1632.713257
5.210000    1635.101685
5.220000    1637.468872
5.230000    1639.862183
5.240000    1642.328491
5.250000    1644.814575
5.260000    1647.304321
5.270000    1649.720215
5.280000    1652.185181
5.290000    1654.472046
5.300000    1656.818604
5.310000    1659.154053
5.320000    1661.475586
5.330000    1663.882202
5.340000    1666.286865
5.350000    1668.706665
5.360000    1671.133301
5.370000    1673.699097
5.380000    1676.261353
5.390000    1678.741089
5.400000    1681.260864
5.410000    1683.723389
5.420000    1686.197754
5.430000    1688.722778
5.440000    1691.230835
5.450000    1693.763550
5.460000    1696.404175
5.470000    1699.014282
5.480000    1701.630859
5.490000    1704.224609
5.500000    1706.804932
5.510000    1709.292114
5.520000    1711.856445
5.530000    1714.401245
5.540000    1716.895630
5.550000    1719.408325
5.560000    1721.897949
5.570000    1724.332520
5.580000    1726.793335
5.590000    1729.297607
5.600000    1731.786011
5.610000    1734.211426
5.620000    1736.758423
5.630000    1739.228394
5.640000    1741.591797
5.650000    1743.970581
5.660000    1746.398071
5.670000    1748.850098
5.680000    1751.234863
5.690000    1753.556030
5.700000    1755.779663
5.710000    1757.970093
5.720000    1760.206909
5.730000    1762.471558
5.740000    1764.823975
5.750000    1767.219849
5.760000    1769.663940
5.770000    1772.099243
5.780000    1774.539551
5.790000    1776.894897
5.800000    1779.410156
5.810000    1781.968262
5.820000    1784.470825
5.830000    1786.998047
5.840000    1789.503662
5.850000    1791.951538
5.860000    1794.379272
5.870000    1796.846069
5.880000    1799.375977
5.890000    1802.010864
5.900000    1804.649292
5.910000    1807.176147
5.920000    1809.695923
5.930000    1812.193237
5.940000    1814.672607
5.950000    1817.136841
5.960000    1819.630127
5.970000    1822.105347
5.980000    1824.531494
5.990000    1826.955444
6.000000    1829.366089
6.010000    1831.809326
6.020000    1834.269775
6.030000    1836.708984
6.040000    1839.147583
6.050000    1841.589111
6.060000    1844.005737
6.070000    1846.439819
6.080000    1848.893799
6.090000    1851.255737
6.100000    1853.566528
6.110000    1855.793823
6.120000    1857.995483
6.130000    1860.267944
6.140000    1862.592651
6.150000    1864.879028
6.160000    1867.105957
6.170000    1869.411621
6.180000    1871.676636
6.190000    1873.900146
6.200000    1876.249268
6.210000    1878.498535
6.220000    1880.779541
6.230000    1883.148682
6.240000    1885.469116
6.250000    1887.829468
6.260000    1890.257568
6.270000    1892.678711
6.280000    1895.019165
6.290000    1897.352539
6.300000    1899.720947
6.310000    1902.213013
6.320000    1904.681396
6.330000    1907.083374
6.340000    1909.531372
6.350000    1911.947754
6.360000    1914.391846
6.370000    1916.836792
6.380000    1919.281738
6.390000    1921.685791
6.400000    1924.095825
6.410000    1926.540283
6.420000    1928.957031
6.430000    1931.308716
6.440000    1933.640259
6.450000    1936.023682
6.460000    1938.369629
6.470000    1940.834717
6.480000    1943.386719
6.490000    1945.807739
6.500000    1948.196655
6.510000    1950.609619
6.520000    1953.068970
6.530000    1955.621948
6.540000    1958.108887
6.550000    1960.714355
6.560000    1963.224976
6.570000    1965.773804
6.580000    1968.356689
6.590000    1970.964722
6.600000    1973.577637
6.610000    1976.251953
6.620000    1978.927490
6.630000    1981.513916
6.640000    1984.075928
6.650000    1986.712280
6.660000    1989.345459
6.670000    1991.969116
6.680000    1994.599609
6.690000    1997.233521
6.700000    1999.777466
6.710000    2002.388306
6.720000    2004.951660
6.730000    2007.558594
6.740000    2010.224976
6.750000    2012.865234
6.760000    2015.466309
6.770000    2018.026367
6.780000    2020.534302
6.790000    2023.081665
6.800000    2025.589600
6.810000    2028.185669
6.820000    2030.755493
6.830000    2033.389771
6.840000    2036.018311
6.850000    2038.525024
6.860000    2041.017090
6.870000    2043.502808
6.880000    2046.001953
6.890000    2048.491455
6.900000    2050.953857
6.910000    2053.399658
6.920000    2055.885742
6.930000    2058.302734
6.940000    2060.665039
6.950000    2063.117188
6.960000    2065.514160
6.970000    2067.874512
6.980000    2070.212158
6.990000    2072.570312
7.000000    2074.968018
7.010000    2077.377441
7.020000    2079.688965
7.030000    2081.987793
7.040000    2084.307861
7.050000    2086.601807
7.060000    2088.917236
7.070000    2091.213135
7.080000    2093.508301
7.090000    2095.802979
7.100000    2098.166016
7.110000    2100.463135
7.120000    2102.847900
7.130000    2105.231201
7.140000    2107.751953
7.150000    2110.190674
7.160000    2112.564697
7.170000    2115.011230
7.180000    2117.425781
7.190000    2119.791992
7.200000    2122.142090
7.210000    2124.471680
7.220000    2126.814453
7.230000    2129.108887
7.240000    2131.443115
7.250000    2133.771240
7.260000    2136.110840
7.270000    2138.537109
7.280000    2140.807617
7.290000    2143.062012
7.300000    2145.298584
7.310000    2147.556396
7.320000    2149.884521
7.330000    2152.300781
7.340000    2154.655762
7.350000    2157.064697
7.360000    2159.453613
7.370000    2161.720459
7.380000    2164.095703
7.390000    2166.416748
7.400000    2168.747070
7.410000    2171.072266
7.420000    2173.406250
7.430000    2175.802246
7.440000    2178.206055
7.450000    2180.520020
7.460000    2182.885986
7.470000    2185.195068
7.480000    2187.548828
7.490000    2189.922363
7.500000    2192.238281
7.510000    2194.601074
7.520000    2196.836914
7.530000    2199.126709
7.540000    2201.430664
7.550000    2203.584473
7.560000    2205.904785
7.570000    2208.233154
7.580000    2210.563965
7.590000    2212.877686
7.600000    2215.219971
7.610000    2217.571777
7.620000    2219.980957
7.630000    2222.389893
7.640000    2224.727539
7.650000    2227.094238
7.660000    2229.493896
7.670000    2231.745605
7.680000    2234.077148
7.690000    2236.467285
7.700000    2238.734131
7.710000    2241.019287
7.720000    2243.398438
7.730000    2245.731689
7.740000    2248.124756
7.750000    2250.524414
7.760000    2252.849854
7.770000    2255.199951
7.780000    2257.560791
7.790000    2259.912354
7.800000    2262.258301
7.810000    2264.591797
7.820000    2266.827881
7.830000    2269.067139
7.840000    2271.330078
7.850000    2273.625244
7.860000    2275.915771
7.870000    2278.233398
7.880000    2280.571777
7.890000    2282.888428
7.900000    2285.278564
7.910000    2287.612549
7.920000    2290.005859
7.930000    2292.379395
7.940000    2294.673828
7.950000    2296.967285
7.960000    2299.410645
7.970000    2301.733154
7.980000    2304.064941
7.990000    2306.334229
8.000000    2308.725586
8.010000    2311.091797
8.020000    2313.485107
8.030000    2315.752197
8.040000    2317.968994
8.050000    2320.241211
8.060000    2322.516357
8.070000    2324.885742
8.080000    2327.102051
8.090000    2329.374023
8.100000    2331.705566
8.110000    2334.083252
8.120000    2336.489502
8.130000    2338.803223
8.140000    2341.105957
8.150000    2343.425293
8.160000    2345.868896
8.170000    2348.298340
8.180000    2350.741455
8.190000    2353.248779
8.200000    2355.757080
8.210000    2358.218750
8.220000    2360.663818
8.230000    2363.135254
8.240000    2365.604980
8.250000    2368.032959
8.260000    2370.505371
8.270000    2372.885254
8.280000    2375.201416
8.290000    2377.581055
8.300000    2380.020996
8.310000    2382.361572
8.320000    2384.748047
8.330000    2387.109863
8.340000    2389.480713
8.350000    2391.899902
8.360000    2394.276611
8.370000    2396.693848
8.380000    2399.050293
8.390000    2401.445557
8.400000    2403.744629
8.410000    2406.044189
8.420000    2408.423340
8.430000    2410.761475
8.440000    2413.156250
8.450000    2415.430908
8.460000    2417.761963
8.470000    2420.085693
8.480000    2422.515381
8.490000    2424.815918
8.500000    2427.059326
8.510000    2429.330811
8.520000    2431.527344
8.530000    2433.852051
8.540000    2436.218750
8.550000    2438.557861
8.560000    2440.964600
8.570000    2443.361084
8.580000    2445.804932
8.590000    2448.214600
8.600000    2450.532471
8.610000    2452.809814
8.620000    2455.140869
8.630000    2457.434326
8.640000    2459.861328
8.650000    2462.355469
8.660000    2464.811279
8.670000    2467.300537
8.680000    2469.738770
8.690000    2472.245850
8.700000    2474.667236
8.710000    2477.222168
8.720000    2479.596191
8.730000    2481.968750
8.740000    2484.395752
8.750000    2486.783203
8.760000    2489.120361
8.770000    2491.512939
8.780000    2493.852539
8.790000    2496.297852
8.800000    2498.711182
8.810000    2501.018066
8.820000    2503.345459
8.830000    2505.669678
8.840000    2507.979248
8.850000    2510.325684
8.860000    2512.565674
8.870000    2514.784424
8.880000    2517.058594
8.890000    2519.345459
8.900000    2521.529785
8.910000    2523.809082
8.920000    2526.132324
8.930000    2528.490479
8.940000    2530.741943
8.950000    2532.987549
8.960000    2535.274902
8.970000    2537.567383
8.980000    2539.910400
8.990000    2542.209473
9.000000    2544.472656
9.010000    2546.794189
9.020000    2549.184814
9.030000    2551.542725
9.040000    2553.925781
9.050000    2556.373779
9.060000    2558.697510
9.070000    2561.030029
9.080000    2563.402588
9.090000    2565.759033
9.100000    2568.108154
9.110000    2570.364990
9.120000    2572.609131
9.130000    2574.862793
9.140000    2577.200439
9.150000    2579.509766
9.160000    2581.866943
9.170000    2584.162598
9.180000    2586.436523
9.190000    2588.755371
9.200000    2591.174561
9.210000    2593.643555
9.220000    2596.060547
9.230000    2598.563477
9.240000    2601.013916
9.250000    2603.457520
9.260000    2605.879395
9.270000    2608.309326
9.280000    2610.701172
9.290000    2613.036621
9.300000    2615.427734
9.310000    2617.804688
9.320000    2620.304688
9.330000    2622.774170
9.340000    2625.269287
9.350000    2627.686768
9.360000    2630.058105
9.370000    2632.414551
9.380000    2634.869385
9.390000    2637.313232
9.400000    2639.664795
9.410000    2641.955811
9.420000    2644.259033
9.430000    2646.551025
9.440000    2648.770020
9.450000    2650.979004
9.460000    2653.287842
9.470000    2655.550293
9.480000    2657.876221
9.490000    2660.205322
9.500000    2662.567383
9.510000    2664.931396
9.520000    2667.221436
9.530000    2669.422852
9.540000    2671.601562
9.550000    2673.748535
9.560000    2675.919434
9.570000    2678.109131
9.580000    2680.321289
9.590000    2682.533447
9.600000    2684.773193
9.610000    2686.964600
9.620000    2689.140381
9.630000    2691.450684
9.640000    2693.717041
9.650000    2696.003174
9.660000    2698.338135
9.670000    2700.531250
9.680000    2702.747314
9.690000    2704.990479
9.700000    2707.205322
9.710000    2709.501953
9.720000    2711.732178
9.730000    2713.910156
9.740000    2716.082031
9.750000    2718.226318
9.760000    2720.496094
9.770000    2722.776611
9.780000    2725.022949
9.790000    2727.314941
9.800000    2729.601318
9.810000    2731.946289
9.820000    2734.183838
9.830000    2736.558594
9.840000    2738.870850
9.850000    2741.178955
9.860000    2743.473389
9.870000    2745.749268
9.880000    2748.031982
9.890000    2750.236572
9.900000    2752.466797
9.910000    2754.782715
9.920000    2757.097168
9.930000    2759.366455
9.940000    2761.565674
9.950000    2763.785645
9.960000    2765.953857
9.970000    2768.125977
9.980000    2770.242676
9.990000    2772.425049
10.000000    2774.585693
10.010000    2776.788818
10.020000    2779.017090
10.030000    2781.235840
10.040000    2783.502197
10.050000    2785.787109
10.060000    2788.108643
10.070000    2790.500488
10.080000    2792.903809
10.090000    2795.237549
10.100000    2797.658936
10.110000    2800.054443
10.120000    2802.434326
10.130000    2804.759277
10.140000    2806.990479
10.150000    2809.328857
10.160000    2811.595215
10.170000    2813.866211
10.180000    2816.154541
10.190000    2818.407959
10.200000    2820.624756
10.210000    2822.831543
10.220000    2825.096436
10.230000    2827.393311
10.240000    2829.727783
10.250000    2832.063965
10.260000    2834.403809
10.270000    2836.686279
10.280000    2838.909912
10.290000    2841.167480
10.300000    2843.406006
10.310000    2845.620605
10.320000    2847.796387
10.330000    2850.018066
10.340000    2852.174072
10.350000    2854.364990
10.360000    2856.553223
10.370000    2858.697754
10.380000    2860.809082
10.390000    2863.011963
10.400000    2865.210693
10.410000    2867.510498
10.420000    2869.771973
10.430000    2872.008789
10.440000    2874.254150
10.450000    2876.406494
10.460000    2878.635986
10.470000    2880.862549
10.480000    2883.048340
10.490000    2885.218506
10.500000    2887.250488
10.510000    2889.325684
10.520000    2891.363281
10.530000    2893.407227
10.540000    2895.471924
10.550000    2897.608154
10.560000    2899.689697
10.570000    2901.690186
10.580000    2903.771484
10.590000    2905.786133
10.600000    2907.857666
10.610000    2909.927734
10.620000    2911.995361
10.630000    2914.059570
10.640000    2916.201904
10.650000    2918.412598
10.660000    2920.654297
10.670000    2922.807861
10.680000    2924.952637
10.690000    2927.078857
10.700000    2929.158203
10.710000    2931.280762
10.720000    2933.384033
10.730000    2935.431152
10.740000    2937.446533
10.750000    2939.479492
10.760000    2941.489014
10.770000    2943.550537
10.780000    2945.679688
10.790000    2947.780029
10.800000    2950.014404
10.810000    2952.217773
10.820000    2954.413086
10.830000    2956.608643
10.840000    2958.703369
10.850000    2960.918945
10.860000    2963.168213
10.870000    2965.411133
10.880000    2967.652100
10.890000    2969.876709
10.900000    2972.064941
10.910000    2974.285400
10.920000    2976.481934
10.930000    2978.582275
10.940000    2980.789062
10.950000    2982.988770
10.960000    2985.197266
10.970000    2987.440430
10.980000    2989.679199
10.990000    2991.939697
11.000000    2994.130615
11.010000    2996.402100
11.020000    2998.577393
11.030000    3000.739746
11.040000    3002.936768
11.050000    3005.209961
11.060000    3007.447021
11.070000    3009.685303
11.080000    3011.925537
11.090000    3014.035400
11.100000    3016.231934
11.110000    3018.394531
11.120000    3020.592285
11.130000    3022.736816
11.140000    3024.990967
11.150000    3027.284180
11.160000    3029.664062
11.170000    3032.044678
11.180000    3034.338379
11.190000    3036.544189
11.200000    3038.681641
11.210000    3040.870117
11.220000    3043.062988
11.230000    3045.176758
11.240000    3047.318848
11.250000    3049.505859
11.260000    3051.671387
11.270000    3053.846191
11.280000    3056.075439
11.290000    3058.275635
11.300000    3060.359863
11.310000    3062.487305
11.320000    3064.704834
11.330000    3066.908691
11.340000    3069.072998
11.350000    3071.242432
11.360000    3073.321289
11.370000    3075.470703
11.380000    3077.566895
11.390000    3079.740723
11.400000    3081.863525
11.410000    3084.028320
11.420000    3086.080811
11.430000    3088.152100
11.440000    3090.206055
11.450000    3092.319824
11.460000    3094.477783
11.470000    3096.615479
11.480000    3098.763428
11.490000    3100.771484
11.500000    3102.624023
11.510000    3104.621826
11.520000    3106.767578
11.530000    3108.795166
11.540000    3110.893799
11.550000    3113.011719
11.560000    3115.154053
11.570000    3117.343750
11.580000    3119.452393
11.590000    3121.642334
11.600000    3123.828613
11.610000    3125.930908
11.620000    3128.045898
11.630000    3130.207275
11.640000    3132.477295
11.650000    3134.797852
11.660000    3137.071289
11.670000    3139.389648
11.680000    3141.620605
11.690000    3143.856934
11.700000    3146.079590
11.710000    3148.320801
11.720000    3150.478516
11.730000    3152.758301
11.740000    3154.999512
11.750000    3157.243408
11.760000    3159.404053
11.770000    3161.552246
11.780000    3163.680664
11.790000    3165.816162
11.800000    3167.939697
11.810000    3170.065674
11.820000    3172.187988
11.830000    3174.369141
11.840000    3176.601074
11.850000    3178.936035
11.860000    3181.182129
11.870000    3183.468994
11.880000    3185.674072
11.890000    3187.919189
11.900000    3190.112549
11.910000    3192.310059
11.920000    3194.504395
11.930000    3196.648193
11.940000    3198.874268
11.950000    3201.018066
11.960000    3203.229004
11.970000    3205.462891
11.980000    3207.658203
11.990000    3209.881836
12.000000    3212.156738
12.010000    3214.446289
12.020000    3216.683838
12.030000    3218.966553
12.040000    3221.209717
12.050000    3223.430664
12.060000    3225.649658
12.070000    3227.955078
12.080000    3230.194824
12.090000    3232.484619
12.100000    3234.682861
12.110000    3236.983643
12.120000    3239.438965
12.130000    3241.731201
12.140000    3244.064941
12.150000    3246.382324
12.160000    3248.636230
12.170000    3250.919922
12.180000    3253.220459
12.190000    3255.512207
12.200000    3257.899902
12.210000    3260.206543
12.220000    3262.515381
12.230000    3264.800049
12.240000    3267.090088
12.250000    3269.413818
12.260000    3271.700928
12.270000    3273.981201
12.280000    3276.285889
12.290000    3278.549805
12.300000    3280.876709
12.310000    3283.199951
12.320000    3285.443115
12.330000    3287.593750
12.340000    3289.770508
12.350000    3291.956055
12.360000    3294.177246
12.370000    3296.494385
12.380000    3298.673340
12.390000    3300.794922
12.400000    3302.946289
12.410000    3305.144043
12.420000    3307.378174
12.430000    3309.633545
12.440000    3311.971436
12.450000    3314.170898
12.460000    3316.466064
12.470000    3318.727295
12.480000    3321.005371
12.490000    3323.219482
12.500000    3325.461426
12.510000    3327.749268
12.520000    3330.071533
12.530000    3332.375488
12.540000    3334.681152
12.550000    3337.073975
12.560000    3339.415283
12.570000    3341.697510
12.580000    3343.932129
12.590000    3346.219238
12.600000    3348.474854
12.610000    3350.717041
12.620000    3352.947021
12.630000    3355.288818
12.640000    3357.614258
12.650000    3359.935059
12.660000    3362.228516
12.670000    3364.447021
12.680000    3366.637451
12.690000    3368.783691
12.700000    3370.939453
12.710000    3373.074707
12.720000    3375.196289
12.730000    3377.391113
12.740000    3379.593994
12.750000    3381.846436
12.760000    3383.989746
12.770000    3386.233398
12.780000    3388.421631
12.790000    3390.650391
12.800000    3392.905273
12.810000    3395.191406
12.820000    3397.561768
12.830000    3399.898438
12.840000    3402.150391
12.850000    3404.500732
12.860000    3406.826904
12.870000    3409.177490
12.880000    3411.524658
12.890000    3413.780762
12.900000    3416.055420
12.910000    3418.264648
12.920000    3420.500732
12.930000    3422.773926
12.940000    3425.095703
12.950000    3427.315430
12.960000    3429.643799
12.970000    3431.979492
12.980000    3434.243164
12.990000    3436.494629
13.000000    3438.717041
13.010000    3440.960205
13.020000    3443.256592
13.030000    3445.409180
13.040000    3447.559326
13.050000    3449.727295
13.060000    3451.817383
13.070000    3454.010498
13.080000    3456.211182
13.090000    3458.392090
13.100000    3460.642822
13.110000    3462.871094
13.120000    3465.032227
13.130000    3467.209229
13.140000    3469.336426
13.150000    3471.436768
13.160000    3473.524414
13.170000    3475.699707
13.180000    3477.937256
13.190000    3480.066895
13.200000    3482.190918
13.210000    3484.282959
13.220000    3486.430176
13.230000    3488.613037
13.240000    3490.763916
13.250000    3492.950439
13.260000    3495.143311
13.270000    3497.236572
13.280000    3499.317383
13.290000    3501.446777
13.300000    3503.560303
13.310000    3505.658936
13.320000    3507.759277
13.330000    3509.881836
13.340000    3512.017090
13.350000    3514.065186
13.360000    3516.048828
13.370000    3518.083252
13.380000    3520.204834
13.390000    3522.394775
13.400000    3524.623291
13.410000    3526.743164
13.420000    3528.936279
13.430000    3531.120117
13.440000    3533.338135
13.450000    3535.489014
13.460000    3537.544189
13.470000    3539.719727
13.480000    3541.797119
13.490000    3543.930664
13.500000    3546.025879
13.510000    3548.138184
13.520000    3550.378174
13.530000    3552.581055
13.540000    3554.823486
13.550000    3557.129883
13.560000    3559.463135
13.570000    3561.689941
13.580000    3563.927490
13.590000    3566.202637
13.600000    3568.432861
13.610000    3570.646729
13.620000    3572.925293
13.630000    3575.126465
13.640000    3577.445312
13.650000    3579.747070
13.660000    3581.979248
13.670000    3584.152588
13.680000    3586.335449
13.690000    3588.496582
13.700000    3590.727783
13.710000    3592.881104
13.720000    3595.039551
13.730000    3597.227539
13.740000    3599.433838
13.750000    3601.616699
13.760000    3603.849365
13.770000    3606.051758
13.780000    3608.387451
13.790000    3610.604004
13.800000    3612.796631
13.810000    3615.016602
13.820000    3617.259766
13.830000    3619.580322
13.840000    3621.892822
13.850000    3624.221924
13.860000    3626.512939
13.870000    3628.896729
13.880000    3631.275146
13.890000    3633.619141
13.900000    3636.022217
13.910000    3638.504395
13.920000    3640.944092
13.930000    3643.449951
13.940000    3645.914307
13.950000    3648.366699
13.960000    3650.794922
13.970000    3653.204590
13.980000    3655.597656
13.990000    3657.867188
14.000000    3660.189209
14.010000    3662.481445
14.020000    3664.791016
14.030000    3667.180908
14.040000    3669.554443
14.050000    3671.989014
14.060000    3674.319092
14.070000    3676.732666
14.080000    3679.191650
14.090000    3681.626465
14.100000    3684.156006
14.110000    3686.594971
14.120000    3689.075928
14.130000    3691.512207
14.140000    3694.040527
14.150000    3696.497803
14.160000    3698.975098
14.170000    3701.504395
14.180000    3703.975586
14.190000    3706.491699
14.200000    3709.011963
14.210000    3711.498535
14.220000    3713.831787
14.230000    3716.303711
14.240000    3718.700684
14.250000    3721.156738
14.260000    3723.610352
14.270000    3726.041992
14.280000    3728.551514
14.290000    3730.897705
14.300000    3733.321777
14.310000    3735.646484
14.320000    3737.929199
14.330000    3740.156494
14.340000    3742.350342
14.350000    3744.591797
14.360000    3746.788574
14.370000    3749.085693
14.380000    3751.422852
14.390000    3753.753418
14.400000    3756.097412
14.410000    3758.547363
14.420000    3760.991943
14.430000    3763.399170
14.440000    3765.795898
14.450000    3768.217529
14.460000    3770.582031
14.470000    3772.968262
14.480000    3775.325195
14.490000    3777.694580
14.500000    3780.080078
14.510000    3782.503418
14.520000    3784.903320
14.530000    3787.301514
14.540000    3789.544678
14.550000    3791.885010
14.560000    3794.171387
14.570000    3796.446777
14.580000    3798.649170
14.590000    3800.947266
14.600000    3803.272217
14.610000    3805.624512
14.620000    3807.935791
14.630000    3810.255615
14.640000    3812.646973
14.650000    3814.959473
14.660000    3817.269287
14.670000    3819.497559
14.680000    3821.799561
14.690000    3824.088379
14.700000    3826.383789
14.710000    3828.773193
14.720000    3831.175049
14.730000    3833.483154
14.740000    3835.753906
14.750000    3838.093994
14.760000    3840.394287
14.770000    3842.732178
14.780000    3845.043701
14.790000    3847.321533
14.800000    3849.570801
14.810000    3851.943115
14.820000    3854.304932
14.830000    3856.635498
14.840000    3858.989502
14.850000    3861.376709
14.860000    3863.722168
14.870000    3866.087646
14.880000    3868.396484
14.890000    3870.637451
14.900000    3872.925049
14.910000    3875.299316
14.920000    3877.631592
14.930000    3880.011230
14.940000    3882.266602
14.950000    3884.606934
14.960000    3886.894775
14.970000    3889.256348
14.980000    3891.598145
14.990000    3894.025391
15.000000    3896.494141
15.010000    3898.964844
15.020000    3901.397949
15.030000    3903.835693
15.040000    3906.275635
15.050000    3908.729492
15.060000    3911.203369
15.070000    3913.606201
15.080000    3916.052490
15.090000    3918.413330
15.100000    3920.905029
15.110000    3923.285889
15.120000    3925.618652
15.130000    3928.052002
15.140000    3930.292480
15.150000    3932.602051
15.160000    3934.914307
15.170000    3937.239258
15.180000    3939.555908
15.190000    3941.949951
15.200000    3944.436768
15.210000    3946.900635
15.220000    3949.376221
15.230000    3951.806152
15.240000    3954.263916
15.250000    3956.665771
15.260000    3959.031006
15.270000    3961.355469
15.280000    3963.628906
15.290000    3965.936768
15.300000    3968.261963
15.310000    3970.524902
15.320000    3972.816650
15.330000    3975.098389
15.340000    3977.427246
15.350000    3979.737793
15.360000    3982.080078
15.370000    3984.462402
15.380000    3986.801025
15.390000    3989.073242
15.400000    3991.335449
15.410000    3993.631836
15.420000    3996.095947
15.430000    3998.559814
15.440000    4001.003418
15.450000    4003.403076
15.460000    4005.808105
15.470000    4008.255615
15.480000    4010.651611
15.490000    4013.192139
15.500000    4015.651611
15.510000    4018.048828
15.520000    4020.430908
15.530000    4022.826660
15.540000    4025.262207
15.550000    4027.702148
15.560000    4030.010010
15.570000    4032.470703
15.580000    4034.926270
15.590000    4037.366211
15.600000    4039.737793
15.610000    4042.225586
15.620000    4044.494385
15.630000    4046.730469
15.640000    4048.924805
15.650000    4051.230225
15.660000    4053.541016
15.670000    4055.824219
15.680000    4058.089111
15.690000    4060.375732
15.700000    4062.700928
15.710000    4065.024658
15.720000    4067.176025
15.730000    4069.274414
15.740000    4071.302246
15.750000    4073.355469
15.760000    4075.473633
15.770000    4077.583496
15.780000    4079.731934
15.790000    4081.889893
15.800000    4084.089355
15.810000    4086.347412
15.820000    4088.622803
15.830000    4090.924805
15.840000    4093.134766
15.850000    4095.337646
15.860000    4097.594238
15.870000    4099.863281
15.880000    4102.071777
15.890000    4104.254883
15.900000    4106.629883
15.910000    4108.895508
15.920000    4111.164551
15.930000    4113.387695
15.940000    4115.535645
15.950000    4117.633789
15.960000    4119.788574
15.970000    4121.894043
15.980000    4124.004883
15.990000    4126.094727
16.000000    4128.207031
16.010000    4130.340332
16.020000    4132.474121
16.030000    4134.699219
16.040000    4136.888672
16.050000    4139.150391
16.060000    4141.325195
16.070000    4143.512207
16.080000    4145.670898
16.090000    4147.785645
16.100000    4149.956055
16.110000    4152.042969
16.120000    4154.098145
16.130000    4156.185547
16.140000    4158.320801
16.150000    4160.437988
16.160000    4162.610840
16.170000    4164.647949
16.180000    4166.781738
16.190000    4168.949707
16.200000    4171.116211
16.210000    4173.230957
16.220000    4175.445801
16.230000    4177.707520
16.240000    4180.055664
16.250000    4182.323242
16.260000    4184.611816
16.270000    4186.966309
16.280000    4189.311523
16.290000    4191.652832
16.300000    4193.897461
16.310000    4196.161621
16.320000    4198.395020
16.330000    4200.678223
16.340000    4202.998535
16.350000    4205.181152
16.360000    4207.345703
16.370000    4209.404297
16.380000    4211.524902
16.390000    4213.706055
16.400000    4215.854492
16.410000    4217.946777
16.420000    4220.138184
16.430000    4222.313965
16.440000    4224.437988
16.450000    4226.644531
16.460000    4228.772949
16.470000    4230.951660
16.480000    4233.157227
16.490000    4235.473145
16.500000    4237.769043
16.510000    4240.005859
16.520000    4242.307617
16.530000    4244.637207
16.540000    4246.829590
16.550000    4249.070801
16.560000    4251.270508
16.570000    4253.452148
16.580000    4255.604980
16.590000    4257.717773
16.600000    4259.854980
16.610000    4262.045410
16.620000    4264.243164
16.630000    4266.524902
16.640000    4268.882812
16.650000    4271.128906
16.660000    4273.376465
16.670000    4275.614258
16.680000    4277.951172
16.690000    4280.133789
16.700000    4282.331543
16.710000    4284.593262
16.720000    4286.823242
16.730000    4289.091797
16.740000    4291.297363
16.750000    4293.579590
16.760000    4295.934082
16.770000    4298.340820
16.780000    4300.612305
16.790000    4302.964355
16.800000    4305.381348
16.810000    4307.629883
16.820000    4309.872070
16.830000    4312.088867
16.840000    4314.271484
16.850000    4316.458008
16.860000    4318.628418
16.870000    4320.728516
16.880000    4322.812500
16.890000    4324.945312
16.900000    4326.993652
16.910000    4329.049316
16.920000    4330.968262
16.930000    4332.958496
16.940000    4334.916016
16.950000    4336.866211
16.960000    4338.833984
16.970000    4340.846191
16.980000    4342.915527
16.990000    4345.040527
17.000000    4347.098633
17.010000    4349.267578
17.020000    4351.393555
17.030000    4353.507812
17.040000    4355.683105
17.050000    4357.804199
17.060000    4359.894531
17.070000    4361.999023
17.080000    4364.087402
17.090000    4366.198242
17.100000    4368.293457
17.110000    4370.390137
17.120000    4372.517090
17.130000    4374.585449
17.140000    4376.715820
17.150000    4378.796875
17.160000    4380.898926
17.170000    4383.175293
17.180000    4385.371582
17.190000    4387.602051
17.200000    4389.944824
17.210000    4392.174805
17.220000    4394.288086
17.230000    4396.515625
17.240000    4398.762695
17.250000    4401.036133
17.260000    4403.306641
17.270000    4405.590332
17.280000    4407.738281
17.290000    4409.862793
17.300000    4412.053711
17.310000    4414.239258
17.320000    4416.328613
17.330000    4418.385742
17.340000    4420.433594
17.350000    4422.594727
17.360000    4424.688477
17.370000    4426.749023
17.380000    4428.985840
17.390000    4431.170898
17.400000    4433.406738
17.410000    4435.763184
17.420000    4438.053223
17.430000    4440.330566
17.440000    4442.702637
17.450000    4445.042480
17.460000    4447.412598
17.470000    4449.737305
17.480000    4451.996094
17.490000    4454.176270
17.500000    4456.437988
17.510000    4458.717773
17.520000    4460.901367
17.530000    4463.076660
17.540000    4465.314453
17.550000    4467.596680
17.560000    4469.797363
17.570000    4472.037109
17.580000    4474.203613
17.590000    4476.368164
17.600000    4478.572266
17.610000    4480.764648
17.620000    4482.933594
17.630000    4485.023438
17.640000    4487.171387
17.650000    4489.341309
17.660000    4491.630371
17.670000    4493.814453
17.680000    4496.035156
17.690000    4498.210938
17.700000    4500.388672
17.710000    4502.598633
17.720000    4504.848145
17.730000    4507.040527
17.740000    4509.218262
17.750000    4511.490723
17.760000    4513.795898
17.770000    4516.100586
17.780000    4518.321777
17.790000    4520.402832
17.800000    4522.594238
17.810000    4524.735840
17.820000    4526.731445
17.830000    4528.814941
17.840000    4530.894043
17.850000    4532.995605
17.860000    4535.043945
17.870000    4537.144531
17.880000    4539.217773
17.890000    4541.246094
17.900000    4543.306152
17.910000    4545.356934
17.920000    4547.429688
17.930000    4549.526367
17.940000    4551.744141
17.950000    4553.847168
17.960000    4555.946777
17.970000    4558.063477
17.980000    4560.208984
17.990000    4562.289551
18.000000    4564.425781
18.010000    4566.541016
18.020000    4568.617676
18.030000    4570.605957
18.040000    4572.604492
18.050000    4574.560059
18.060000    4576.559082
18.070000    4578.562500
18.080000    4580.600586
18.090000    4582.689453
18.100000    4584.882324
18.110000    4587.121094
18.120000    4589.377930
18.130000    4591.681641
18.140000    4594.056641
18.150000    4596.325195
18.160000    4598.505859
18.170000    4600.784180
18.180000    4603.105957
18.190000    4605.313965
18.200000    4607.503906
18.210000    4609.661621
18.220000    4611.800781
18.230000    4613.850586
18.240000    4615.939453
18.250000    4618.117188
18.260000    4620.417480
18.270000    4622.598633
18.280000    4624.815430
18.290000    4627.001465
18.300000    4629.134766
18.310000    4631.368652
18.320000    4633.565430
18.330000    4635.859375
18.340000    4638.096680
18.350000    4640.336426
18.360000    4642.503418
18.370000    4644.761230
18.380000    4646.850098
18.390000    4649.006348
18.400000    4651.235840
18.410000    4653.430176
18.420000    4655.743652
18.430000    4658.039062
18.440000    4660.331055
18.450000    4662.585449
18.460000    4664.854004
18.470000    4667.094238
18.480000    4669.289062
18.490000    4671.541504
18.500000    4673.779297
18.510000    4675.792480
18.520000    4677.861816
18.530000    4680.004883
18.540000    4682.101562
18.550000    4684.152832
18.560000    4686.311523
18.570000    4688.424316
18.580000    4690.649414
18.590000    4692.753418
18.600000    4694.936523
18.610000    4697.104492
18.620000    4699.238281
18.630000    4701.276855
18.640000    4703.377441
18.650000    4705.390137
18.660000    4707.528809
18.670000    4709.757812
18.680000    4712.037598
18.690000    4714.255859
18.700000    4716.453125
18.710000    4718.645020
18.720000    4720.863770
18.730000    4723.150879
18.740000    4725.425781
18.750000    4727.737793
18.760000    4730.065918
18.770000    4732.297363
18.780000    4734.632324
18.790000    4736.822266
18.800000    4739.163574
18.810000    4741.500977
18.820000    4743.791016
18.830000    4746.106445
18.840000    4748.413574
18.850000    4750.647461
18.860000    4752.991211
18.870000    4755.311035
18.880000    4757.533691
18.890000    4759.788574
18.900000    4762.130859
18.910000    4764.455566
18.920000    4766.703125
18.930000    4768.883789
18.940000    4771.230469
18.950000    4773.619629
18.960000    4776.077637
18.970000    4778.394043
18.980000    4780.737793
18.990000    4783.097656
19.000000    4785.416992
19.010000    4787.745605
19.020000    4790.028320
19.030000    4792.205078
19.040000    4794.484863
19.050000    4796.866699
19.060000    4799.246582
19.070000    4801.580078
19.080000    4803.942383
19.090000    4806.187988
19.100000    4808.365234
19.110000    4810.566406
19.120000    4812.838379
19.130000    4815.169922
19.140000    4817.517578
19.150000    4819.829102
19.160000    4822.201660
19.170000    4824.533691
19.180000    4826.775391
19.190000    4828.988281
19.200000    4831.198730
19.210000    4833.437012
19.220000    4835.608398
19.230000    4837.923340
19.240000    4840.253418
19.250000    4842.717773
19.260000    4845.173340
19.270000    4847.648438
19.280000    4850.075684
19.290000    4852.548828
19.300000    4854.960938
19.310000    4857.320312
19.320000    4859.714844
19.330000    4862.187988
19.340000    4864.711914
19.350000    4867.147949
19.360000    4869.554688
19.370000    4871.872559
19.380000    4874.229492
19.390000    4876.645020
19.400000    4878.960938
19.410000    4881.352051
19.420000    4883.771973
19.430000    4886.083984
19.440000    4888.375488
19.450000    4890.701172
19.460000    4893.089844
19.470000    4895.510742
19.480000    4897.875488
19.490000    4900.313477
19.500000    4902.666504
19.510000    4905.155762
19.520000    4907.560547
19.530000    4909.940430
19.540000    4912.289062
19.550000    4914.663574
19.560000    4917.039551
19.570000    4919.518555
19.580000    4922.000000
19.590000    4924.384766
19.600000    4926.892090
19.610000    4929.466797
19.620000    4931.997070
19.630000    4934.468262
19.640000    4936.788574
19.650000    4939.189453
19.660000    4941.495605
19.670000    4943.760742
19.680000    4946.091309
19.690000    4948.451660
19.700000    4950.682129
19.710000    4952.925781
19.720000    4955.016113
19.730000    4957.140625
19.740000    4959.353516
19.750000    4961.627930
19.760000    4963.788086
19.770000    4965.989258
19.780000    4968.133301
19.790000    4970.356445
19.800000    4972.678711
19.810000    4974.883301
19.820000    4977.191895
19.830000    4979.474121
19.840000    4981.791016
19.850000    4984.075195
19.860000    4986.286621
19.870000    4988.547852
19.880000    4990.728516
19.890000    4993.007324
19.900000    4995.204590
19.910000    4997.445312
19.920000    4999.473633
19.930000    5001.499023
19.940000    5003.583984
19.950000    5005.749023
19.960000    5007.939453
19.970000    5010.141602
19.980000    5012.290527
19.990000    5014.523438
20.000000    5016.728027
20.010000    5018.949219
20.020000    5021.135742
20.030000    5023.429199
20.040000    5025.599121
20.050000    5027.814941
20.060000    5029.909180
20.070000    5032.148438
20.080000    5034.389160
20.090000    5036.575195
20.100000    5038.744629
20.110000    5040.930664
20.120000    5043.144531
20.130000    5045.230469
20.140000    5047.444824
20.150000    5049.488770
20.160000    5051.617188
20.170000    5053.589355
20.180000    5055.544434
20.190000    5057.590332
20.200000    5059.509277
20.210000    5061.499023
20.220000    5063.435547
20.230000    5065.477051
20.240000    5067.488281
20.250000    5069.451172
20.260000    5071.372559
20.270000    5073.418945
20.280000    5075.286621
20.290000    5077.283691
20.300000    5079.438965
20.310000    5081.460938
20.320000    5083.545898
20.330000    5085.582031
20.340000    5087.617188
20.350000    5089.559082
20.360000    5091.458496
20.370000    5093.432617
20.380000    5095.334473
20.390000    5097.224609
20.400000    5099.092773
20.410000    5100.970215
20.420000    5102.970215
20.430000    5104.896484
20.440000    5106.907227
20.450000    5108.833008
20.460000    5110.758301
20.470000    5112.658691
20.480000    5114.703613
20.490000    5116.756348
20.500000    5118.734863
20.510000    5120.736328
20.520000    5122.833008
20.530000    5124.954102
20.540000    5127.092285
20.550000    5129.176270
20.560000    5131.263184
20.570000    5133.265625
20.580000    5135.360840
20.590000    5137.416504
20.600000    5139.441406
20.610000    5141.572266
20.620000    5143.534180
20.630000    5145.505859
20.640000    5147.601562
20.650000    5149.583496
20.660000    5151.520508
20.670000    5153.320801
20.680000    5155.235352
20.690000    5157.206055
20.700000    5159.155762
20.710000    5161.064941
20.720000    5163.073730
20.730000    5164.917969
20.740000    5166.721191
20.750000    5168.511230
20.760000    5170.341797
20.770000    5172.240234
20.780000    5174.241699
20.790000    5176.291992
20.800000    5178.433105
20.810000    5180.499023
20.820000    5182.555176
20.830000    5184.562500
20.840000    5186.485840
20.850000    5188.600586
20.860000    5190.604980
20.870000    5192.530762
20.880000    5194.343262
20.890000    5196.054688
20.900000    5197.941895
20.910000    5199.915527
20.920000    5201.826172
20.930000    5203.792969
20.940000    5205.737793
20.950000    5207.628418
20.960000    5209.600586
20.970000    5211.440918
20.980000    5213.354004
20.990000    5215.180176
21.000000    5217.099121
21.010000    5218.976562
21.020000    5220.886719
21.030000    5222.757812
21.040000    5224.645996
21.050000    5226.585938
21.060000    5228.360352
21.070000    5230.153809
21.080000    5231.980469
21.090000    5233.818359
21.100000    5235.710938
21.110000    5237.670898
21.120000    5239.567871
21.130000    5241.480957
21.140000    5243.476562
21.150000    5245.492188
21.160000    5247.546875
21.170000    5249.563965
21.180000    5251.609375
21.190000    5253.652832
21.200000    5255.643555
21.210000    5257.633301
21.220000    5259.701172
21.230000    5261.731934
21.240000    5263.762207
21.250000    5265.710449
21.260000    5267.840332
21.270000    5269.935059
21.280000    5272.132324
21.290000    5274.307617
21.300000    5276.347168
21.310000    5278.458496
21.320000    5280.630859
21.330000    5282.855469
21.340000    5285.035645
21.350000    5287.152344
21.360000    5289.268555
21.370000    5291.435059
21.380000    5293.505859
21.390000    5295.636230
21.400000    5297.673340
21.410000    5299.760742
21.420000    5301.851562
21.430000    5303.991699
21.440000    5306.069336
21.450000    5308.132812
21.460000    5310.192383
21.470000    5312.296387
21.480000    5314.340820
21.490000    5316.383301
21.500000    5318.397461
21.510000    5320.451660
21.520000    5322.503418
21.530000    5324.612793
21.540000    5326.737793
21.550000    5328.867676
21.560000    5331.057129
21.570000    5333.288574
21.580000    5335.338379
21.590000    5337.451660
21.600000    5339.659668
21.610000    5341.792480
21.620000    5343.966797
21.630000    5346.085938
21.640000    5348.113770
21.650000    5350.157715
21.660000    5352.108887
21.670000    5354.196777
21.680000    5356.239258
21.690000    5358.373047
21.700000    5360.535645
21.710000    5362.759766
21.720000    5365.007324
21.730000    5367.083496
21.740000    5369.238770
21.750000    5371.376465
21.760000    5373.602539
21.770000    5375.834473
21.780000    5377.992188
21.790000    5380.196289
21.800000    5382.354980
21.810000    5384.604492
21.820000    5386.797852
21.830000    5389.079102
21.840000    5391.347168
21.850000    5393.662109
21.860000    5395.903809
21.870000    5398.150879
21.880000    5400.330078
21.890000    5402.501953
21.900000    5404.753906
21.910000    5407.028320
21.920000    5409.318359
21.930000    5411.589844
21.940000    5413.868164
21.950000    5416.204102
21.960000    5418.351074
21.970000    5420.595215
21.980000    5422.724121
21.990000    5424.906738
22.000000    5427.057617
22.010000    5429.329102
22.020000    5431.695312
22.030000    5433.977051
22.040000    5436.299805
22.050000    5438.629395
22.060000    5440.834473
22.070000    5443.101562
22.080000    5445.259277
22.090000    5447.422363
22.100000    5449.555176
22.110000    5451.617188
22.120000    5453.639160
22.130000    5455.793945
22.140000    5458.027344
22.150000    5460.310059
22.160000    5462.638672
22.170000    5464.937988
22.180000    5467.250488
22.190000    5469.586426
22.200000    5471.918457
22.210000    5474.219727
22.220000    5476.554688
22.230000    5478.999023
22.240000    5481.388672
22.250000    5483.723145
22.260000    5486.042969
22.270000    5488.300293
22.280000    5490.559082
22.290000    5492.961426
22.300000    5495.274414
22.310000    5497.733398
22.320000    5500.216309
22.330000    5502.671387
22.340000    5505.149414
22.350000    5507.650879
22.360000    5510.108887
22.370000    5512.544434
22.380000    5515.064941
22.390000    5517.538086
22.400000    5519.925781
22.410000    5522.260742
22.420000    5524.542969
22.430000    5527.047852
22.440000    5529.657715
22.450000    5532.222656
22.460000    5534.723633
22.470000    5537.179199
22.480000    5539.718262
22.490000    5542.347656
22.500000    5544.917480
22.510000    5547.447266
22.520000    5550.084473
22.530000    5552.699219
22.540000    5555.417480
22.550000    5558.040527
22.560000    5560.626953
22.570000    5563.209473
22.580000    5565.553223
22.590000    5567.874023
22.600000    5570.232910
22.610000    5572.568848
22.620000    5575.040527
22.630000    5577.588379
22.640000    5580.016602
22.650000    5582.472168
22.660000    5585.030762
22.670000    5587.538574
22.680000    5589.937012
22.690000    5592.423828
22.700000    5594.929199
22.710000    5597.449707
22.720000    5599.923828
22.730000    5602.511230
22.740000    5605.227051
22.750000    5607.920410
22.760000    5610.463379
22.770000    5613.070801
22.780000    5615.715332
22.790000    5618.405762
22.800000    5621.132812
22.810000    5623.891602
22.820000    5626.657715
22.830000    5629.415527
22.840000    5632.149414
22.850000    5634.913086
22.860000    5637.622070
22.870000    5640.413086
22.880000    5643.185547
22.890000    5646.018066
22.900000    5648.751465
22.910000    5651.541504
22.920000    5654.261719
22.930000    5656.985352
22.940000    5659.691895
22.950000    5662.481445
22.960000    5665.182617
22.970000    5667.937012
22.980000    5670.567383
22.990000    5673.169434
23.000000    5675.686523
23.010000    5678.219727
23.020000    5680.845215
23.030000    5683.501465
23.040000    5686.044922
23.050000    5688.613770
23.060000    5691.115234
23.070000    5693.562988
23.080000    5696.121094
23.090000    5698.777344
23.100000    5701.323730
23.110000    5703.817871
23.120000    5706.290039
23.130000    5708.897461
23.140000    5711.489258
23.150000    5714.028320
23.160000    5716.429199
23.170000    5718.762695
23.180000    5721.167969
23.190000    5723.565918
23.200000    5726.101074
23.210000    5728.488770
23.220000    5730.911133
23.230000    5733.301270
23.240000    5735.716309
23.250000    5738.199219
23.260000    5740.679688
23.270000    5743.203125
23.280000    5745.643066
23.290000    5748.085938
23.300000    5750.643555
23.310000    5753.256836
23.320000    5755.898438
23.330000    5758.461914
23.340000    5760.950195
23.350000    5763.414551
23.360000    5766.026855
23.370000    5768.637207
23.380000    5771.282227
23.390000    5773.834473
23.400000    5776.388184
23.410000    5779.068848
23.420000    5781.607910
23.430000    5784.225098
23.440000    5786.859375
23.450000    5789.399414
23.460000    5792.043945
23.470000    5794.615234
23.480000    5797.342285
23.490000    5800.061035
23.500000    5802.696777
23.510000    5805.310547
23.520000    5807.873047
23.530000    5810.333008
23.540000    5812.777344
23.550000    5815.228516
23.560000    5817.677734
23.570000    5820.194336
23.580000    5822.676758
23.590000    5825.285156
23.600000    5827.887207
23.610000    5830.415039
23.620000    5832.929199
23.630000    5835.583496
23.640000    5838.202637
23.650000    5840.691406
23.660000    5843.118652
23.670000    5845.625000
23.680000    5848.147949
23.690000    5850.673340
23.700000    5853.221680
23.710000    5855.754883
23.720000    5858.339844
23.730000    5860.832031
23.740000    5863.383789
23.750000    5865.918945
23.760000    5868.418457
23.770000    5870.893066
23.780000    5873.525879
23.790000    5876.312988
23.800000    5879.133789
23.810000    5881.974121
23.820000    5884.850586
23.830000    5887.762207
23.840000    5890.641113
23.850000    5893.403320
23.860000    5896.084961
23.870000    5898.770508
23.880000    5901.450195
23.890000    5904.003418
23.900000    5906.545410
23.910000    5909.243652
23.920000    5911.898438
23.930000    5914.542480
23.940000    5917.139160
23.950000    5919.660645
23.960000    5922.091309
23.970000    5924.541992
23.980000    5927.091797
23.990000    5929.741211
24.000000    5932.374512
24.010000    5935.120605
24.020000    5937.894531
24.030000    5940.689453
24.040000    5943.521973
24.050000    5946.289062
24.060000    5948.904785
24.070000    5951.580566
24.080000    5954.400879
24.090000    5957.156738
24.100000    5960.024902
24.110000    5962.963379
24.120000    5965.899902
24.130000    5968.825195
24.140000    5971.635742
24.150000    5974.518066
24.160000    5977.340820
24.170000    5980.221680
24.180000    5983.041992
24.190000    5985.708984
24.200000    5988.394531
24.210000    5990.994629
24.220000    5993.643066
24.230000    5996.271484
24.240000    5998.942871
24.250000    6001.571777
24.260000    6004.154785
24.270000    6006.796875
24.280000    6009.405762
24.290000    6011.989258
24.300000    6014.494141
24.310000    6017.014160
24.320000    6019.527344
24.330000    6022.089844
24.340000    6024.650391
24.350000    6027.113281
24.360000    6029.508789
24.370000    6032.097168
24.380000    6034.748535
24.390000    6037.409180
24.400000    6039.949707
24.410000    6042.538574
24.420000    6045.205078
24.430000    6047.904297
24.440000    6050.776855
24.450000    6053.622559
24.460000    6056.329590
24.470000    6059.091797
24.480000    6061.836426
24.490000    6064.476074
24.500000    6066.985352
24.510000    6069.481445
24.520000    6072.220703
24.530000    6074.961426
24.540000    6077.702148
24.550000    6080.538574
24.560000    6083.293945
24.570000    6086.077148
24.580000    6088.874023
24.590000    6091.584473
24.600000    6094.457031
24.610000    6097.449707
24.620000    6100.342285
24.630000    6103.151367
24.640000    6105.966797
24.650000    6108.913086
24.660000    6111.789551
24.670000    6114.701172
24.680000    6117.709473
24.690000    6120.693848
24.700000    6123.727051
24.710000    6126.700684
24.720000    6129.506836
24.730000    6132.577637
24.740000    6135.598145
24.750000    6138.463379
24.760000    6141.389160
24.770000    6144.331543
24.780000    6147.274902
24.790000    6150.153320
24.800000    6152.944336
24.810000    6155.777344
24.820000    6158.611816
24.830000    6161.428223
24.840000    6164.162109
24.850000    6166.913574
24.860000    6169.710938
24.870000    6172.386230
24.880000    6175.058594
24.890000    6177.707520
24.900000    6180.403809
24.910000    6183.164062
24.920000    6185.854980
24.930000    6188.639160
24.940000    6191.400391
24.950000    6194.189453
24.960000    6196.811523
24.970000    6199.546875
24.980000    6202.277832
24.990000    6204.859375
