#  t (ns) MSD (A^2) D = 3.0730e-06 5.31e-09 cm^2/s nu = 8.2427e-01 3.67e-04
0.000000    -0.000370
0.010000    20.242929
0.020000    33.660576
0.030000    44.820877
0.040000    54.701000
0.050000    63.720303
0.060000    72.047470
0.070000    79.738991
0.080000    87.021034
0.090000    93.930855
0.100000    100.508339
0.110000    106.816292
0.120000    112.810455
0.130000    118.667946
0.140000    124.276360
0.150000    129.760437
0.160000    135.087769
0.170000    140.298355
0.180000    145.442673
0.190000    150.454880
0.200000    155.404022
0.210000    160.326828
0.220000    165.036514
0.230000    169.632843
0.240000    174.145599
0.250000    178.650543
0.260000    183.050323
0.270000    187.331207
0.280000    191.569977
0.290000    195.788727
0.300000    199.961899
0.310000    204.073807
0.320000    208.097870
0.330000    212.186829
0.340000    216.311890
0.350000    220.332932
0.360000    224.308868
0.370000    228.224335
0.380000    232.193787
0.390000    236.011292
0.400000    239.840332
0.410000    243.660233
0.420000    247.543182
0.430000    251.338348
0.440000    255.063965
0.450000    258.706512
0.460000    262.291687
0.470000    265.846497
0.480000    269.351379
0.490000    272.917206
0.500000    276.492432
0.510000    280.022430
0.520000    283.498810
0.530000    286.977783
0.540000    290.416779
0.550000    293.777832
0.560000    297.188782
0.570000    300.523621
0.580000    303.798187
0.590000    307.011597
0.600000    310.266907
0.610000    313.512543
0.620000    316.742157
0.630000    319.938843
0.640000    323.092041
0.650000    326.202301
0.660000    329.334045
0.670000    332.460693
0.680000    335.530029
0.690000    338.662048
0.700000    341.768921
0.710000    344.865417
0.720000    347.920410
0.730000    350.945740
0.740000    353.852234
0.750000    356.799622
0.760000    359.764954
0.770000    362.765442
0.780000    365.865875
0.790000    368.940094
0.800000    372.040771
0.810000    375.115448
0.820000    378.155487
0.830000    381.256866
0.840000    384.300964
0.850000    387.313385
0.860000    390.351105
0.870000    393.380615
0.880000    396.366333
0.890000    399.317596
0.900000    402.288879
0.910000    405.231964
0.920000    408.174255
0.930000    411.130554
0.940000    414.082825
0.950000    417.040588
0.960000    419.959290
0.970000    422.908173
0.980000    425.812042
0.990000    428.740967
1.000000    431.585785
1.010000    434.445068
1.020000    437.220459
1.030000    440.069977
1.040000    442.854065
1.050000    445.753204
1.060000    448.664215
1.070000    451.572845
1.080000    454.477509
1.090000    457.350220
1.100000    460.182037
1.110000    462.921753
1.120000    465.668335
1.130000    468.346436
1.140000    471.011749
1.150000    473.665497
1.160000    476.274017
1.170000    478.839050
1.180000    481.467896
1.190000    484.153290
1.200000    486.782166
1.210000    489.512085
1.220000    492.184113
1.230000    494.912018
1.240000    497.673218
1.250000    500.404633
1.260000    503.162201
1.270000    505.927582
1.280000    508.615509
1.290000    511.282440
1.300000    513.923950
1.310000    516.603149
1.320000    519.366028
1.330000    522.148865
1.340000    524.922913
1.350000    527.684814
1.360000    530.383545
1.370000    533.082153
1.380000    535.907288
1.390000    538.703369
1.400000    541.446045
1.410000    544.140442
1.420000    546.923645
1.430000    549.667786
1.440000    552.398743
1.450000    555.069519
1.460000    557.660706
1.470000    560.330994
1.480000    562.979004
1.490000    565.623596
1.500000    568.172363
1.510000    570.773804
1.520000    573.478149
1.530000    576.093994
1.540000    578.825378
1.550000    581.521973
1.560000    584.249756
1.570000    586.920532
1.580000    589.548828
1.590000    592.168213
1.600000    594.842834
1.610000    597.486450
1.620000    600.168945
1.630000    602.860107
1.640000    605.493896
1.650000    608.176941
1.660000    610.800842
1.670000    613.290527
1.680000    615.843384
1.690000    618.453003
1.700000    620.939575
1.710000    623.437256
1.720000    625.940369
1.730000    628.424438
1.740000    630.934509
1.750000    633.402649
1.760000    635.717041
1.770000    638.137695
1.780000    640.542419
1.790000    642.903809
1.800000    645.223572
1.810000    647.577637
1.820000    649.926331
1.830000    652.314331
1.840000    654.619080
1.850000    656.957336
1.860000    659.276917
1.870000    661.622131
1.880000    663.910034
1.890000    666.155823
1.900000    668.364441
1.910000    670.673279
1.920000    673.004700
1.930000    675.394897
1.940000    677.688293
1.950000    680.076965
1.960000    682.410889
1.970000    684.734863
1.980000    687.034607
1.990000    689.315369
2.000000    691.585938
2.010000    693.916077
2.020000    696.237122
2.030000    698.492798
2.040000    700.736145
2.050000    703.020081
2.060000    705.386292
2.070000    707.683411
2.080000    709.948486
2.090000    712.281860
2.100000    714.676758
2.110000    717.061035
2.120000    719.404358
2.130000    721.814880
2.140000    724.252686
2.150000    726.690491
2.160000    729.130310
2.170000    731.540100
2.180000    733.938354
2.190000    736.366882
2.200000    738.809814
2.210000    741.274170
2.220000    743.656189
2.230000    746.086853
2.240000    748.483765
2.250000    750.941284
2.260000    753.357849
2.270000    755.802185
2.280000    758.218262
2.290000    760.556885
2.300000    763.006775
2.310000    765.518555
2.320000    767.979797
2.330000    770.397949
2.340000    772.892029
2.350000    775.326660
2.360000    777.713440
2.370000    780.124268
2.380000    782.561584
2.390000    785.002380
2.400000    787.382446
2.410000    789.775085
2.420000    792.210144
2.430000    794.637390
2.440000    797.107117
2.450000    799.572632
2.460000    801.941650
2.470000    804.338867
2.480000    806.730652
2.490000    809.198669
2.500000    811.715637
2.510000    814.222168
2.520000    816.615723
2.530000    819.084961
2.540000    821.477112
2.550000    823.855347
2.560000    826.170227
2.570000    828.551147
2.580000    830.899780
2.590000    833.315918
2.600000    835.765381
2.610000    838.071655
2.620000    840.426147
2.630000    842.771729
2.640000    845.017151
2.650000    847.249329
2.660000    849.437683
2.670000    851.752380
2.680000    854.083862
2.690000    856.324646
2.700000    858.601807
2.710000    860.876160
2.720000    863.214600
2.730000    865.516174
2.740000    867.897888
2.750000    870.276367
2.760000    872.611633
2.770000    875.007996
2.780000    877.278259
2.790000    879.601501
2.800000    881.935120
2.810000    884.232056
2.820000    886.499390
2.830000    888.752991
2.840000    891.097107
2.850000    893.436646
2.860000    895.757019
2.870000    898.080505
2.880000    900.385681
2.890000    902.687439
2.900000    904.986389
2.910000    907.281616
2.920000    909.557373
2.930000    911.826172
2.940000    914.051025
2.950000    916.387390
2.960000    918.712585
2.970000    921.086731
2.980000    923.417175
2.990000    925.726257
3.000000    928.029358
3.010000    930.387085
3.020000    932.725647
3.030000    934.999634
3.040000    937.358948
3.050000    939.746033
3.060000    942.130798
3.070000    944.528442
3.080000    946.887756
3.090000    949.193726
3.100000    951.434021
3.110000    953.670227
3.120000    955.988586
3.130000    958.202820
3.140000    960.419434
3.150000    962.651733
3.160000    964.862122
3.170000    967.020203
3.180000    969.283752
3.190000    971.497314
3.200000    973.673889
3.210000    975.796021
3.220000    977.996521
3.230000    980.184753
3.240000    982.389587
3.250000    984.671631
3.260000    986.950073
3.270000    989.288696
3.280000    991.663208
3.290000    993.989014
3.300000    996.287415
3.310000    998.567505
3.320000    1000.844360
3.330000    1003.082458
3.340000    1005.317322
3.350000    1007.496277
3.360000    1009.702271
3.370000    1011.953613
3.380000    1014.118286
3.390000    1016.308899
3.400000    1018.414734
3.410000    1020.459106
3.420000    1022.603638
3.430000    1024.785522
3.440000    1027.033691
3.450000    1029.304565
3.460000    1031.589233
3.470000    1033.792969
3.480000    1036.025391
3.490000    1038.250732
3.500000    1040.479492
3.510000    1042.686646
3.520000    1044.864868
3.530000    1047.026367
3.540000    1049.188965
3.550000    1051.372681
3.560000    1053.574829
3.570000    1055.732056
3.580000    1057.957520
3.590000    1060.051025
3.600000    1062.295044
3.610000    1064.411377
3.620000    1066.626587
3.630000    1068.755005
3.640000    1070.931274
3.650000    1072.968262
3.660000    1075.099609
3.670000    1077.254272
3.680000    1079.420166
3.690000    1081.538574
3.700000    1083.810059
3.710000    1085.987793
3.720000    1088.119263
3.730000    1090.166870
3.740000    1092.342041
3.750000    1094.504272
3.760000    1096.734497
3.770000    1098.880737
3.780000    1101.035767
3.790000    1103.247681
3.800000    1105.427612
3.810000    1107.550903
3.820000    1109.669556
3.830000    1111.869995
3.840000    1114.037231
3.850000    1116.171387
3.860000    1118.384521
3.870000    1120.591431
3.880000    1122.754517
3.890000    1124.946533
3.900000    1127.148682
3.910000    1129.468994
3.920000    1131.675659
3.930000    1133.894653
3.940000    1136.135742
3.950000    1138.412842
3.960000    1140.602783
3.970000    1142.815430
3.980000    1145.000244
3.990000    1147.191162
4.000000    1149.419556
4.010000    1151.665283
4.020000    1153.958862
4.030000    1156.248413
4.040000    1158.589600
4.050000    1160.844482
4.060000    1163.162598
4.070000    1165.409180
4.080000    1167.738037
4.090000    1170.062866
4.100000    1172.405273
4.110000    1174.792725
4.120000    1177.187622
4.130000    1179.572510
4.140000    1181.965088
4.150000    1184.365723
4.160000    1186.639160
4.170000    1188.901123
4.180000    1191.187012
4.190000    1193.444214
4.200000    1195.690918
4.210000    1197.895752
4.220000    1200.142334
4.230000    1202.387817
4.240000    1204.607788
4.250000    1206.819336
4.260000    1209.021240
4.270000    1211.324951
4.280000    1213.636230
4.290000    1215.910156
4.300000    1218.116821
4.310000    1220.291870
4.320000    1222.517822
4.330000    1224.697388
4.340000    1226.881836
4.350000    1229.105103
4.360000    1231.268799
4.370000    1233.511597
4.380000    1235.734253
4.390000    1237.983521
4.400000    1240.254517
4.410000    1242.534668
4.420000    1244.897461
4.430000    1247.181396
4.440000    1249.465576
4.450000    1251.764771
4.460000    1254.001953
4.470000    1256.293701
4.480000    1258.563232
4.490000    1260.807739
4.500000    1263.103516
4.510000    1265.381592
4.520000    1267.734253
4.530000    1270.062500
4.540000    1272.337891
4.550000    1274.666626
4.560000    1276.935059
4.570000    1279.231079
4.580000    1281.589478
4.590000    1283.932739
4.600000    1286.221191
4.610000    1288.544922
4.620000    1290.823730
4.630000    1293.110229
4.640000    1295.319092
4.650000    1297.562378
4.660000    1299.851685
4.670000    1302.193481
4.680000    1304.530884
4.690000    1306.940430
4.700000    1309.280884
4.710000    1311.565186
4.720000    1313.893066
4.730000    1316.208496
4.740000    1318.608887
4.750000    1320.874634
4.760000    1323.163574
4.770000    1325.424194
4.780000    1327.693848
4.790000    1329.897583
4.800000    1332.076904
4.810000    1334.257202
4.820000    1336.491699
4.830000    1338.637207
4.840000    1340.755127
4.850000    1342.886230
4.860000    1345.072144
4.870000    1347.293091
4.880000    1349.511719
4.890000    1351.715454
4.900000    1353.899292
4.910000    1356.074097
4.920000    1358.227295
4.930000    1360.354248
4.940000    1362.413208
4.950000    1364.501831
4.960000    1366.614746
4.970000    1368.778442
4.980000    1370.932617
4.990000    1373.130859
5.000000    1375.258301
5.010000    1377.366577
5.020000    1379.510010
5.030000    1381.744995
5.040000    1383.941650
5.050000    1386.237061
5.060000    1388.584717
5.070000    1390.895142
5.080000    1393.392822
5.090000    1395.761597
5.100000    1398.102173
5.110000    1400.436157
5.120000    1402.750610
5.130000    1405.026245
5.140000    1407.238525
5.150000    1409.521606
5.160000    1411.786255
5.170000    1414.071899
5.180000    1416.365723
5.190000    1418.616943
5.200000    1420.924561
5.210000    1423.114990
5.220000    1425.384033
5.230000    1427.661499
5.240000    1429.896362
5.250000    1432.139404
5.260000    1434.408081
5.270000    1436.712036
5.280000    1438.955566
5.290000    1441.261230
5.300000    1443.500488
5.310000    1445.764893
5.320000    1447.915527
5.330000    1450.174561
5.340000    1452.431763
5.350000    1454.690796
5.360000    1456.790649
5.370000    1459.016357
5.380000    1461.190308
5.390000    1463.397339
5.400000    1465.591431
5.410000    1467.716553
5.420000    1469.945557
5.430000    1472.171631
5.440000    1474.384644
5.450000    1476.594604
5.460000    1478.812744
5.470000    1481.038208
5.480000    1483.195801
5.490000    1485.395752
5.500000    1487.586060
5.510000    1489.807861
5.520000    1492.020874
5.530000    1494.282227
5.540000    1496.586426
5.550000    1498.880371
5.560000    1501.043091
5.570000    1503.275146
5.580000    1505.433472
5.590000    1507.552612
5.600000    1509.645630
5.610000    1511.841064
5.620000    1514.097412
5.630000    1516.329102
5.640000    1518.547241
5.650000    1520.741089
5.660000    1522.874023
5.670000    1525.050415
5.680000    1527.271240
5.690000    1529.522461
5.700000    1531.878784
5.710000    1534.120972
5.720000    1536.437622
5.730000    1538.811157
5.740000    1541.129761
5.750000    1543.524902
5.760000    1545.848022
5.770000    1548.107300
5.780000    1550.441040
5.790000    1552.814331
5.800000    1555.205078
5.810000    1557.583130
5.820000    1560.001709
5.830000    1562.329834
5.840000    1564.676636
5.850000    1566.926270
5.860000    1569.227417
5.870000    1571.504761
5.880000    1573.800415
5.890000    1576.134888
5.900000    1578.505493
5.910000    1580.814575
5.920000    1583.221924
5.930000    1585.611206
5.940000    1587.970947
5.950000    1590.298950
5.960000    1592.654541
5.970000    1594.982178
5.980000    1597.302734
5.990000    1599.639282
6.000000    1601.958130
6.010000    1604.287354
6.020000    1606.615234
6.030000    1608.859863
6.040000    1611.114502
6.050000    1613.340698
6.060000    1615.539307
6.070000    1617.704712
6.080000    1619.935791
6.090000    1622.160889
6.100000    1624.376953
6.110000    1626.590576
6.120000    1628.803345
6.130000    1630.988647
6.140000    1633.126221
6.150000    1635.330811
6.160000    1637.558960
6.170000    1639.731079
6.180000    1641.882446
6.190000    1644.050537
6.200000    1646.330933
6.210000    1648.600952
6.220000    1650.899170
6.230000    1653.224854
6.240000    1655.535156
6.250000    1657.869873
6.260000    1660.196411
6.270000    1662.478516
6.280000    1664.670776
6.290000    1666.879517
6.300000    1669.034912
6.310000    1671.233276
6.320000    1673.400391
6.330000    1675.637939
6.340000    1677.857178
6.350000    1680.162476
6.360000    1682.421753
6.370000    1684.694824
6.380000    1686.944702
6.390000    1689.298828
6.400000    1691.625000
6.410000    1694.015259
6.420000    1696.400879
6.430000    1698.800537
6.440000    1701.228027
6.450000    1703.573364
6.460000    1705.827637
6.470000    1708.053223
6.480000    1710.334229
6.490000    1712.699585
6.500000    1715.019165
6.510000    1717.297607
6.520000    1719.617065
6.530000    1721.981201
6.540000    1724.258667
6.550000    1726.509155
6.560000    1728.761230
6.570000    1731.010376
6.580000    1733.278564
6.590000    1735.560059
6.600000    1737.926880
6.610000    1740.260986
6.620000    1742.477905
6.630000    1744.725098
6.640000    1746.983887
6.650000    1749.238281
6.660000    1751.527100
6.670000    1753.837158
6.680000    1756.177490
6.690000    1758.599976
6.700000    1760.927734
6.710000    1763.290649
6.720000    1765.670166
6.730000    1768.142212
6.740000    1770.536499
6.750000    1772.956299
6.760000    1775.250244
6.770000    1777.537354
6.780000    1779.771484
6.790000    1782.029663
6.800000    1784.333496
6.810000    1786.523315
6.820000    1788.821777
6.830000    1791.020874
6.840000    1793.261841
6.850000    1795.489014
6.860000    1797.702637
6.870000    1799.955566
6.880000    1802.260986
6.890000    1804.519409
6.900000    1806.789307
6.910000    1809.058472
6.920000    1811.354858
6.930000    1813.645874
6.940000    1815.910889
6.950000    1818.253052
6.960000    1820.494995
6.970000    1822.849854
6.980000    1825.171753
6.990000    1827.428101
7.000000    1829.775513
7.010000    1832.170532
7.020000    1834.535522
7.030000    1836.870361
7.040000    1839.144531
7.050000    1841.392334
7.060000    1843.667236
7.070000    1845.945435
7.080000    1848.252075
7.090000    1850.644165
7.100000    1852.970337
7.110000    1855.316040
7.120000    1857.597046
7.130000    1859.873047
7.140000    1862.170776
7.150000    1864.549194
7.160000    1866.806641
7.170000    1869.066528
7.180000    1871.304443
7.190000    1873.531616
7.200000    1875.733276
7.210000    1877.963257
7.220000    1880.147339
7.230000    1882.243042
7.240000    1884.472290
7.250000    1886.706543
7.260000    1888.923340
7.270000    1891.107666
7.280000    1893.375244
7.290000    1895.610352
7.300000    1897.779175
7.310000    1900.001099
7.320000    1902.198608
7.330000    1904.421997
7.340000    1906.729980
7.350000    1908.932983
7.360000    1911.080566
7.370000    1913.203491
7.380000    1915.391846
7.390000    1917.537354
7.400000    1919.575317
7.410000    1921.590576
7.420000    1923.546021
7.430000    1925.598633
7.440000    1927.657349
7.450000    1929.690674
7.460000    1931.698608
7.470000    1933.720337
7.480000    1935.799072
7.490000    1937.840454
7.500000    1939.831421
7.510000    1941.868652
7.520000    1943.896851
7.530000    1945.923340
7.540000    1948.058472
7.550000    1950.118164
7.560000    1952.341797
7.570000    1954.367920
7.580000    1956.442261
7.590000    1958.568481
7.600000    1960.657471
7.610000    1962.885010
7.620000    1965.132202
7.630000    1967.349854
7.640000    1969.488770
7.650000    1971.656006
7.660000    1973.853394
7.670000    1976.053589
7.680000    1978.279663
7.690000    1980.563965
7.700000    1982.796875
7.710000    1985.012695
7.720000    1987.316650
7.730000    1989.672852
7.740000    1991.990723
7.750000    1994.250366
7.760000    1996.486694
7.770000    1998.761597
7.780000    2000.991577
7.790000    2003.146240
7.800000    2005.324341
7.810000    2007.519775
7.820000    2009.736328
7.830000    2011.985107
7.840000    2014.111816
7.850000    2016.316772
7.860000    2018.532104
7.870000    2020.706665
7.880000    2022.880371
7.890000    2025.056274
7.900000    2027.269897
7.910000    2029.380127
7.920000    2031.571777
7.930000    2033.816528
7.940000    2035.895386
7.950000    2038.018555
7.960000    2040.290405
7.970000    2042.495972
7.980000    2044.633545
7.990000    2046.757080
8.000000    2048.878174
8.010000    2051.034912
8.020000    2053.248291
8.030000    2055.460693
8.040000    2057.622803
8.050000    2059.743896
8.060000    2061.948486
8.070000    2064.133301
8.080000    2066.410156
8.090000    2068.637939
8.100000    2070.934814
8.110000    2073.151611
8.120000    2075.372070
8.130000    2077.539795
8.140000    2079.680908
8.150000    2081.825684
8.160000    2083.947754
8.170000    2086.167725
8.180000    2088.335693
8.190000    2090.467773
8.200000    2092.570557
8.210000    2094.735352
8.220000    2096.926514
8.230000    2099.027100
8.240000    2101.145508
8.250000    2103.356201
8.260000    2105.543945
8.270000    2107.814209
8.280000    2109.979980
8.290000    2112.213867
8.300000    2114.466797
8.310000    2116.822754
8.320000    2119.175293
8.330000    2121.409668
8.340000    2123.715576
8.350000    2126.035400
8.360000    2128.259521
8.370000    2130.469727
8.380000    2132.603516
8.390000    2134.714355
8.400000    2136.796387
8.410000    2138.887695
8.420000    2140.933350
8.430000    2142.947021
8.440000    2145.041016
8.450000    2147.161133
8.460000    2149.281982
8.470000    2151.469727
8.480000    2153.680176
8.490000    2155.828369
8.500000    2158.023926
8.510000    2160.229248
8.520000    2162.364990
8.530000    2164.528320
8.540000    2166.691650
8.550000    2168.844238
8.560000    2170.931641
8.570000    2173.058594
8.580000    2175.200195
8.590000    2177.329102
8.600000    2179.456299
8.610000    2181.622559
8.620000    2183.749512
8.630000    2185.877930
8.640000    2188.067383
8.650000    2190.285400
8.660000    2192.423096
8.670000    2194.524658
8.680000    2196.709717
8.690000    2198.958496
8.700000    2201.101562
8.710000    2203.268799
8.720000    2205.525635
8.730000    2207.718750
8.740000    2209.993408
8.750000    2212.255615
8.760000    2214.500488
8.770000    2216.760986
8.780000    2218.950439
8.790000    2221.069336
8.800000    2223.191650
8.810000    2225.399170
8.820000    2227.588379
8.830000    2229.739014
8.840000    2231.867188
8.850000    2234.099609
8.860000    2236.192871
8.870000    2238.540527
8.880000    2240.767822
8.890000    2242.924561
8.900000    2245.082275
8.910000    2247.254395
8.920000    2249.386963
8.930000    2251.617188
8.940000    2253.764404
8.950000    2255.824951
8.960000    2257.952881
8.970000    2260.125977
8.980000    2262.171387
8.990000    2264.273926
9.000000    2266.389893
9.010000    2268.593750
9.020000    2270.767334
9.030000    2272.951660
9.040000    2275.175293
9.050000    2277.367432
9.060000    2279.565918
9.070000    2281.774170
9.080000    2283.926270
9.090000    2286.158447
9.100000    2288.383057
9.110000    2290.640137
9.120000    2292.945557
9.130000    2295.243408
9.140000    2297.596680
9.150000    2299.911133
9.160000    2302.258057
9.170000    2304.650635
9.180000    2306.959961
9.190000    2309.398926
9.200000    2311.764648
9.210000    2314.075928
9.220000    2316.280029
9.230000    2318.597168
9.240000    2320.935059
9.250000    2323.256592
9.260000    2325.636475
9.270000    2328.147461
9.280000    2330.566406
9.290000    2332.875732
9.300000    2335.229980
9.310000    2337.607422
9.320000    2340.028320
9.330000    2342.447998
9.340000    2344.854004
9.350000    2347.257080
9.360000    2349.671143
9.370000    2352.121094
9.380000    2354.512939
9.390000    2356.905029
9.400000    2359.355469
9.410000    2361.736816
9.420000    2364.033691
9.430000    2366.343994
9.440000    2368.663330
9.450000    2371.049561
9.460000    2373.348633
9.470000    2375.667725
9.480000    2377.942871
9.490000    2380.149902
9.500000    2382.407715
9.510000    2384.665527
9.520000    2387.020996
9.530000    2389.364502
9.540000    2391.799072
9.550000    2394.112793
9.560000    2396.450684
9.570000    2398.827637
9.580000    2401.202148
9.590000    2403.576416
9.600000    2405.968994
9.610000    2408.322510
9.620000    2410.599854
9.630000    2412.863037
9.640000    2415.089111
9.650000    2417.367188
9.660000    2419.596191
9.670000    2421.787842
9.680000    2424.060547
9.690000    2426.204834
9.700000    2428.439697
9.710000    2430.614502
9.720000    2432.792725
9.730000    2435.002930
9.740000    2437.246338
9.750000    2439.410400
9.760000    2441.634277
9.770000    2443.829834
9.780000    2446.086914
9.790000    2448.251465
9.800000    2450.461426
9.810000    2452.561279
9.820000    2454.725342
9.830000    2456.800293
9.840000    2458.979492
9.850000    2461.146973
9.860000    2463.416992
9.870000    2465.592773
9.880000    2467.804443
9.890000    2470.027832
9.900000    2472.225342
9.910000    2474.403076
9.920000    2476.688477
9.930000    2478.987793
9.940000    2481.277832
9.950000    2483.560547
9.960000    2485.842285
9.970000    2488.062500
9.980000    2490.342529
9.990000    2492.554688
10.000000    2494.815430
10.010000    2497.053467
10.020000    2499.183350
10.030000    2501.400635
10.040000    2503.536865
10.050000    2505.782715
10.060000    2508.080811
10.070000    2510.310303
10.080000    2512.494385
10.090000    2514.759521
10.100000    2517.000977
10.110000    2519.227783
10.120000    2521.475830
10.130000    2523.696289
10.140000    2525.868896
10.150000    2528.123047
10.160000    2530.270020
10.170000    2532.427979
10.180000    2534.614746
10.190000    2536.827637
10.200000    2538.977539
10.210000    2541.197998
10.220000    2543.380859
10.230000    2545.560547
10.240000    2547.733154
10.250000    2549.897949
10.260000    2552.023438
10.270000    2554.094727
10.280000    2556.305664
10.290000    2558.505615
10.300000    2560.616699
10.310000    2562.653564
10.320000    2564.814697
10.330000    2567.063965
10.340000    2569.398682
10.350000    2571.703369
10.360000    2573.923096
10.370000    2576.144531
10.380000    2578.431885
10.390000    2580.593750
10.400000    2582.853516
10.410000    2585.070068
10.420000    2587.304199
10.430000    2589.579590
10.440000    2591.797607
10.450000    2594.092529
10.460000    2596.427734
10.470000    2598.729492
10.480000    2600.993164
10.490000    2603.297607
10.500000    2605.594727
10.510000    2607.846924
10.520000    2610.210693
10.530000    2612.467041
10.540000    2614.750488
10.550000    2617.015381
10.560000    2619.281738
10.570000    2621.517334
10.580000    2623.746582
10.590000    2625.865234
10.600000    2628.060303
10.610000    2630.290527
10.620000    2632.425049
10.630000    2634.657227
10.640000    2636.824463
10.650000    2638.901855
10.660000    2640.999268
10.670000    2643.126709
10.680000    2645.257080
10.690000    2647.395752
10.700000    2649.497070
10.710000    2651.647949
10.720000    2653.793945
10.730000    2655.837891
10.740000    2657.894775
10.750000    2660.050049
10.760000    2662.100342
10.770000    2664.145020
10.780000    2666.172119
10.790000    2668.096436
10.800000    2670.106689
10.810000    2672.137939
10.820000    2674.197021
10.830000    2676.245850
10.840000    2678.319336
10.850000    2680.370361
10.860000    2682.398926
10.870000    2684.494141
10.880000    2686.582520
10.890000    2688.732422
10.900000    2690.852295
10.910000    2693.035889
10.920000    2695.151855
10.930000    2697.324463
10.940000    2699.517334
10.950000    2701.685303
10.960000    2703.956299
10.970000    2706.106201
10.980000    2708.249023
10.990000    2710.331055
11.000000    2712.418213
11.010000    2714.512939
11.020000    2716.569580
11.030000    2718.691162
11.040000    2720.775879
11.050000    2722.870605
11.060000    2724.948975
11.070000    2727.024170
11.080000    2729.042480
11.090000    2731.084229
11.100000    2733.118652
11.110000    2735.113525
11.120000    2737.079590
11.130000    2739.047119
11.140000    2741.041016
11.150000    2743.013428
11.160000    2744.929199
11.170000    2746.862305
11.180000    2748.829102
11.190000    2750.952637
11.200000    2753.050537
11.210000    2755.103760
11.220000    2757.161621
11.230000    2759.257568
11.240000    2761.298828
11.250000    2763.366943
11.260000    2765.414551
11.270000    2767.494385
11.280000    2769.536133
11.290000    2771.596436
11.300000    2773.531006
11.310000    2775.510742
11.320000    2777.569580
11.330000    2779.731201
11.340000    2781.941895
11.350000    2784.024414
11.360000    2786.066406
11.370000    2788.153320
11.380000    2790.361084
11.390000    2792.600586
11.400000    2794.872070
11.410000    2797.106934
11.420000    2799.300781
11.430000    2801.449951
11.440000    2803.644775
11.450000    2805.741211
11.460000    2807.900146
11.470000    2810.022217
11.480000    2812.159424
11.490000    2814.287842
11.500000    2816.337891
11.510000    2818.381348
11.520000    2820.450195
11.530000    2822.468262
11.540000    2824.463135
11.550000    2826.406250
11.560000    2828.347900
11.570000    2830.283203
11.580000    2832.102051
11.590000    2834.047607
11.600000    2836.037354
11.610000    2838.072266
11.620000    2840.117676
11.630000    2842.124512
11.640000    2844.093262
11.650000    2846.056396
11.660000    2848.052734
11.670000    2850.089600
11.680000    2852.055664
11.690000    2854.065918
11.700000    2856.051514
11.710000    2858.073486
11.720000    2860.224854
11.730000    2862.248779
11.740000    2864.377930
11.750000    2866.522705
11.760000    2868.595459
11.770000    2870.582275
11.780000    2872.560059
11.790000    2874.562744
11.800000    2876.675049
11.810000    2878.779785
11.820000    2880.767578
11.830000    2882.794678
11.840000    2884.833984
11.850000    2886.847900
11.860000    2888.791260
11.870000    2890.741699
11.880000    2892.709473
11.890000    2894.674805
11.900000    2896.569580
11.910000    2898.379395
11.920000    2900.211426
11.930000    2902.128662
11.940000    2904.105225
11.950000    2906.129639
11.960000    2908.242920
11.970000    2910.298340
11.980000    2912.368652
11.990000    2914.414062
12.000000    2916.458252
12.010000    2918.457275
12.020000    2920.420654
12.030000    2922.412109
12.040000    2924.349121
12.050000    2926.344971
12.060000    2928.422852
12.070000    2930.448486
12.080000    2932.474854
12.090000    2934.383301
12.100000    2936.286621
12.110000    2938.265137
12.120000    2940.237061
12.130000    2942.192871
12.140000    2944.187988
12.150000    2946.139404
12.160000    2947.977539
12.170000    2949.900391
12.180000    2951.795166
12.190000    2953.652100
12.200000    2955.478516
12.210000    2957.358643
12.220000    2959.188477
12.230000    2961.098145
12.240000    2963.000244
12.250000    2964.983154
12.260000    2966.888184
12.270000    2968.879883
12.280000    2970.928467
12.290000    2972.851318
12.300000    2974.813477
12.310000    2976.777344
12.320000    2978.690918
12.330000    2980.652344
12.340000    2982.575195
12.350000    2984.433350
12.360000    2986.404785
12.370000    2988.434570
12.380000    2990.430176
12.390000    2992.479736
12.400000    2994.541748
12.410000    2996.481934
12.420000    2998.456543
12.430000    3000.386475
12.440000    3002.315430
12.450000    3004.230469
12.460000    3006.158691
12.470000    3008.133301
12.480000    3009.967041
12.490000    3011.876465
12.500000    3013.667725
12.510000    3015.403320
12.520000    3017.150391
12.530000    3019.024902
12.540000    3020.825684
12.550000    3022.727295
12.560000    3024.501221
12.570000    3026.195068
12.580000    3028.018311
12.590000    3029.906982
12.600000    3031.804199
12.610000    3033.703613
12.620000    3035.628662
12.630000    3037.508057
12.640000    3039.346680
12.650000    3041.201904
12.660000    3043.042725
12.670000    3044.919189
12.680000    3046.742920
12.690000    3048.683105
12.700000    3050.574219
12.710000    3052.504883
12.720000    3054.303467
12.730000    3056.151367
12.740000    3057.926758
12.750000    3059.734131
12.760000    3061.544678
12.770000    3063.440430
12.780000    3065.432861
12.790000    3067.352783
12.800000    3069.317871
12.810000    3071.222900
12.820000    3073.140869
12.830000    3075.030273
12.840000    3076.966309
12.850000    3078.943848
12.860000    3080.859619
12.870000    3082.755615
12.880000    3084.712158
12.890000    3086.566650
12.900000    3088.436768
12.910000    3090.362793
12.920000    3092.394287
12.930000    3094.406006
12.940000    3096.426270
12.950000    3098.512695
12.960000    3100.560059
12.970000    3102.467773
12.980000    3104.315430
12.990000    3106.252930
13.000000    3108.120117
13.010000    3110.058350
13.020000    3112.050781
13.030000    3113.944824
13.040000    3115.959229
13.050000    3117.951416
13.060000    3119.988770
13.070000    3122.053955
13.080000    3124.036621
13.090000    3125.990479
13.100000    3127.932617
13.110000    3129.863525
13.120000    3131.719971
13.130000    3133.621582
13.140000    3135.529053
13.150000    3137.394287
13.160000    3139.358398
13.170000    3141.379639
13.180000    3143.338867
13.190000    3145.320557
13.200000    3147.256104
13.210000    3149.194824
13.220000    3151.157227
13.230000    3153.218262
13.240000    3155.156738
13.250000    3157.041016
13.260000    3158.955811
13.270000    3160.829346
13.280000    3162.669922
13.290000    3164.560303
13.300000    3166.545898
13.310000    3168.500000
13.320000    3170.396973
13.330000    3172.321045
13.340000    3174.215820
13.350000    3176.134277
13.360000    3178.093994
13.370000    3180.076172
13.380000    3182.009277
13.390000    3183.992188
13.400000    3185.873779
13.410000    3187.732422
13.420000    3189.670410
13.430000    3191.573730
13.440000    3193.486572
13.450000    3195.355957
13.460000    3197.287842
13.470000    3199.193359
13.480000    3201.023438
13.490000    3202.838135
13.500000    3204.627197
13.510000    3206.357422
13.520000    3208.188965
13.530000    3209.988281
13.540000    3211.744629
13.550000    3213.482422
13.560000    3215.270508
13.570000    3216.945557
13.580000    3218.719482
13.590000    3220.511475
13.600000    3222.350830
13.610000    3224.184814
13.620000    3225.993896
13.630000    3227.838135
13.640000    3229.693848
13.650000    3231.583252
13.660000    3233.468262
13.670000    3235.312500
13.680000    3237.142090
13.690000    3239.039795
13.700000    3240.866211
13.710000    3242.752686
13.720000    3244.646973
13.730000    3246.579834
13.740000    3248.507568
13.750000    3250.403076
13.760000    3252.343506
13.770000    3254.322510
13.780000    3256.286133
13.790000    3258.185791
13.800000    3260.093750
13.810000    3261.945801
13.820000    3263.825684
13.830000    3265.804688
13.840000    3267.731934
13.850000    3269.687012
13.860000    3271.653809
13.870000    3273.620605
13.880000    3275.473633
13.890000    3277.371826
13.900000    3279.167725
13.910000    3281.120117
13.920000    3282.939453
13.930000    3284.747803
13.940000    3286.582764
13.950000    3288.469971
13.960000    3290.179443
13.970000    3291.955322
13.980000    3293.753662
13.990000    3295.547363
14.000000    3297.302002
14.010000    3298.951172
14.020000    3300.566162
14.030000    3302.190186
14.040000    3303.850586
14.050000    3305.468994
14.060000    3307.051270
14.070000    3308.698730
14.080000    3310.365967
14.090000    3312.036865
14.100000    3313.718506
14.110000    3315.391602
14.120000    3317.047852
14.130000    3318.777100
14.140000    3320.418457
14.150000    3322.110107
14.160000    3323.645996
14.170000    3325.236816
14.180000    3326.811035
14.190000    3328.433594
14.200000    3330.004395
14.210000    3331.629395
14.220000    3333.324707
14.230000    3334.924072
14.240000    3336.566895
14.250000    3338.278809
14.260000    3339.957031
14.270000    3341.568604
14.280000    3343.227539
14.290000    3344.873047
14.300000    3346.587891
14.310000    3348.278564
14.320000    3350.058105
14.330000    3351.828613
14.340000    3353.620361
14.350000    3355.558838
14.360000    3357.380371
14.370000    3359.183594
14.380000    3361.015381
14.390000    3362.795898
14.400000    3364.468994
14.410000    3366.112305
14.420000    3367.879883
14.430000    3369.671387
14.440000    3371.468262
14.450000    3373.233887
14.460000    3374.957520
14.470000    3376.695557
14.480000    3378.476318
14.490000    3380.205811
14.500000    3381.981689
14.510000    3383.691406
14.520000    3385.458496
14.530000    3387.221436
14.540000    3388.899170
14.550000    3390.657715
14.560000    3392.503662
14.570000    3394.376221
14.580000    3396.147461
14.590000    3398.025635
14.600000    3399.982666
14.610000    3401.917236
14.620000    3403.819336
14.630000    3405.744629
14.640000    3407.686279
14.650000    3409.677490
14.660000    3411.758057
14.670000    3413.883789
14.680000    3415.986816
14.690000    3418.095215
14.700000    3420.167969
14.710000    3422.113770
14.720000    3424.081787
14.730000    3426.078857
14.740000    3428.000732
14.750000    3430.017578
14.760000    3432.114746
14.770000    3434.149902
14.780000    3436.156006
14.790000    3438.277588
14.800000    3440.363770
14.810000    3442.369141
14.820000    3444.440186
14.830000    3446.420898
14.840000    3448.413818
14.850000    3450.524658
14.860000    3452.557861
14.870000    3454.625488
14.880000    3456.677002
14.890000    3458.754883
14.900000    3460.741699
14.910000    3462.704834
14.920000    3464.508545
14.930000    3466.393311
14.940000    3468.297119
14.950000    3470.211182
14.960000    3472.220459
14.970000    3474.342041
14.980000    3476.461182
14.990000    3478.454590
15.000000    3480.472656
15.010000    3482.532227
15.020000    3484.540771
15.030000    3486.476318
15.040000    3488.334473
15.050000    3490.183594
15.060000    3492.066406
15.070000    3494.085938
15.080000    3496.163574
15.090000    3498.181152
15.100000    3500.216797
15.110000    3502.238037
15.120000    3504.208252
15.130000    3506.073730
15.140000    3507.930908
15.150000    3509.802246
15.160000    3511.729736
15.170000    3513.569824
15.180000    3515.357910
15.190000    3517.224609
15.200000    3519.156982
15.210000    3521.112061
15.220000    3523.196777
15.230000    3525.280273
15.240000    3527.307129
15.250000    3529.460205
15.260000    3531.505371
15.270000    3533.576660
15.280000    3535.627197
15.290000    3537.787842
15.300000    3539.876465
15.310000    3541.973633
15.320000    3543.915039
15.330000    3545.849365
15.340000    3547.754639
15.350000    3549.758301
15.360000    3551.785889
15.370000    3553.875732
15.380000    3555.942871
15.390000    3558.177979
15.400000    3560.319580
15.410000    3562.390381
15.420000    3564.401611
15.430000    3566.325439
15.440000    3568.302002
15.450000    3570.333984
15.460000    3572.432129
15.470000    3574.575439
15.480000    3576.696045
15.490000    3578.840820
15.500000    3580.991699
15.510000    3583.144043
15.520000    3585.404297
15.530000    3587.649170
15.540000    3589.882080
15.550000    3592.030029
15.560000    3594.166748
15.570000    3596.322510
15.580000    3598.496094
15.590000    3600.663086
15.600000    3602.823975
15.610000    3605.086182
15.620000    3607.342041
15.630000    3609.556396
15.640000    3611.753174
15.650000    3613.927734
15.660000    3616.125488
15.670000    3618.266602
15.680000    3620.341553
15.690000    3622.392578
15.700000    3624.473633
15.710000    3626.492676
15.720000    3628.487061
15.730000    3630.459473
15.740000    3632.564697
15.750000    3634.634766
15.760000    3636.703613
15.770000    3638.669678
15.780000    3640.701904
15.790000    3642.706543
15.800000    3644.793945
15.810000    3646.844482
15.820000    3648.837646
15.830000    3650.761963
15.840000    3652.758057
15.850000    3654.705811
15.860000    3656.649902
15.870000    3658.603760
15.880000    3660.642822
15.890000    3662.640869
15.900000    3664.683838
15.910000    3666.750732
15.920000    3668.781982
15.930000    3670.873779
15.940000    3672.881592
15.950000    3674.916260
15.960000    3676.883545
15.970000    3678.982666
15.980000    3680.943604
15.990000    3682.927002
16.000000    3684.824219
16.010000    3686.752930
16.020000    3688.673340
16.030000    3690.524414
16.040000    3692.311523
16.050000    3694.238770
16.060000    3696.262207
16.070000    3698.308594
16.080000    3700.230713
16.090000    3702.205811
16.100000    3704.156982
16.110000    3706.102295
16.120000    3708.053467
16.130000    3709.971191
16.140000    3711.927002
16.150000    3713.835693
16.160000    3715.888916
16.170000    3717.969238
16.180000    3720.002686
16.190000    3722.061035
16.200000    3724.072510
16.210000    3726.130859
16.220000    3728.075195
16.230000    3730.066895
16.240000    3731.957275
16.250000    3733.829834
16.260000    3735.718262
16.270000    3737.598389
16.280000    3739.400879
16.290000    3741.192871
16.300000    3743.061035
16.310000    3744.944824
16.320000    3746.863281
16.330000    3748.731201
16.340000    3750.583984
16.350000    3752.282715
16.360000    3754.014893
16.370000    3755.782959
16.380000    3757.558838
16.390000    3759.253906
16.400000    3760.992920
16.410000    3762.679932
16.420000    3764.494629
16.430000    3766.257568
16.440000    3768.111328
16.450000    3769.883057
16.460000    3771.637451
16.470000    3773.282471
16.480000    3774.923584
16.490000    3776.546387
16.500000    3778.155518
16.510000    3779.692383
16.520000    3781.291016
16.530000    3782.891113
16.540000    3784.489014
16.550000    3786.080811
16.560000    3787.668213
16.570000    3789.297363
16.580000    3791.005859
16.590000    3792.690430
16.600000    3794.406738
16.610000    3796.178223
16.620000    3797.789795
16.630000    3799.429443
16.640000    3800.978760
16.650000    3802.500488
16.660000    3804.039551
16.670000    3805.611572
16.680000    3807.198242
16.690000    3808.845459
16.700000    3810.554932
16.710000    3812.247070
16.720000    3813.980469
16.730000    3815.754150
16.740000    3817.643799
16.750000    3819.430908
16.760000    3821.213867
16.770000    3822.942383
16.780000    3824.665771
16.790000    3826.416016
16.800000    3828.199219
16.810000    3830.055176
16.820000    3831.872559
16.830000    3833.694824
16.840000    3835.553223
16.850000    3837.325928
16.860000    3839.136475
16.870000    3840.968262
16.880000    3842.806152
16.890000    3844.503662
16.900000    3846.233643
16.910000    3847.889160
16.920000    3849.612305
16.930000    3851.382324
16.940000    3853.284912
16.950000    3855.144531
16.960000    3856.968750
16.970000    3858.662598
16.980000    3860.329346
16.990000    3862.042480
17.000000    3863.870605
17.010000    3865.697510
17.020000    3867.451416
17.030000    3869.167725
17.040000    3870.921387
17.050000    3872.643555
17.060000    3874.383545
17.070000    3876.176514
17.080000    3877.992188
17.090000    3879.783203
17.100000    3881.603760
17.110000    3883.442139
17.120000    3885.145752
17.130000    3886.894043
17.140000    3888.685059
17.150000    3890.394287
17.160000    3892.200439
17.170000    3894.012695
17.180000    3895.802002
17.190000    3897.585938
17.200000    3899.261963
17.210000    3900.872314
17.220000    3902.486084
17.230000    3904.198486
17.240000    3905.939453
17.250000    3907.654785
17.260000    3909.426025
17.270000    3911.275146
17.280000    3913.144287
17.290000    3914.928467
17.300000    3916.732422
17.310000    3918.616943
17.320000    3920.438965
17.330000    3922.315186
17.340000    3924.170654
17.350000    3925.883789
17.360000    3927.631348
17.370000    3929.397949
17.380000    3931.126709
17.390000    3932.801025
17.400000    3934.574219
17.410000    3936.271729
17.420000    3937.973389
17.430000    3939.680176
17.440000    3941.363770
17.450000    3943.032959
17.460000    3944.683838
17.470000    3946.320801
17.480000    3947.908447
17.490000    3949.491699
17.500000    3951.107666
17.510000    3952.745850
17.520000    3954.381348
17.530000    3956.073975
17.540000    3957.789795
17.550000    3959.489014
17.560000    3961.134521
17.570000    3962.781250
17.580000    3964.351074
17.590000    3965.956543
17.600000    3967.619385
17.610000    3969.312744
17.620000    3970.956055
17.630000    3972.626953
17.640000    3974.288330
17.650000    3975.933838
17.660000    3977.445557
17.670000    3979.072021
17.680000    3980.629150
17.690000    3982.233643
17.700000    3983.793457
17.710000    3985.397705
17.720000    3987.133789
17.730000    3988.842041
17.740000    3990.500732
17.750000    3992.286865
17.760000    3994.048828
17.770000    3995.728760
17.780000    3997.468506
17.790000    3999.244141
17.800000    4000.991699
17.810000    4002.920166
17.820000    4004.868652
17.830000    4006.711914
17.840000    4008.547119
17.850000    4010.410156
17.860000    4012.193359
17.870000    4013.800537
17.880000    4015.634033
17.890000    4017.451172
17.900000    4019.351074
17.910000    4021.162842
17.920000    4022.991211
17.930000    4024.688965
17.940000    4026.402832
17.950000    4028.089111
17.960000    4029.830078
17.970000    4031.565186
17.980000    4033.403564
17.990000    4035.271729
18.000000    4037.119629
18.010000    4039.056152
18.020000    4040.856934
18.030000    4042.724609
18.040000    4044.668213
18.050000    4046.638184
18.060000    4048.697266
18.070000    4050.646484
18.080000    4052.672119
18.090000    4054.592285
18.100000    4056.508301
18.110000    4058.435547
18.120000    4060.377930
18.130000    4062.206787
18.140000    4064.099121
18.150000    4065.916992
18.160000    4067.742676
18.170000    4069.483398
18.180000    4071.322510
18.190000    4073.102539
18.200000    4074.867920
18.210000    4076.667480
18.220000    4078.465088
18.230000    4080.315430
18.240000    4082.125000
18.250000    4083.895264
18.260000    4085.763916
18.270000    4087.623535
18.280000    4089.395996
18.290000    4091.203369
18.300000    4093.007812
18.310000    4094.835938
18.320000    4096.541992
18.330000    4098.197266
18.340000    4099.892578
18.350000    4101.604980
18.360000    4103.399902
18.370000    4105.209961
18.380000    4107.090332
18.390000    4108.960938
18.400000    4110.791504
18.410000    4112.623047
18.420000    4114.395020
18.430000    4116.132324
18.440000    4117.851074
18.450000    4119.595703
18.460000    4121.280273
18.470000    4123.019043
18.480000    4124.779785
18.490000    4126.585938
18.500000    4128.307129
18.510000    4130.033203
18.520000    4131.791992
18.530000    4133.611816
18.540000    4135.507324
18.550000    4137.371582
18.560000    4139.289551
18.570000    4141.141602
18.580000    4142.977051
18.590000    4144.826660
18.600000    4146.616699
18.610000    4148.418457
18.620000    4150.295410
18.630000    4152.022949
18.640000    4153.877441
18.650000    4155.764160
18.660000    4157.710938
18.670000    4159.664062
18.680000    4161.412598
18.690000    4163.207031
18.700000    4165.050293
18.710000    4166.792480
18.720000    4168.517090
18.730000    4170.394043
18.740000    4172.179688
18.750000    4173.957031
18.760000    4175.759766
18.770000    4177.574219
18.780000    4179.335449
18.790000    4181.168457
18.800000    4182.970703
18.810000    4184.693359
18.820000    4186.377930
18.830000    4188.146484
18.840000    4189.990723
18.850000    4191.831543
18.860000    4193.691895
18.870000    4195.518066
18.880000    4197.351562
18.890000    4199.143555
18.900000    4201.008789
18.910000    4202.743164
18.920000    4204.596191
18.930000    4206.501465
18.940000    4208.348633
18.950000    4210.303223
18.960000    4212.287598
18.970000    4214.085938
18.980000    4215.895508
18.990000    4217.880859
19.000000    4219.853516
19.010000    4221.857422
19.020000    4223.750488
19.030000    4225.564941
19.040000    4227.325195
19.050000    4229.067871
19.060000    4230.930176
19.070000    4232.764648
19.080000    4234.789062
19.090000    4236.718262
19.100000    4238.650879
19.110000    4240.490234
19.120000    4242.299316
19.130000    4244.125977
19.140000    4245.921387
19.150000    4247.773926
19.160000    4249.688477
19.170000    4251.564941
19.180000    4253.386230
19.190000    4255.217773
19.200000    4257.126953
19.210000    4259.022949
19.220000    4260.873047
19.230000    4262.705566
19.240000    4264.534668
19.250000    4266.290039
19.260000    4268.021484
19.270000    4269.753906
19.280000    4271.490234
19.290000    4273.275391
19.300000    4274.892578
19.310000    4276.547852
19.320000    4278.391602
19.330000    4280.235840
19.340000    4282.046875
19.350000    4283.902832
19.360000    4285.711426
19.370000    4287.562988
19.380000    4289.448242
19.390000    4291.358887
19.400000    4293.221680
19.410000    4295.080566
19.420000    4296.975586
19.430000    4298.834961
19.440000    4300.628418
19.450000    4302.462402
19.460000    4304.222656
19.470000    4306.057129
19.480000    4307.880859
19.490000    4309.801270
19.500000    4311.660645
19.510000    4313.587402
19.520000    4315.551270
19.530000    4317.481934
19.540000    4319.448242
19.550000    4321.506348
19.560000    4323.479492
19.570000    4325.529785
19.580000    4327.568359
19.590000    4329.542480
19.600000    4331.505859
19.610000    4333.494629
19.620000    4335.431152
19.630000    4337.284668
19.640000    4339.134277
19.650000    4340.941406
19.660000    4342.787109
19.670000    4344.597168
19.680000    4346.436523
19.690000    4348.284668
19.700000    4350.055176
19.710000    4351.984375
19.720000    4353.978027
19.730000    4355.923340
19.740000    4357.838867
19.750000    4359.771973
19.760000    4361.629883
19.770000    4363.423828
19.780000    4365.273926
19.790000    4367.124023
19.800000    4368.853027
19.810000    4370.525879
19.820000    4372.371094
19.830000    4374.085938
19.840000    4375.774902
19.850000    4377.546875
19.860000    4379.253906
19.870000    4380.976074
19.880000    4382.836426
19.890000    4384.664062
19.900000    4386.372070
19.910000    4388.027344
19.920000    4389.657715
19.930000    4391.390625
19.940000    4393.091309
19.950000    4394.836914
19.960000    4396.601562
19.970000    4398.346680
19.980000    4400.115723
19.990000    4401.897461
20.000000    4403.740234
20.010000    4405.471680
20.020000    4407.262207
20.030000    4409.018066
20.040000    4410.825684
20.050000    4412.603027
20.060000    4414.431152
20.070000    4416.173828
20.080000    4417.916992
20.090000    4419.467773
20.100000    4421.147461
20.110000    4422.682129
20.120000    4424.206543
20.130000    4425.776855
20.140000    4427.337402
20.150000    4428.960938
20.160000    4430.668945
20.170000    4432.442871
20.180000    4434.268066
20.190000    4436.097168
20.200000    4437.893555
20.210000    4439.773438
20.220000    4441.689941
20.230000    4443.469238
20.240000    4445.352539
20.250000    4447.004395
20.260000    4448.747070
20.270000    4450.471191
20.280000    4452.270020
20.290000    4454.018555
20.300000    4455.803223
20.310000    4457.642090
20.320000    4459.594727
20.330000    4461.564941
20.340000    4463.490234
20.350000    4465.446289
20.360000    4467.275391
20.370000    4469.207520
20.380000    4471.206055
20.390000    4473.108887
20.400000    4475.116699
20.410000    4477.045898
20.420000    4478.894043
20.430000    4480.645996
20.440000    4482.490723
20.450000    4484.371094
20.460000    4486.235840
20.470000    4488.293457
20.480000    4490.276855
20.490000    4492.293457
20.500000    4494.310059
20.510000    4496.206543
20.520000    4498.065430
20.530000    4500.014648
20.540000    4501.911133
20.550000    4503.681641
20.560000    4505.530273
20.570000    4507.354492
20.580000    4509.190430
20.590000    4510.993164
20.600000    4512.823242
20.610000    4514.715332
20.620000    4516.579102
20.630000    4518.360352
20.640000    4520.071289
20.650000    4521.913086
20.660000    4523.699707
20.670000    4525.596191
20.680000    4527.581055
20.690000    4529.504883
20.700000    4531.354980
20.710000    4533.157715
20.720000    4535.022949
20.730000    4536.863770
20.740000    4538.601074
20.750000    4540.274414
20.760000    4541.990234
20.770000    4543.708496
20.780000    4545.520020
20.790000    4547.384277
20.800000    4549.253418
20.810000    4551.023926
20.820000    4552.784668
20.830000    4554.481934
20.840000    4556.173340
20.850000    4557.938965
20.860000    4559.775391
20.870000    4561.656738
20.880000    4563.561523
20.890000    4565.448242
20.900000    4567.347656
20.910000    4569.148926
20.920000    4571.002441
20.930000    4572.843262
20.940000    4574.729492
20.950000    4576.683594
20.960000    4578.581055
20.970000    4580.532715
20.980000    4582.437012
20.990000    4584.304199
21.000000    4586.057617
21.010000    4587.914062
21.020000    4589.866211
21.030000    4591.765137
21.040000    4593.673340
21.050000    4595.530273
21.060000    4597.354004
21.070000    4599.288574
21.080000    4601.140137
21.090000    4603.072266
21.100000    4604.960449
21.110000    4606.772461
21.120000    4608.626465
21.130000    4610.523438
21.140000    4612.371094
21.150000    4614.365723
21.160000    4616.298340
21.170000    4618.223145
21.180000    4620.155762
21.190000    4621.989258
21.200000    4623.835449
21.210000    4625.673828
21.220000    4627.490723
21.230000    4629.354004
21.240000    4631.219727
21.250000    4633.061523
21.260000    4635.022461
21.270000    4637.081543
21.280000    4639.069824
21.290000    4641.150879
21.300000    4643.257324
21.310000    4645.298828
21.320000    4647.178711
21.330000    4649.094238
21.340000    4650.910156
21.350000    4652.796387
21.360000    4654.654785
21.370000    4656.494141
21.380000    4658.339355
21.390000    4660.195801
21.400000    4662.045898
21.410000    4663.978027
21.420000    4665.931641
21.430000    4667.853516
21.440000    4669.788086
21.450000    4671.649902
21.460000    4673.544922
21.470000    4675.395020
21.480000    4677.327637
21.490000    4679.277832
21.500000    4681.280762
21.510000    4683.345215
21.520000    4685.254395
21.530000    4687.276367
21.540000    4689.363770
21.550000    4691.407227
21.560000    4693.544434
21.570000    4695.521484
21.580000    4697.555664
21.590000    4699.490723
21.600000    4701.477051
21.610000    4703.368164
21.620000    4705.216309
21.630000    4707.138672
21.640000    4709.050781
21.650000    4710.889648
21.660000    4712.714355
21.670000    4714.548340
21.680000    4716.242188
21.690000    4718.008301
21.700000    4719.739258
21.710000    4721.416016
21.720000    4723.096680
21.730000    4724.913086
21.740000    4726.781738
21.750000    4728.668457
21.760000    4730.603516
21.770000    4732.430176
21.780000    4734.360840
21.790000    4736.267090
21.800000    4738.164062
21.810000    4740.052734
21.820000    4742.012695
21.830000    4743.838379
21.840000    4745.699707
21.850000    4747.562988
21.860000    4749.336914
21.870000    4751.235352
21.880000    4753.196289
21.890000    4755.015137
21.900000    4756.853516
21.910000    4758.669434
21.920000    4760.384766
21.930000    4762.136230
21.940000    4763.891113
21.950000    4765.643066
21.960000    4767.479004
21.970000    4769.245605
21.980000    4771.005371
21.990000    4772.844727
22.000000    4774.758789
22.010000    4776.718262
22.020000    4778.710449
22.030000    4780.605469
22.040000    4782.461426
22.050000    4784.346191
22.060000    4786.185547
22.070000    4787.987793
22.080000    4789.704590
22.090000    4791.502930
22.100000    4793.306641
22.110000    4795.128418
22.120000    4796.842773
22.130000    4798.606445
22.140000    4800.427734
22.150000    4802.223145
22.160000    4804.068848
22.170000    4805.941406
22.180000    4807.864258
22.190000    4809.751953
22.200000    4811.731445
22.210000    4813.625977
22.220000    4815.581055
22.230000    4817.562012
22.240000    4819.543945
22.250000    4821.440918
22.260000    4823.297852
22.270000    4825.072266
22.280000    4826.842285
22.290000    4828.680664
22.300000    4830.587402
22.310000    4832.529785
22.320000    4834.504395
22.330000    4836.387207
22.340000    4838.231445
22.350000    4840.052734
22.360000    4841.945312
22.370000    4843.814941
22.380000    4845.513184
22.390000    4847.333496
22.400000    4849.178223
22.410000    4850.990234
22.420000    4852.765625
22.430000    4854.480469
22.440000    4856.263184
22.450000    4858.049805
22.460000    4859.755371
22.470000    4861.480469
22.480000    4863.145020
22.490000    4864.731445
22.500000    4866.390625
22.510000    4868.091797
22.520000    4869.704590
22.530000    4871.240234
22.540000    4872.801758
22.550000    4874.539062
22.560000    4876.400879
22.570000    4878.153320
22.580000    4879.927734
22.590000    4881.644043
22.600000    4883.488770
22.610000    4885.264648
22.620000    4887.075684
22.630000    4888.921387
22.640000    4890.763672
22.650000    4892.488770
22.660000    4894.316895
22.670000    4896.066406
22.680000    4897.738281
22.690000    4899.469238
22.700000    4901.089355
22.710000    4902.722656
22.720000    4904.641113
22.730000    4906.436035
22.740000    4908.290039
22.750000    4910.032227
22.760000    4911.803711
22.770000    4913.571777
22.780000    4915.265137
22.790000    4917.131836
22.800000    4918.833496
22.810000    4920.536621
22.820000    4922.217285
22.830000    4923.980957
22.840000    4925.696289
22.850000    4927.444336
22.860000    4929.235840
22.870000    4931.085449
22.880000    4932.795410
22.890000    4934.419434
22.900000    4936.090820
22.910000    4937.617188
22.920000    4939.297852
22.930000    4940.887207
22.940000    4942.581055
22.950000    4944.203125
22.960000    4945.782715
22.970000    4947.422363
22.980000    4949.020996
22.990000    4950.662598
23.000000    4952.394043
23.010000    4954.158691
23.020000    4955.954102
23.030000    4957.713379
23.040000    4959.468262
23.050000    4961.268066
23.060000    4963.006348
23.070000    4964.769531
23.080000    4966.458984
23.090000    4968.209961
23.100000    4969.900391
23.110000    4971.576172
23.120000    4973.334961
23.130000    4975.223145
23.140000    4977.112793
23.150000    4979.065918
23.160000    4981.054199
23.170000    4983.057617
23.180000    4984.891113
23.190000    4986.937988
23.200000    4988.929688
23.210000    4990.791992
23.220000    4992.793457
23.230000    4994.763672
23.240000    4996.816406
23.250000    4998.779785
23.260000    5000.636230
23.270000    5002.544922
23.280000    5004.524414
23.290000    5006.475586
23.300000    5008.374512
23.310000    5010.267090
23.320000    5012.054688
23.330000    5013.787109
23.340000    5015.478516
23.350000    5017.182617
23.360000    5018.899414
23.370000    5020.672363
23.380000    5022.557617
23.390000    5024.445312
23.400000    5026.321777
23.410000    5028.165527
23.420000    5030.140137
23.430000    5032.160645
23.440000    5034.158203
23.450000    5036.083008
23.460000    5037.926758
23.470000    5039.832520
23.480000    5041.870605
23.490000    5043.972168
23.500000    5046.037109
23.510000    5048.006348
23.520000    5050.037598
23.530000    5052.024902
23.540000    5054.015625
23.550000    5056.017578
23.560000    5057.990234
23.570000    5059.877930
23.580000    5061.984375
23.590000    5064.125488
23.600000    5066.145996
23.610000    5068.246094
23.620000    5070.248047
23.630000    5072.221680
23.640000    5074.249023
23.650000    5076.217285
23.660000    5078.413086
23.670000    5080.571289
23.680000    5082.938965
23.690000    5085.306152
23.700000    5087.624023
23.710000    5089.846680
23.720000    5092.070801
23.730000    5094.336914
23.740000    5096.449219
23.750000    5098.617188
23.760000    5100.800293
23.770000    5102.874512
23.780000    5104.860352
23.790000    5106.775391
23.800000    5108.750000
23.810000    5110.684082
23.820000    5112.633301
23.830000    5114.549805
23.840000    5116.414062
23.850000    5118.244141
23.860000    5120.195801
23.870000    5122.184570
23.880000    5124.242676
23.890000    5126.208496
23.900000    5128.183105
23.910000    5130.223145
23.920000    5132.223145
23.930000    5134.152344
23.940000    5136.073730
23.950000    5138.113770
23.960000    5140.026855
23.970000    5142.098633
23.980000    5143.951660
23.990000    5145.826660
24.000000    5147.673340
24.010000    5149.519043
24.020000    5151.270508
24.030000    5153.098145
24.040000    5154.874512
24.050000    5156.736328
24.060000    5158.605957
24.070000    5160.469238
24.080000    5162.350586
24.090000    5164.306641
24.100000    5166.230469
24.110000    5168.043945
24.120000    5170.019043
24.130000    5171.904297
24.140000    5173.807617
24.150000    5175.661133
24.160000    5177.555664
24.170000    5179.504395
24.180000    5181.360840
24.190000    5183.319824
24.200000    5185.168945
24.210000    5187.032227
24.220000    5188.949219
24.230000    5190.773926
24.240000    5192.768066
24.250000    5194.691895
24.260000    5196.566895
24.270000    5198.692383
24.280000    5200.670898
24.290000    5202.574219
24.300000    5204.513672
24.310000    5206.319824
24.320000    5208.170410
24.330000    5209.917480
24.340000    5211.571289
24.350000    5213.229004
24.360000    5214.900879
24.370000    5216.636230
24.380000    5218.293457
24.390000    5220.043945
24.400000    5221.915527
24.410000    5223.659180
24.420000    5225.340820
24.430000    5227.188965
24.440000    5228.976074
24.450000    5230.768066
24.460000    5232.588867
24.470000    5234.384766
24.480000    5236.181641
24.490000    5237.937988
24.500000    5239.796387
24.510000    5241.596191
24.520000    5243.311523
24.530000    5244.993652
24.540000    5246.787598
24.550000    5248.633301
24.560000    5250.372070
24.570000    5252.201172
24.580000    5253.984863
24.590000    5255.792480
24.600000    5257.590820
24.610000    5259.387695
24.620000    5261.095215
24.630000    5262.906738
24.640000    5264.721680
24.650000    5266.556641
24.660000    5268.354980
24.670000    5270.139160
24.680000    5271.948242
24.690000    5273.808105
24.700000    5275.529297
24.710000    5277.259766
24.720000    5279.000977
24.730000    5280.756348
24.740000    5282.397461
24.750000    5283.848633
24.760000    5285.398438
24.770000    5286.858887
24.780000    5288.253418
24.790000    5289.824707
24.800000    5291.378418
24.810000    5293.131348
24.820000    5294.729980
24.830000    5296.260742
24.840000    5297.833008
24.850000    5299.337891
24.860000    5300.821777
24.870000    5302.195801
24.880000    5303.589355
24.890000    5305.038086
24.900000    5306.415039
24.910000    5307.924316
24.920000    5309.423340
24.930000    5310.875000
24.940000    5312.311523
24.950000    5313.839355
24.960000    5315.559570
24.970000    5317.399902
24.980000    5319.223145
24.990000    5320.921875
