#  t (ns) MSD (A^2) D = 2.0196e-06 5.17e-09 cm^2/s nu = 9.1747e-01 5.53e-04
0.000000    -0.000160
0.010000    14.318961
0.020000    23.656828
0.030000    31.568598
0.040000    38.625820
0.050000    45.067219
0.060000    51.009956
0.070000    56.638859
0.080000    61.939884
0.090000    66.926300
0.100000    71.715546
0.110000    76.298584
0.120000    80.728035
0.130000    85.049255
0.140000    89.174751
0.150000    93.145958
0.160000    96.948448
0.170000    100.721466
0.180000    104.327957
0.190000    107.867287
0.200000    111.314522
0.210000    114.726974
0.220000    118.049973
0.230000    121.396347
0.240000    124.616676
0.250000    127.723389
0.260000    130.737747
0.270000    133.642731
0.280000    136.453033
0.290000    139.270203
0.300000    141.982132
0.310000    144.643250
0.320000    147.283661
0.330000    149.946045
0.340000    152.580811
0.350000    155.157486
0.360000    157.710648
0.370000    160.272141
0.380000    162.769958
0.390000    165.254410
0.400000    167.708069
0.410000    170.093460
0.420000    172.481674
0.430000    174.830338
0.440000    177.133011
0.450000    179.378006
0.460000    181.602768
0.470000    183.780334
0.480000    185.979263
0.490000    188.125854
0.500000    190.311493
0.510000    192.466660
0.520000    194.614532
0.530000    196.807114
0.540000    198.919327
0.550000    201.012009
0.560000    203.077621
0.570000    205.187088
0.580000    207.281143
0.590000    209.385376
0.600000    211.412247
0.610000    213.426437
0.620000    215.448807
0.630000    217.415131
0.640000    219.406845
0.650000    221.386108
0.660000    223.392303
0.670000    225.332550
0.680000    227.237900
0.690000    229.161499
0.700000    231.092575
0.710000    233.038406
0.720000    234.933487
0.730000    236.855194
0.740000    238.712006
0.750000    240.664352
0.760000    242.627090
0.770000    244.489441
0.780000    246.391983
0.790000    248.340668
0.800000    250.286224
0.810000    252.185272
0.820000    254.087646
0.830000    255.951065
0.840000    257.787109
0.850000    259.608551
0.860000    261.410095
0.870000    263.244385
0.880000    265.054016
0.890000    266.965027
0.900000    268.791473
0.910000    270.707123
0.920000    272.567596
0.930000    274.425720
0.940000    276.240295
0.950000    278.095276
0.960000    279.953613
0.970000    281.806458
0.980000    283.612335
0.990000    285.381714
1.000000    287.172150
1.010000    288.835480
1.020000    290.554443
1.030000    292.263977
1.040000    293.954712
1.050000    295.611176
1.060000    297.305786
1.070000    298.993652
1.080000    300.664154
1.090000    302.351349
1.100000    303.994171
1.110000    305.671448
1.120000    307.272003
1.130000    308.890625
1.140000    310.616882
1.150000    312.298859
1.160000    313.965363
1.170000    315.655090
1.180000    317.371460
1.190000    319.094666
1.200000    320.786530
1.210000    322.552399
1.220000    324.306549
1.230000    326.046051
1.240000    327.822418
1.250000    329.577087
1.260000    331.294800
1.270000    333.015137
1.280000    334.712769
1.290000    336.380157
1.300000    338.007935
1.310000    339.651123
1.320000    341.342041
1.330000    342.986542
1.340000    344.636353
1.350000    346.300781
1.360000    347.893616
1.370000    349.513947
1.380000    351.117279
1.390000    352.712280
1.400000    354.276886
1.410000    355.852173
1.420000    357.394623
1.430000    358.939026
1.440000    360.470398
1.450000    362.113739
1.460000    363.742767
1.470000    365.369171
1.480000    367.020782
1.490000    368.694580
1.500000    370.338043
1.510000    371.903259
1.520000    373.505463
1.530000    375.063049
1.540000    376.601959
1.550000    378.145782
1.560000    379.712952
1.570000    381.273987
1.580000    382.812988
1.590000    384.285156
1.600000    385.754425
1.610000    387.256744
1.620000    388.729431
1.630000    390.202881
1.640000    391.676361
1.650000    393.169189
1.660000    394.666260
1.670000    396.139557
1.680000    397.568604
1.690000    399.022034
1.700000    400.512817
1.710000    401.990112
1.720000    403.485718
1.730000    404.970612
1.740000    406.418976
1.750000    407.828644
1.760000    409.332550
1.770000    410.797058
1.780000    412.269836
1.790000    413.716553
1.800000    415.191376
1.810000    416.659210
1.820000    418.149292
1.830000    419.591125
1.840000    421.029755
1.850000    422.492096
1.860000    423.936005
1.870000    425.349091
1.880000    426.745697
1.890000    428.140411
1.900000    429.542847
1.910000    430.911652
1.920000    432.249878
1.930000    433.597687
1.940000    434.974365
1.950000    436.342773
1.960000    437.711975
1.970000    439.153198
1.980000    440.544647
1.990000    442.049774
2.000000    443.486481
2.010000    444.961639
2.020000    446.426361
2.030000    447.797028
2.040000    449.200134
2.050000    450.604736
2.060000    451.994080
2.070000    453.366302
2.080000    454.744873
2.090000    456.164093
2.100000    457.627899
2.110000    459.042572
2.120000    460.471130
2.130000    461.954224
2.140000    463.363831
2.150000    464.812866
2.160000    466.280457
2.170000    467.743988
2.180000    469.161926
2.190000    470.689209
2.200000    472.156219
2.210000    473.634369
2.220000    475.086609
2.230000    476.526306
2.240000    477.981201
2.250000    479.449707
2.260000    480.873535
2.270000    482.291901
2.280000    483.670654
2.290000    485.087067
2.300000    486.523499
2.310000    487.921539
2.320000    489.314545
2.330000    490.713562
2.340000    492.061798
2.350000    493.376190
2.360000    494.771545
2.370000    496.109283
2.380000    497.484161
2.390000    498.831299
2.400000    500.190857
2.410000    501.554932
2.420000    502.915192
2.430000    504.296875
2.440000    505.627136
2.450000    506.985199
2.460000    508.361938
2.470000    509.700989
2.480000    511.075012
2.490000    512.473938
2.500000    513.923950
2.510000    515.363037
2.520000    516.820984
2.530000    518.219055
2.540000    519.577087
2.550000    520.971252
2.560000    522.340576
2.570000    523.709167
2.580000    525.043762
2.590000    526.366699
2.600000    527.694702
2.610000    529.073608
2.620000    530.449524
2.630000    531.843201
2.640000    533.232361
2.650000    534.551270
2.660000    535.950989
2.670000    537.340576
2.680000    538.758301
2.690000    540.183472
2.700000    541.681763
2.710000    543.143188
2.720000    544.557617
2.730000    545.948975
2.740000    547.320984
2.750000    548.717346
2.760000    550.030640
2.770000    551.389526
2.780000    552.773926
2.790000    554.167786
2.800000    555.542664
2.810000    556.907288
2.820000    558.271118
2.830000    559.617065
2.840000    560.960205
2.850000    562.264526
2.860000    563.578735
2.870000    564.892822
2.880000    566.326599
2.890000    567.679443
2.900000    569.066650
2.910000    570.418335
2.920000    571.750061
2.930000    573.078308
2.940000    574.482178
2.950000    575.815552
2.960000    577.124939
2.970000    578.478027
2.980000    579.823120
2.990000    581.159546
3.000000    582.566833
3.010000    583.937561
3.020000    585.332153
3.030000    586.680237
3.040000    588.035461
3.050000    589.410400
3.060000    590.783630
3.070000    592.115234
3.080000    593.470947
3.090000    594.760925
3.100000    595.996826
3.110000    597.227112
3.120000    598.469543
3.130000    599.755676
3.140000    600.994202
3.150000    602.224915
3.160000    603.417175
3.170000    604.649841
3.180000    605.895569
3.190000    607.209961
3.200000    608.466858
3.210000    609.670776
3.220000    610.878845
3.230000    612.075500
3.240000    613.332703
3.250000    614.542175
3.260000    615.726257
3.270000    616.849426
3.280000    618.025818
3.290000    619.179504
3.300000    620.372559
3.310000    621.607666
3.320000    622.856750
3.330000    624.082092
3.340000    625.318420
3.350000    626.556702
3.360000    627.708740
3.370000    628.794617
3.380000    630.000916
3.390000    631.173096
3.400000    632.329834
3.410000    633.502686
3.420000    634.687561
3.430000    635.852295
3.440000    637.083252
3.450000    638.306946
3.460000    639.524231
3.470000    640.735229
3.480000    641.971191
3.490000    643.202881
3.500000    644.448181
3.510000    645.729553
3.520000    647.034424
3.530000    648.290649
3.540000    649.618225
3.550000    650.870056
3.560000    652.184509
3.570000    653.400208
3.580000    654.604126
3.590000    655.806396
3.600000    657.050476
3.610000    658.293335
3.620000    659.593933
3.630000    660.862671
3.640000    662.124512
3.650000    663.353455
3.660000    664.599487
3.670000    665.845154
3.680000    667.093140
3.690000    668.314819
3.700000    669.511169
3.710000    670.800415
3.720000    672.044250
3.730000    673.319092
3.740000    674.570496
3.750000    675.736145
3.760000    676.997742
3.770000    678.267212
3.780000    679.491150
3.790000    680.696106
3.800000    681.851868
3.810000    683.076050
3.820000    684.291870
3.830000    685.465820
3.840000    686.630310
3.850000    687.829163
3.860000    689.040894
3.870000    690.207336
3.880000    691.349060
3.890000    692.529297
3.900000    693.594421
3.910000    694.622009
3.920000    695.677063
3.930000    696.803101
3.940000    697.901489
3.950000    699.026855
3.960000    700.121704
3.970000    701.232849
3.980000    702.348877
3.990000    703.430542
4.000000    704.539978
4.010000    705.710693
4.020000    706.892700
4.030000    708.022339
4.040000    709.154175
4.050000    710.270447
4.060000    711.447693
4.070000    712.616333
4.080000    713.756104
4.090000    714.913940
4.100000    716.127625
4.110000    717.336365
4.120000    718.548645
4.130000    719.704773
4.140000    720.857239
4.150000    721.938416
4.160000    723.104248
4.170000    724.281738
4.180000    725.491333
4.190000    726.703491
4.200000    727.831909
4.210000    728.978638
4.220000    730.130493
4.230000    731.270996
4.240000    732.433411
4.250000    733.549011
4.260000    734.702026
4.270000    735.891785
4.280000    737.073486
4.290000    738.230225
4.300000    739.447693
4.310000    740.675293
4.320000    741.914246
4.330000    743.160767
4.340000    744.352600
4.350000    745.542297
4.360000    746.693665
4.370000    747.866394
4.380000    749.008362
4.390000    750.229736
4.400000    751.437683
4.410000    752.589172
4.420000    753.779114
4.430000    754.983826
4.440000    756.182922
4.450000    757.335388
4.460000    758.455139
4.470000    759.614929
4.480000    760.813843
4.490000    762.008728
4.500000    763.234070
4.510000    764.414917
4.520000    765.609802
4.530000    766.752991
4.540000    767.913696
4.550000    769.074097
4.560000    770.274231
4.570000    771.471619
4.580000    772.647400
4.590000    773.803894
4.600000    774.958069
4.610000    776.160095
4.620000    777.339111
4.630000    778.495972
4.640000    779.649475
4.650000    780.812622
4.660000    781.967834
4.670000    783.133972
4.680000    784.273071
4.690000    785.381653
4.700000    786.516785
4.710000    787.687073
4.720000    788.781860
4.730000    789.859924
4.740000    790.985779
4.750000    792.105530
4.760000    793.261169
4.770000    794.474304
4.780000    795.669922
4.790000    796.859314
4.800000    798.084778
4.810000    799.249023
4.820000    800.361206
4.830000    801.521118
4.840000    802.722900
4.850000    803.889832
4.860000    805.110107
4.870000    806.269226
4.880000    807.393921
4.890000    808.520935
4.900000    809.727661
4.910000    810.918335
4.920000    812.060181
4.930000    813.209412
4.940000    814.276611
4.950000    815.350464
4.960000    816.462769
4.970000    817.523987
4.980000    818.535767
4.990000    819.541138
5.000000    820.593628
5.010000    821.696106
5.020000    822.745544
5.030000    823.781738
5.040000    824.855713
5.050000    825.907654
5.060000    826.924744
5.070000    827.992432
5.080000    829.041016
5.090000    830.040710
5.100000    831.042908
5.110000    832.047791
5.120000    833.041992
5.130000    834.119934
5.140000    835.188049
5.150000    836.196472
5.160000    837.175598
5.170000    838.198669
5.180000    839.270325
5.190000    840.284607
5.200000    841.302979
5.210000    842.292114
5.220000    843.320435
5.230000    844.376465
5.240000    845.379456
5.250000    846.356201
5.260000    847.348755
5.270000    848.324097
5.280000    849.356506
5.290000    850.434753
5.300000    851.482483
5.310000    852.538391
5.320000    853.659302
5.330000    854.766418
5.340000    855.834045
5.350000    856.951965
5.360000    858.086609
5.370000    859.226562
5.380000    860.309814
5.390000    861.412842
5.400000    862.499023
5.410000    863.631226
5.420000    864.780823
5.430000    865.911072
5.440000    867.023132
5.450000    868.126099
5.460000    869.246704
5.470000    870.391479
5.480000    871.520142
5.490000    872.661316
5.500000    873.863770
5.510000    875.073120
5.520000    876.269409
5.530000    877.439148
5.540000    878.597351
5.550000    879.754272
5.560000    880.929810
5.570000    882.137024
5.580000    883.293640
5.590000    884.495422
5.600000    885.651794
5.610000    886.881165
5.620000    888.054504
5.630000    889.198303
5.640000    890.403809
5.650000    891.577759
5.660000    892.805359
5.670000    894.048950
5.680000    895.221985
5.690000    896.407715
5.700000    897.597351
5.710000    898.703064
5.720000    899.850342
5.730000    900.998535
5.740000    902.186035
5.750000    903.325134
5.760000    904.440735
5.770000    905.535095
5.780000    906.594482
5.790000    907.693176
5.800000    908.838989
5.810000    909.958862
5.820000    911.111572
5.830000    912.143677
5.840000    913.228943
5.850000    914.323425
5.860000    915.461609
5.870000    916.621033
5.880000    917.722839
5.890000    918.808105
5.900000    919.978455
5.910000    921.059753
5.920000    922.111877
5.930000    923.160522
5.940000    924.221558
5.950000    925.298828
5.960000    926.321960
5.970000    927.426025
5.980000    928.520325
5.990000    929.665466
6.000000    930.772034
6.010000    931.927979
6.020000    933.067200
6.030000    934.256287
6.040000    935.423279
6.050000    936.591370
6.060000    937.712341
6.070000    938.755249
6.080000    939.830444
6.090000    940.951599
6.100000    942.079590
6.110000    943.217041
6.120000    944.324524
6.130000    945.459106
6.140000    946.616882
6.150000    947.765137
6.160000    948.925110
6.170000    950.043518
6.180000    951.114563
6.190000    952.182007
6.200000    953.250061
6.210000    954.262756
6.220000    955.224915
6.230000    956.234741
6.240000    957.289307
6.250000    958.303284
6.260000    959.319458
6.270000    960.402588
6.280000    961.468445
6.290000    962.533813
6.300000    963.637146
6.310000    964.708435
6.320000    965.755188
6.330000    966.769104
6.340000    967.760315
6.350000    968.797241
6.360000    969.844116
6.370000    970.917480
6.380000    971.991150
6.390000    973.057800
6.400000    974.142578
6.410000    975.225037
6.420000    976.287964
6.430000    977.449646
6.440000    978.560181
6.450000    979.642151
6.460000    980.790283
6.470000    981.879822
6.480000    982.976990
6.490000    984.118958
6.500000    985.295044
6.510000    986.475952
6.520000    987.669556
6.530000    988.832703
6.540000    990.104309
6.550000    991.386780
6.560000    992.699463
6.570000    993.974243
6.580000    995.219666
6.590000    996.455078
6.600000    997.729187
6.610000    998.946106
6.620000    1000.173279
6.630000    1001.416687
6.640000    1002.717346
6.650000    1003.981140
6.660000    1005.301392
6.670000    1006.594055
6.680000    1007.861450
6.690000    1009.149780
6.700000    1010.374573
6.710000    1011.624512
6.720000    1012.823486
6.730000    1014.007874
6.740000    1015.188232
6.750000    1016.323059
6.760000    1017.426208
6.770000    1018.563904
6.780000    1019.697693
6.790000    1020.825500
6.800000    1021.885010
6.810000    1022.990112
6.820000    1024.087402
6.830000    1025.244995
6.840000    1026.424805
6.850000    1027.595947
6.860000    1028.801270
6.870000    1029.984985
6.880000    1031.156982
6.890000    1032.343506
6.900000    1033.520508
6.910000    1034.691040
6.920000    1035.837036
6.930000    1037.032959
6.940000    1038.191040
6.950000    1039.316162
6.960000    1040.384033
6.970000    1041.429932
6.980000    1042.465454
6.990000    1043.543335
7.000000    1044.694214
7.010000    1045.865845
7.020000    1047.055908
7.030000    1048.216187
7.040000    1049.382080
7.050000    1050.595215
7.060000    1051.791870
7.070000    1052.925537
7.080000    1054.072144
7.090000    1055.201416
7.100000    1056.351807
7.110000    1057.500366
7.120000    1058.661987
7.130000    1059.882080
7.140000    1061.126099
7.150000    1062.331909
7.160000    1063.513794
7.170000    1064.710083
7.180000    1065.884644
7.190000    1067.039307
7.200000    1068.232788
7.210000    1069.528198
7.220000    1070.767822
7.230000    1071.980469
7.240000    1073.154541
7.250000    1074.307983
7.260000    1075.521973
7.270000    1076.701050
7.280000    1077.861694
7.290000    1079.091553
7.300000    1080.283447
7.310000    1081.439819
7.320000    1082.571411
7.330000    1083.779785
7.340000    1085.005371
7.350000    1086.226807
7.360000    1087.443359
7.370000    1088.625122
7.380000    1089.836426
7.390000    1091.000732
7.400000    1092.191162
7.410000    1093.390015
7.420000    1094.581665
7.430000    1095.721680
7.440000    1096.984131
7.450000    1098.174927
7.460000    1099.327759
7.470000    1100.472290
7.480000    1101.625000
7.490000    1102.799683
7.500000    1103.938232
7.510000    1105.119385
7.520000    1106.334961
7.530000    1107.487793
7.540000    1108.641602
7.550000    1109.694092
7.560000    1110.863281
7.570000    1111.958130
7.580000    1113.084839
7.590000    1114.253296
7.600000    1115.391357
7.610000    1116.522583
7.620000    1117.656982
7.630000    1118.785889
7.640000    1119.932617
7.650000    1121.052979
7.660000    1122.151001
7.670000    1123.304199
7.680000    1124.429443
7.690000    1125.565674
7.700000    1126.703125
7.710000    1127.859253
7.720000    1128.987671
7.730000    1130.073364
7.740000    1131.102173
7.750000    1132.190796
7.760000    1133.376221
7.770000    1134.554321
7.780000    1135.687134
7.790000    1136.755371
7.800000    1137.895386
7.810000    1139.082153
7.820000    1140.265381
7.830000    1141.332764
7.840000    1142.445190
7.850000    1143.546387
7.860000    1144.568115
7.870000    1145.704956
7.880000    1146.839233
7.890000    1148.042969
7.900000    1149.163574
7.910000    1150.329346
7.920000    1151.506104
7.930000    1152.681885
7.940000    1153.857910
7.950000    1155.091675
7.960000    1156.247925
7.970000    1157.452148
7.980000    1158.669556
7.990000    1159.902222
8.000000    1161.170288
8.010000    1162.428223
8.020000    1163.680664
8.030000    1164.891968
8.040000    1166.128174
8.050000    1167.407227
8.060000    1168.590454
8.070000    1169.836548
8.080000    1171.030518
8.090000    1172.259399
8.100000    1173.436646
8.110000    1174.588135
8.120000    1175.687622
8.130000    1176.784790
8.140000    1177.925049
8.150000    1179.113892
8.160000    1180.292480
8.170000    1181.425781
8.180000    1182.550903
8.190000    1183.667603
8.200000    1184.775879
8.210000    1185.903320
8.220000    1187.135498
8.230000    1188.342773
8.240000    1189.531250
8.250000    1190.742432
8.260000    1191.993408
8.270000    1193.189453
8.280000    1194.373291
8.290000    1195.528320
8.300000    1196.713379
8.310000    1197.890503
8.320000    1199.034790
8.330000    1200.180420
8.340000    1201.330200
8.350000    1202.498779
8.360000    1203.680176
8.370000    1204.887451
8.380000    1206.070190
8.390000    1207.301147
8.400000    1208.490845
8.410000    1209.636963
8.420000    1210.853882
8.430000    1212.108398
8.440000    1213.292725
8.450000    1214.479126
8.460000    1215.666626
8.470000    1216.898926
8.480000    1218.052246
8.490000    1219.142822
8.500000    1220.233643
8.510000    1221.300293
8.520000    1222.386841
8.530000    1223.479492
8.540000    1224.673218
8.550000    1225.777466
8.560000    1226.936157
8.570000    1228.122803
8.580000    1229.307739
8.590000    1230.416748
8.600000    1231.561157
8.610000    1232.733643
8.620000    1233.934082
8.630000    1235.080933
8.640000    1236.227417
8.650000    1237.363403
8.660000    1238.489380
8.670000    1239.609741
8.680000    1240.754883
8.690000    1241.928833
8.700000    1243.077271
8.710000    1244.242920
8.720000    1245.417725
8.730000    1246.556274
8.740000    1247.705444
8.750000    1248.838745
8.760000    1250.008911
8.770000    1251.219727
8.780000    1252.347168
8.790000    1253.473389
8.800000    1254.603394
8.810000    1255.736206
8.820000    1256.840942
8.830000    1257.992310
8.840000    1259.182495
8.850000    1260.308716
8.860000    1261.435425
8.870000    1262.572021
8.880000    1263.726929
8.890000    1264.883667
8.900000    1266.011230
8.910000    1267.160278
8.920000    1268.220947
8.930000    1269.314697
8.940000    1270.435059
8.950000    1271.562622
8.960000    1272.761475
8.970000    1273.892822
8.980000    1275.069580
8.990000    1276.136353
9.000000    1277.200439
9.010000    1278.314331
9.020000    1279.456055
9.030000    1280.613159
9.040000    1281.761230
9.050000    1282.967407
9.060000    1284.081299
9.070000    1285.184570
9.080000    1286.234741
9.090000    1287.248535
9.100000    1288.369141
9.110000    1289.482300
9.120000    1290.611694
9.130000    1291.767578
9.140000    1292.928101
9.150000    1294.119873
9.160000    1295.252808
9.170000    1296.306763
9.180000    1297.412598
9.190000    1298.582764
9.200000    1299.785645
9.210000    1301.027710
9.220000    1302.251465
9.230000    1303.459839
9.240000    1304.652100
9.250000    1305.850830
9.260000    1307.101807
9.270000    1308.307617
9.280000    1309.482422
9.290000    1310.636230
9.300000    1311.828247
9.310000    1313.072998
9.320000    1314.284668
9.330000    1315.583008
9.340000    1316.843018
9.350000    1318.123901
9.360000    1319.399170
9.370000    1320.641968
9.380000    1321.860107
9.390000    1323.065308
9.400000    1324.210083
9.410000    1325.444946
9.420000    1326.608276
9.430000    1327.772461
9.440000    1328.949707
9.450000    1330.149658
9.460000    1331.323486
9.470000    1332.558594
9.480000    1333.780884
9.490000    1334.960449
9.500000    1336.171875
9.510000    1337.442139
9.520000    1338.727783
9.530000    1339.958740
9.540000    1341.187988
9.550000    1342.411011
9.560000    1343.674683
9.570000    1344.868408
9.580000    1346.085327
9.590000    1347.312012
9.600000    1348.553955
9.610000    1349.707275
9.620000    1350.896606
9.630000    1352.052612
9.640000    1353.252930
9.650000    1354.454346
9.660000    1355.697510
9.670000    1356.932617
9.680000    1358.109741
9.690000    1359.318359
9.700000    1360.562134
9.710000    1361.822021
9.720000    1363.108398
9.730000    1364.349487
9.740000    1365.638672
9.750000    1366.871338
9.760000    1368.180542
9.770000    1369.486328
9.780000    1370.803467
9.790000    1372.032104
9.800000    1373.316406
9.810000    1374.576294
9.820000    1375.895630
9.830000    1377.225952
9.840000    1378.607544
9.850000    1379.846191
9.860000    1381.145996
9.870000    1382.487305
9.880000    1383.766846
9.890000    1385.045166
9.900000    1386.298096
9.910000    1387.555664
9.920000    1388.860474
9.930000    1390.159424
9.940000    1391.460571
9.950000    1392.776367
9.960000    1394.062744
9.970000    1395.322998
9.980000    1396.612793
9.990000    1397.895630
10.000000    1399.232666
10.010000    1400.551270
10.020000    1401.839478
10.030000    1403.135254
10.040000    1404.380981
10.050000    1405.698730
10.060000    1406.933838
10.070000    1408.182007
10.080000    1409.434326
10.090000    1410.788086
10.100000    1412.042480
10.110000    1413.319824
10.120000    1414.611572
10.130000    1415.878418
10.140000    1417.108398
10.150000    1418.376099
10.160000    1419.609863
10.170000    1420.906738
10.180000    1422.200439
10.190000    1423.500000
10.200000    1424.760498
10.210000    1425.989380
10.220000    1427.196899
10.230000    1428.426880
10.240000    1429.672852
10.250000    1430.983154
10.260000    1432.269287
10.270000    1433.526489
10.280000    1434.772095
10.290000    1436.066284
10.300000    1437.292969
10.310000    1438.506104
10.320000    1439.699951
10.330000    1440.953857
10.340000    1442.204712
10.350000    1443.474365
10.360000    1444.739136
10.370000    1446.024170
10.380000    1447.344849
10.390000    1448.670288
10.400000    1449.946289
10.410000    1451.227417
10.420000    1452.514404
10.430000    1453.775635
10.440000    1455.060791
10.450000    1456.355225
10.460000    1457.664551
10.470000    1458.988647
10.480000    1460.244995
10.490000    1461.500000
10.500000    1462.715454
10.510000    1463.976440
10.520000    1465.245483
10.530000    1466.503174
10.540000    1467.699219
10.550000    1468.944214
10.560000    1470.196533
10.570000    1471.426025
10.580000    1472.717773
10.590000    1473.996826
10.600000    1475.248047
10.610000    1476.427979
10.620000    1477.676270
10.630000    1478.897095
10.640000    1480.143433
10.650000    1481.400635
10.660000    1482.631348
10.670000    1483.914429
10.680000    1485.171753
10.690000    1486.456665
10.700000    1487.722168
10.710000    1488.978882
10.720000    1490.276001
10.730000    1491.515137
10.740000    1492.753662
10.750000    1494.000122
10.760000    1495.268311
10.770000    1496.540283
10.780000    1497.850708
10.790000    1499.189331
10.800000    1500.413086
10.810000    1501.673096
10.820000    1502.883057
10.830000    1504.111816
10.840000    1505.344971
10.850000    1506.568726
10.860000    1507.822510
10.870000    1509.021240
10.880000    1510.242432
10.890000    1511.541992
10.900000    1512.794678
10.910000    1514.031128
10.920000    1515.237793
10.930000    1516.447021
10.940000    1517.677734
10.950000    1518.888794
10.960000    1520.064087
10.970000    1521.306396
10.980000    1522.480469
10.990000    1523.614502
11.000000    1524.794556
11.010000    1525.965088
11.020000    1527.233032
11.030000    1528.419556
11.040000    1529.628418
11.050000    1530.815796
11.060000    1531.979370
11.070000    1533.108154
11.080000    1534.297363
11.090000    1535.551025
11.100000    1536.737183
11.110000    1537.942627
11.120000    1539.187744
11.130000    1540.411377
11.140000    1541.647461
11.150000    1542.943237
11.160000    1544.250000
11.170000    1545.562744
11.180000    1546.947021
11.190000    1548.244873
11.200000    1549.482178
11.210000    1550.789673
11.220000    1552.122559
11.230000    1553.490479
11.240000    1554.849487
11.250000    1556.193359
11.260000    1557.543213
11.270000    1558.840576
11.280000    1560.111450
11.290000    1561.417114
11.300000    1562.791382
11.310000    1564.216675
11.320000    1565.620605
11.330000    1566.984253
11.340000    1568.272217
11.350000    1569.618896
11.360000    1570.978271
11.370000    1572.350586
11.380000    1573.737793
11.390000    1575.018677
11.400000    1576.376221
11.410000    1577.729492
11.420000    1579.128418
11.430000    1580.484009
11.440000    1581.820435
11.450000    1583.112061
11.460000    1584.398071
11.470000    1585.678223
11.480000    1587.020386
11.490000    1588.324463
11.500000    1589.600098
11.510000    1590.901611
11.520000    1592.215820
11.530000    1593.544678
11.540000    1594.875366
11.550000    1596.088379
11.560000    1597.301880
11.570000    1598.545532
11.580000    1599.784790
11.590000    1601.032593
11.600000    1602.235718
11.610000    1603.449707
11.620000    1604.694336
11.630000    1605.890625
11.640000    1607.088623
11.650000    1608.288574
11.660000    1609.567505
11.670000    1610.904541
11.680000    1612.243042
11.690000    1613.572388
11.700000    1614.900391
11.710000    1616.205200
11.720000    1617.543457
11.730000    1618.929443
11.740000    1620.324707
11.750000    1621.724731
11.760000    1623.057983
11.770000    1624.383423
11.780000    1625.795898
11.790000    1627.156738
11.800000    1628.533691
11.810000    1629.851807
11.820000    1631.147095
11.830000    1632.328613
11.840000    1633.574951
11.850000    1634.850708
11.860000    1636.119263
11.870000    1637.402344
11.880000    1638.671997
11.890000    1639.972290
11.900000    1641.324097
11.910000    1642.681030
11.920000    1644.067871
11.930000    1645.349854
11.940000    1646.664185
11.950000    1647.955444
11.960000    1649.345459
11.970000    1650.718750
11.980000    1652.092773
11.990000    1653.392700
12.000000    1654.714600
12.010000    1655.994873
12.020000    1657.267456
12.030000    1658.497559
12.040000    1659.672363
12.050000    1660.883057
12.060000    1662.048706
12.070000    1663.264526
12.080000    1664.478027
12.090000    1665.646118
12.100000    1666.870728
12.110000    1668.087280
12.120000    1669.304321
12.130000    1670.529541
12.140000    1671.749268
12.150000    1672.973633
12.160000    1674.232178
12.170000    1675.500000
12.180000    1676.740356
12.190000    1677.918579
12.200000    1679.130371
12.210000    1680.348267
12.220000    1681.638428
12.230000    1682.932983
12.240000    1684.208374
12.250000    1685.531982
12.260000    1686.836304
12.270000    1688.158325
12.280000    1689.526489
12.290000    1690.795288
12.300000    1692.112671
12.310000    1693.369995
12.320000    1694.676880
12.330000    1696.012817
12.340000    1697.368286
12.350000    1698.690674
12.360000    1699.988770
12.370000    1701.258057
12.380000    1702.611328
12.390000    1703.866943
12.400000    1705.163330
12.410000    1706.398804
12.420000    1707.619263
12.430000    1708.797974
12.440000    1710.050049
12.450000    1711.313110
12.460000    1712.543701
12.470000    1713.814941
12.480000    1715.098999
12.490000    1716.354858
12.500000    1717.628662
12.510000    1718.860474
12.520000    1720.026855
12.530000    1721.229370
12.540000    1722.372314
12.550000    1723.559692
12.560000    1724.834839
12.570000    1726.173096
12.580000    1727.435303
12.590000    1728.732910
12.600000    1730.021362
12.610000    1731.317871
12.620000    1732.649292
12.630000    1733.990967
12.640000    1735.381470
12.650000    1736.758789
12.660000    1738.088135
12.670000    1739.368286
12.680000    1740.663696
12.690000    1741.926270
12.700000    1743.191040
12.710000    1744.438232
12.720000    1745.725952
12.730000    1747.120117
12.740000    1748.445679
12.750000    1749.704712
12.760000    1750.904419
12.770000    1752.168335
12.780000    1753.397949
12.790000    1754.655151
12.800000    1755.935059
12.810000    1757.170654
12.820000    1758.404541
12.830000    1759.671753
12.840000    1760.916260
12.850000    1762.147095
12.860000    1763.401367
12.870000    1764.713745
12.880000    1766.001099
12.890000    1767.255859
12.900000    1768.493774
12.910000    1769.685303
12.920000    1770.935669
12.930000    1772.161133
12.940000    1773.402832
12.950000    1774.595703
12.960000    1775.771240
12.970000    1776.959839
12.980000    1778.093140
12.990000    1779.319458
13.000000    1780.554810
13.010000    1781.851318
13.020000    1783.214478
13.030000    1784.534790
13.040000    1785.841064
13.050000    1787.086670
13.060000    1788.362793
13.070000    1789.598267
13.080000    1790.848022
13.090000    1792.131348
13.100000    1793.367310
13.110000    1794.676514
13.120000    1795.964600
13.130000    1797.266724
13.140000    1798.551270
13.150000    1799.855713
13.160000    1801.127197
13.170000    1802.416748
13.180000    1803.730835
13.190000    1805.012573
13.200000    1806.306641
13.210000    1807.546387
13.220000    1808.811035
13.230000    1810.091431
13.240000    1811.380371
13.250000    1812.640625
13.260000    1813.837036
13.270000    1815.108154
13.280000    1816.363159
13.290000    1817.626709
13.300000    1818.888428
13.310000    1820.107422
13.320000    1821.279297
13.330000    1822.518921
13.340000    1823.714966
13.350000    1824.922729
13.360000    1826.184570
13.370000    1827.348145
13.380000    1828.544556
13.390000    1829.797485
13.400000    1831.065186
13.410000    1832.373169
13.420000    1833.586792
13.430000    1834.863525
13.440000    1836.089111
13.450000    1837.283569
13.460000    1838.473267
13.470000    1839.661255
13.480000    1840.852051
13.490000    1842.067017
13.500000    1843.290039
13.510000    1844.444336
13.520000    1845.661255
13.530000    1846.872925
13.540000    1848.048706
13.550000    1849.216431
13.560000    1850.396606
13.570000    1851.596558
13.580000    1852.850098
13.590000    1854.018311
13.600000    1855.217651
13.610000    1856.392090
13.620000    1857.572876
13.630000    1858.849976
13.640000    1860.101929
13.650000    1861.394775
13.660000    1862.683594
13.670000    1863.980957
13.680000    1865.220337
13.690000    1866.418457
13.700000    1867.589478
13.710000    1868.820190
13.720000    1869.979248
13.730000    1871.234009
13.740000    1872.410034
13.750000    1873.645020
13.760000    1874.850586
13.770000    1876.026611
13.780000    1877.230469
13.790000    1878.500732
13.800000    1879.650146
13.810000    1880.842163
13.820000    1881.984863
13.830000    1883.176025
13.840000    1884.406616
13.850000    1885.624023
13.860000    1886.891846
13.870000    1888.131592
13.880000    1889.390991
13.890000    1890.601807
13.900000    1891.720459
13.910000    1892.828003
13.920000    1893.961670
13.930000    1895.142212
13.940000    1896.278320
13.950000    1897.424072
13.960000    1898.564941
13.970000    1899.703735
13.980000    1900.872192
13.990000    1902.092529
14.000000    1903.244141
14.010000    1904.383057
14.020000    1905.510742
14.030000    1906.653076
14.040000    1907.754883
14.050000    1908.932983
14.060000    1910.143799
14.070000    1911.323242
14.080000    1912.505371
14.090000    1913.675537
14.100000    1914.786987
14.110000    1915.930176
14.120000    1917.107544
14.130000    1918.302979
14.140000    1919.534424
14.150000    1920.760010
14.160000    1922.042114
14.170000    1923.320801
14.180000    1924.584351
14.190000    1925.792725
14.200000    1927.020630
14.210000    1928.239502
14.220000    1929.440796
14.230000    1930.636353
14.240000    1931.860352
14.250000    1933.033203
14.260000    1934.221802
14.270000    1935.382568
14.280000    1936.579102
14.290000    1937.745483
14.300000    1938.930542
14.310000    1940.079956
14.320000    1941.200806
14.330000    1942.330566
14.340000    1943.444580
14.350000    1944.586060
14.360000    1945.729736
14.370000    1946.901245
14.380000    1948.038208
14.390000    1949.188721
14.400000    1950.328613
14.410000    1951.441040
14.420000    1952.543091
14.430000    1953.661133
14.440000    1954.848877
14.450000    1956.046753
14.460000    1957.240967
14.470000    1958.449707
14.480000    1959.752075
14.490000    1961.012939
14.500000    1962.267578
14.510000    1963.453003
14.520000    1964.678833
14.530000    1965.866699
14.540000    1967.091309
14.550000    1968.271606
14.560000    1969.508423
14.570000    1970.698730
14.580000    1971.910156
14.590000    1973.154053
14.600000    1974.307373
14.610000    1975.485474
14.620000    1976.614258
14.630000    1977.702393
14.640000    1978.829224
14.650000    1979.959229
14.660000    1981.064209
14.670000    1982.238403
14.680000    1983.431885
14.690000    1984.652222
14.700000    1985.887207
14.710000    1987.191772
14.720000    1988.475952
14.730000    1989.787720
14.740000    1991.042114
14.750000    1992.310547
14.760000    1993.619019
14.770000    1994.835449
14.780000    1996.099121
14.790000    1997.335327
14.800000    1998.621704
14.810000    1999.884888
14.820000    2001.211426
14.830000    2002.558228
14.840000    2003.937500
14.850000    2005.279785
14.860000    2006.658325
14.870000    2008.056274
14.880000    2009.426514
14.890000    2010.756836
14.900000    2012.002808
14.910000    2013.318848
14.920000    2014.656250
14.930000    2015.957520
14.940000    2017.253540
14.950000    2018.594116
14.960000    2019.879272
14.970000    2021.152588
14.980000    2022.478271
14.990000    2023.775269
15.000000    2025.168213
15.010000    2026.565430
15.020000    2027.987183
15.030000    2029.357544
15.040000    2030.674194
15.050000    2031.947266
15.060000    2033.276978
15.070000    2034.588867
15.080000    2035.941772
15.090000    2037.257324
15.100000    2038.536255
15.110000    2039.767456
15.120000    2041.032349
15.130000    2042.346558
15.140000    2043.562744
15.150000    2044.817261
15.160000    2046.121216
15.170000    2047.412476
15.180000    2048.638184
15.190000    2049.753662
15.200000    2050.927734
15.210000    2052.077148
15.220000    2053.212402
15.230000    2054.392090
15.240000    2055.565430
15.250000    2056.727051
15.260000    2057.811035
15.270000    2059.049805
15.280000    2060.234619
15.290000    2061.421387
15.300000    2062.604492
15.310000    2063.734863
15.320000    2064.908447
15.330000    2066.037109
15.340000    2067.108887
15.350000    2068.257568
15.360000    2069.458984
15.370000    2070.697021
15.380000    2071.832031
15.390000    2072.983398
15.400000    2074.093994
15.410000    2075.225586
15.420000    2076.430664
15.430000    2077.602051
15.440000    2078.791748
15.450000    2079.971191
15.460000    2081.140381
15.470000    2082.335449
15.480000    2083.484619
15.490000    2084.630859
15.500000    2085.756836
15.510000    2086.866699
15.520000    2087.978027
15.530000    2089.084717
15.540000    2090.227783
15.550000    2091.392334
15.560000    2092.560547
15.570000    2093.723389
15.580000    2094.886963
15.590000    2096.050537
15.600000    2097.213135
15.610000    2098.364014
15.620000    2099.496582
15.630000    2100.611084
15.640000    2101.730469
15.650000    2102.914062
15.660000    2104.059570
15.670000    2105.178467
15.680000    2106.287598
15.690000    2107.441406
15.700000    2108.571533
15.710000    2109.663086
15.720000    2110.716064
15.730000    2111.804443
15.740000    2112.864502
15.750000    2113.936279
15.760000    2115.022217
15.770000    2116.043457
15.780000    2117.094727
15.790000    2118.084717
15.800000    2119.196045
15.810000    2120.334229
15.820000    2121.416748
15.830000    2122.594727
15.840000    2123.801270
15.850000    2124.987793
15.860000    2126.202637
15.870000    2127.457764
15.880000    2128.678955
15.890000    2129.924805
15.900000    2131.177734
15.910000    2132.363037
15.920000    2133.581543
15.930000    2134.827393
15.940000    2136.033691
15.950000    2137.189697
15.960000    2138.329102
15.970000    2139.439453
15.980000    2140.622803
15.990000    2141.757568
16.000000    2142.960693
16.010000    2144.096680
16.020000    2145.209229
16.030000    2146.346191
16.040000    2147.462402
16.050000    2148.599365
16.060000    2149.737305
16.070000    2150.926270
16.080000    2152.051758
16.090000    2153.134766
16.100000    2154.241455
16.110000    2155.340820
16.120000    2156.454834
16.130000    2157.543213
16.140000    2158.662354
16.150000    2159.829834
16.160000    2160.999268
16.170000    2162.076660
16.180000    2163.195801
16.190000    2164.332031
16.200000    2165.447021
16.210000    2166.552979
16.220000    2167.628662
16.230000    2168.768555
16.240000    2169.945801
16.250000    2171.116943
16.260000    2172.259277
16.270000    2173.438477
16.280000    2174.578613
16.290000    2175.755615
16.300000    2176.984863
16.310000    2178.132080
16.320000    2179.245117
16.330000    2180.352783
16.340000    2181.445801
16.350000    2182.531006
16.360000    2183.650391
16.370000    2184.819824
16.380000    2185.956787
16.390000    2187.087646
16.400000    2188.190918
16.410000    2189.377441
16.420000    2190.518066
16.430000    2191.709961
16.440000    2192.904053
16.450000    2194.070312
16.460000    2195.264160
16.470000    2196.356689
16.480000    2197.446045
16.490000    2198.530273
16.500000    2199.674316
16.510000    2200.785889
16.520000    2201.915527
16.530000    2202.987549
16.540000    2204.030273
16.550000    2205.041748
16.560000    2206.077637
16.570000    2207.087891
16.580000    2208.047119
16.590000    2209.100098
16.600000    2210.143066
16.610000    2211.285156
16.620000    2212.383057
16.630000    2213.462402
16.640000    2214.549805
16.650000    2215.620605
16.660000    2216.652344
16.670000    2217.758057
16.680000    2218.892334
16.690000    2220.081543
16.700000    2221.189209
16.710000    2222.263916
16.720000    2223.366943
16.730000    2224.448730
16.740000    2225.528076
16.750000    2226.549316
16.760000    2227.536621
16.770000    2228.612549
16.780000    2229.638184
16.790000    2230.645508
16.800000    2231.712158
16.810000    2232.789795
16.820000    2233.892090
16.830000    2234.977295
16.840000    2236.073730
16.850000    2237.193848
16.860000    2238.250000
16.870000    2239.318115
16.880000    2240.372803
16.890000    2241.430420
16.900000    2242.575195
16.910000    2243.773438
16.920000    2244.969482
16.930000    2246.156982
16.940000    2247.361572
16.950000    2248.620850
16.960000    2249.886230
16.970000    2251.051514
16.980000    2252.228271
16.990000    2253.450684
17.000000    2254.614014
17.010000    2255.794189
17.020000    2257.011230
17.030000    2258.228760
17.040000    2259.361084
17.050000    2260.615967
17.060000    2261.863770
17.070000    2263.160889
17.080000    2264.378906
17.090000    2265.601562
17.100000    2266.774414
17.110000    2267.980225
17.120000    2269.169189
17.130000    2270.368896
17.140000    2271.542725
17.150000    2272.718750
17.160000    2273.941162
17.170000    2275.156250
17.180000    2276.395508
17.190000    2277.616943
17.200000    2278.813232
17.210000    2280.002930
17.220000    2281.123535
17.230000    2282.297363
17.240000    2283.447266
17.250000    2284.648193
17.260000    2285.825684
17.270000    2286.952637
17.280000    2288.048096
17.290000    2289.167969
17.300000    2290.271240
17.310000    2291.450684
17.320000    2292.714111
17.330000    2293.982666
17.340000    2295.263916
17.350000    2296.521240
17.360000    2297.749023
17.370000    2298.985840
17.380000    2300.243652
17.390000    2301.439453
17.400000    2302.605225
17.410000    2303.723145
17.420000    2304.873047
17.430000    2306.031738
17.440000    2307.293701
17.450000    2308.563477
17.460000    2309.773682
17.470000    2310.997559
17.480000    2312.231445
17.490000    2313.414062
17.500000    2314.595947
17.510000    2315.810547
17.520000    2317.002686
17.530000    2318.202881
17.540000    2319.345215
17.550000    2320.548828
17.560000    2321.760986
17.570000    2322.989014
17.580000    2324.250732
17.590000    2325.439941
17.600000    2326.564453
17.610000    2327.683350
17.620000    2328.852783
17.630000    2330.030762
17.640000    2331.153076
17.650000    2332.218018
17.660000    2333.304688
17.670000    2334.385010
17.680000    2335.444336
17.690000    2336.472656
17.700000    2337.537109
17.710000    2338.669189
17.720000    2339.781738
17.730000    2340.882568
17.740000    2342.019775
17.750000    2343.174072
17.760000    2344.337158
17.770000    2345.479736
17.780000    2346.644287
17.790000    2347.821533
17.800000    2349.033691
17.810000    2350.222412
17.820000    2351.460938
17.830000    2352.677979
17.840000    2353.912598
17.850000    2355.172119
17.860000    2356.422607
17.870000    2357.686768
17.880000    2358.969238
17.890000    2360.193115
17.900000    2361.445557
17.910000    2362.703857
17.920000    2363.938965
17.930000    2365.165527
17.940000    2366.405029
17.950000    2367.712646
17.960000    2368.997070
17.970000    2370.254150
17.980000    2371.507324
17.990000    2372.793457
18.000000    2374.017822
18.010000    2375.335938
18.020000    2376.634521
18.030000    2377.971924
18.040000    2379.280029
18.050000    2380.536621
18.060000    2381.648193
18.070000    2382.877930
18.080000    2384.081543
18.090000    2385.230957
18.100000    2386.415527
18.110000    2387.601074
18.120000    2388.810303
18.130000    2390.068848
18.140000    2391.308838
18.150000    2392.614990
18.160000    2393.921387
18.170000    2395.207764
18.180000    2396.511230
18.190000    2397.852295
18.200000    2399.134033
18.210000    2400.391602
18.220000    2401.683105
18.230000    2402.924805
18.240000    2404.095703
18.250000    2405.268799
18.260000    2406.363037
18.270000    2407.613037
18.280000    2408.842285
18.290000    2410.114502
18.300000    2411.417725
18.310000    2412.710449
18.320000    2413.991699
18.330000    2415.289062
18.340000    2416.544678
18.350000    2417.769531
18.360000    2418.941895
18.370000    2420.163574
18.380000    2421.312012
18.390000    2422.386230
18.400000    2423.485352
18.410000    2424.562500
18.420000    2425.661865
18.430000    2426.724121
18.440000    2427.855713
18.450000    2428.926758
18.460000    2430.034912
18.470000    2431.167969
18.480000    2432.320312
18.490000    2433.514648
18.500000    2434.661621
18.510000    2435.884521
18.520000    2437.152832
18.530000    2438.400635
18.540000    2439.687500
18.550000    2440.904785
18.560000    2442.114746
18.570000    2443.321289
18.580000    2444.541016
18.590000    2445.741699
18.600000    2446.992188
18.610000    2448.253418
18.620000    2449.537354
18.630000    2450.748535
18.640000    2452.014893
18.650000    2453.221680
18.660000    2454.475586
18.670000    2455.651855
18.680000    2456.852295
18.690000    2458.059082
18.700000    2459.304932
18.710000    2460.507568
18.720000    2461.672363
18.730000    2462.836182
18.740000    2464.028320
18.750000    2465.205322
18.760000    2466.333984
18.770000    2467.407715
18.780000    2468.532715
18.790000    2469.626221
18.800000    2470.802734
18.810000    2471.952148
18.820000    2473.172363
18.830000    2474.374268
18.840000    2475.520752
18.850000    2476.601562
18.860000    2477.699707
18.870000    2478.816162
18.880000    2479.883545
18.890000    2481.061035
18.900000    2482.205811
18.910000    2483.334717
18.920000    2484.531738
18.930000    2485.666504
18.940000    2486.811035
18.950000    2487.940430
18.960000    2489.127197
18.970000    2490.284912
18.980000    2491.430420
18.990000    2492.636963
19.000000    2493.800293
19.010000    2494.962158
19.020000    2496.131592
19.030000    2497.369629
19.040000    2498.520996
19.050000    2499.752930
19.060000    2500.932129
19.070000    2502.090820
19.080000    2503.203857
19.090000    2504.253174
19.100000    2505.306396
19.110000    2506.449707
19.120000    2507.623047
19.130000    2508.807129
19.140000    2509.969482
19.150000    2511.092529
19.160000    2512.256348
19.170000    2513.403809
19.180000    2514.541016
19.190000    2515.729004
19.200000    2516.881836
19.210000    2518.066895
19.220000    2519.240723
19.230000    2520.402832
19.240000    2521.608398
19.250000    2522.802734
19.260000    2524.013184
19.270000    2525.151855
19.280000    2526.330566
19.290000    2527.534180
19.300000    2528.726807
19.310000    2529.961426
19.320000    2531.218262
19.330000    2532.452393
19.340000    2533.680908
19.350000    2534.938232
19.360000    2536.149658
19.370000    2537.362305
19.380000    2538.592041
19.390000    2539.902588
19.400000    2541.177002
19.410000    2542.457275
19.420000    2543.697998
19.430000    2544.920898
19.440000    2546.141846
19.450000    2547.431396
19.460000    2548.713867
19.470000    2550.077393
19.480000    2551.422119
19.490000    2552.757080
19.500000    2554.107666
19.510000    2555.488281
19.520000    2556.860596
19.530000    2558.225830
19.540000    2559.645996
19.550000    2561.074951
19.560000    2562.452881
19.570000    2563.772217
19.580000    2565.031738
19.590000    2566.270752
19.600000    2567.456787
19.610000    2568.593262
19.620000    2569.738525
19.630000    2570.898682
19.640000    2572.097656
19.650000    2573.288330
19.660000    2574.392578
19.670000    2575.569580
19.680000    2576.697754
19.690000    2577.731201
19.700000    2578.868652
19.710000    2580.030273
19.720000    2581.227295
19.730000    2582.413574
19.740000    2583.621338
19.750000    2584.847412
19.760000    2586.032471
19.770000    2587.311768
19.780000    2588.599609
19.790000    2589.882324
19.800000    2591.085693
19.810000    2592.334229
19.820000    2593.587646
19.830000    2594.808594
19.840000    2596.038574
19.850000    2597.308350
19.860000    2598.540039
19.870000    2599.733398
19.880000    2600.966797
19.890000    2602.174316
19.900000    2603.434326
19.910000    2604.711914
19.920000    2605.960938
19.930000    2607.206299
19.940000    2608.436035
19.950000    2609.652832
19.960000    2610.906738
19.970000    2612.052002
19.980000    2613.305664
19.990000    2614.536865
20.000000    2615.734131
20.010000    2616.944092
20.020000    2618.139893
20.030000    2619.328613
20.040000    2620.570312
20.050000    2621.776855
20.060000    2623.009521
20.070000    2624.213867
20.080000    2625.417725
20.090000    2626.548340
20.100000    2627.813721
20.110000    2629.112549
20.120000    2630.335693
20.130000    2631.534424
20.140000    2632.663330
20.150000    2633.785889
20.160000    2635.025391
20.170000    2636.292725
20.180000    2637.527344
20.190000    2638.750977
20.200000    2640.004395
20.210000    2641.168701
20.220000    2642.347412
20.230000    2643.559570
20.240000    2644.764893
20.250000    2645.940186
20.260000    2647.196045
20.270000    2648.434570
20.280000    2649.632812
20.290000    2650.911133
20.300000    2652.236084
20.310000    2653.555908
20.320000    2654.857178
20.330000    2656.214600
20.340000    2657.532715
20.350000    2658.851562
20.360000    2660.128906
20.370000    2661.364746
20.380000    2662.659668
20.390000    2663.967285
20.400000    2665.165527
20.410000    2666.439209
20.420000    2667.701416
20.430000    2668.912354
20.440000    2670.095947
20.450000    2671.279297
20.460000    2672.370605
20.470000    2673.566895
20.480000    2674.816162
20.490000    2676.070068
20.500000    2677.402832
20.510000    2678.714844
20.520000    2680.055176
20.530000    2681.343262
20.540000    2682.651855
20.550000    2683.912109
20.560000    2685.177002
20.570000    2686.462891
20.580000    2687.783203
20.590000    2689.121338
20.600000    2690.482178
20.610000    2691.898438
20.620000    2693.304688
20.630000    2694.629395
20.640000    2695.990479
20.650000    2697.361572
20.660000    2698.772461
20.670000    2700.136719
20.680000    2701.511230
20.690000    2702.886230
20.700000    2704.253906
20.710000    2705.641357
20.720000    2706.996582
20.730000    2708.454346
20.740000    2709.885498
20.750000    2711.286621
20.760000    2712.741699
20.770000    2714.180664
20.780000    2715.656250
20.790000    2717.046143
20.800000    2718.461182
20.810000    2719.885254
20.820000    2721.240234
20.830000    2722.650879
20.840000    2724.019043
20.850000    2725.375977
20.860000    2726.732178
20.870000    2728.132080
20.880000    2729.494141
20.890000    2730.822754
20.900000    2732.144775
20.910000    2733.473633
20.920000    2734.815430
20.930000    2736.210205
20.940000    2737.624512
20.950000    2739.013916
20.960000    2740.437744
20.970000    2741.847168
20.980000    2743.206055
20.990000    2744.587402
21.000000    2745.945312
21.010000    2747.298584
21.020000    2748.601318
21.030000    2749.882812
21.040000    2751.160645
21.050000    2752.440918
21.060000    2753.751709
21.070000    2755.076660
21.080000    2756.444092
21.090000    2757.745850
21.100000    2759.116455
21.110000    2760.499512
21.120000    2761.801270
21.130000    2763.083740
21.140000    2764.429688
21.150000    2765.748047
21.160000    2767.121094
21.170000    2768.473633
21.180000    2769.813477
21.190000    2771.089600
21.200000    2772.237549
21.210000    2773.384277
21.220000    2774.611572
21.230000    2775.830322
21.240000    2777.069580
21.250000    2778.285645
21.260000    2779.498291
21.270000    2780.726318
21.280000    2781.967773
21.290000    2783.145996
21.300000    2784.397705
21.310000    2785.663086
21.320000    2786.808838
21.330000    2787.939453
21.340000    2788.988037
21.350000    2790.133301
21.360000    2791.361816
21.370000    2792.589844
21.380000    2793.862793
21.390000    2795.141846
21.400000    2796.320312
21.410000    2797.555908
21.420000    2798.805664
21.430000    2800.027344
21.440000    2801.350098
21.450000    2802.733398
21.460000    2804.052734
21.470000    2805.373291
21.480000    2806.707520
21.490000    2807.979248
21.500000    2809.270264
21.510000    2810.602539
21.520000    2811.983643
21.530000    2813.267578
21.540000    2814.542725
21.550000    2815.888428
21.560000    2817.301514
21.570000    2818.678467
21.580000    2820.054199
21.590000    2821.473389
21.600000    2822.878418
21.610000    2824.265869
21.620000    2825.656250
21.630000    2827.001465
21.640000    2828.285400
21.650000    2829.553711
21.660000    2830.829834
21.670000    2832.038330
21.680000    2833.237061
21.690000    2834.485107
21.700000    2835.705078
21.710000    2836.989502
21.720000    2838.365479
21.730000    2839.627686
21.740000    2840.872559
21.750000    2841.993164
21.760000    2843.132324
21.770000    2844.287109
21.780000    2845.508301
21.790000    2846.768066
21.800000    2847.923828
21.810000    2849.097900
21.820000    2850.354004
21.830000    2851.582275
21.840000    2852.884277
21.850000    2854.232666
21.860000    2855.596191
21.870000    2856.893066
21.880000    2858.150391
21.890000    2859.356201
21.900000    2860.590576
21.910000    2861.879395
21.920000    2863.206299
21.930000    2864.450195
21.940000    2865.709229
21.950000    2867.050049
21.960000    2868.298828
21.970000    2869.635010
21.980000    2870.918701
21.990000    2872.205322
22.000000    2873.447754
22.010000    2874.745361
22.020000    2876.068359
22.030000    2877.333496
22.040000    2878.584473
22.050000    2879.894531
22.060000    2881.177979
22.070000    2882.498291
22.080000    2883.774170
22.090000    2885.053467
22.100000    2886.346680
22.110000    2887.641602
22.120000    2888.947510
22.130000    2890.292969
22.140000    2891.549316
22.150000    2892.827148
22.160000    2894.132080
22.170000    2895.364746
22.180000    2896.702393
22.190000    2898.021729
22.200000    2899.302979
22.210000    2900.554932
22.220000    2901.804932
22.230000    2903.072754
22.240000    2904.309814
22.250000    2905.561035
22.260000    2906.784424
22.270000    2908.048584
22.280000    2909.343994
22.290000    2910.568848
22.300000    2911.755371
22.310000    2912.969971
22.320000    2914.183594
22.330000    2915.423828
22.340000    2916.670654
22.350000    2917.944580
22.360000    2919.207031
22.370000    2920.537354
22.380000    2921.705811
22.390000    2922.978027
22.400000    2924.251221
22.410000    2925.520020
22.420000    2926.817139
22.430000    2928.085205
22.440000    2929.451416
22.450000    2930.782715
22.460000    2932.059082
22.470000    2933.322021
22.480000    2934.626221
22.490000    2935.854248
22.500000    2937.106201
22.510000    2938.349121
22.520000    2939.648193
22.530000    2940.880859
22.540000    2942.112061
22.550000    2943.296387
22.560000    2944.479736
22.570000    2945.700928
22.580000    2946.905273
22.590000    2948.060303
22.600000    2949.359619
22.610000    2950.632324
22.620000    2951.890869
22.630000    2953.192383
22.640000    2954.479004
22.650000    2955.775635
22.660000    2957.093506
22.670000    2958.475098
22.680000    2959.827881
22.690000    2961.239258
22.700000    2962.541748
22.710000    2963.769531
22.720000    2965.040527
22.730000    2966.257080
22.740000    2967.450439
22.750000    2968.633057
22.760000    2969.857666
22.770000    2971.029541
22.780000    2972.233398
22.790000    2973.512695
22.800000    2974.734131
22.810000    2976.020264
22.820000    2977.268555
22.830000    2978.479004
22.840000    2979.722412
22.850000    2980.945068
22.860000    2982.177002
22.870000    2983.440430
22.880000    2984.653809
22.890000    2985.793457
22.900000    2986.965332
22.910000    2988.156250
22.920000    2989.309326
22.930000    2990.482178
22.940000    2991.651611
22.950000    2992.843018
22.960000    2994.023682
22.970000    2995.202881
22.980000    2996.463867
22.990000    2997.734131
23.000000    2998.990234
23.010000    3000.300049
23.020000    3001.552002
23.030000    3002.892822
23.040000    3004.166260
23.050000    3005.394043
23.060000    3006.628906
23.070000    3007.931885
23.080000    3009.169922
23.090000    3010.354736
23.100000    3011.494141
23.110000    3012.549316
23.120000    3013.660889
23.130000    3014.807861
23.140000    3015.890137
23.150000    3016.976807
23.160000    3017.989014
23.170000    3019.052734
23.180000    3020.051758
23.190000    3021.151611
23.200000    3022.199219
23.210000    3023.238281
23.220000    3024.286133
23.230000    3025.302490
23.240000    3026.300781
23.250000    3027.294434
23.260000    3028.261719
23.270000    3029.275879
23.280000    3030.327393
23.290000    3031.333984
23.300000    3032.395508
23.310000    3033.457764
23.320000    3034.453369
23.330000    3035.585693
23.340000    3036.650391
23.350000    3037.819824
23.360000    3038.920898
23.370000    3040.064209
23.380000    3041.195557
23.390000    3042.345459
23.400000    3043.478516
23.410000    3044.599121
23.420000    3045.669189
23.430000    3046.711914
23.440000    3047.812988
23.450000    3048.789795
23.460000    3049.781494
23.470000    3050.808105
23.480000    3051.841797
23.490000    3052.956299
23.500000    3054.083252
23.510000    3055.298584
23.520000    3056.482178
23.530000    3057.596191
23.540000    3058.735596
23.550000    3059.868896
23.560000    3060.993164
23.570000    3062.097900
23.580000    3063.272217
23.590000    3064.510986
23.600000    3065.743408
23.610000    3066.931396
23.620000    3068.026611
23.630000    3069.128906
23.640000    3070.239014
23.650000    3071.379883
23.660000    3072.593750
23.670000    3073.789795
23.680000    3074.915527
23.690000    3076.098145
23.700000    3077.284668
23.710000    3078.462646
23.720000    3079.608887
23.730000    3080.726562
23.740000    3081.785889
23.750000    3082.809814
23.760000    3083.804199
23.770000    3084.878906
23.780000    3085.889404
23.790000    3086.959473
23.800000    3088.019775
23.810000    3089.178711
23.820000    3090.395752
23.830000    3091.535156
23.840000    3092.702393
23.850000    3093.937988
23.860000    3095.049316
23.870000    3096.198242
23.880000    3097.395996
23.890000    3098.640381
23.900000    3099.868652
23.910000    3101.068848
23.920000    3102.292236
23.930000    3103.562988
23.940000    3104.818359
23.950000    3106.148682
23.960000    3107.447510
23.970000    3108.790039
23.980000    3110.043945
23.990000    3111.303955
24.000000    3112.481934
24.010000    3113.651367
24.020000    3114.911865
24.030000    3116.122803
24.040000    3117.322510
24.050000    3118.510010
24.060000    3119.754150
24.070000    3121.073242
24.080000    3122.358398
24.090000    3123.678955
24.100000    3125.020508
24.110000    3126.426758
24.120000    3127.827637
24.130000    3129.223389
24.140000    3130.550049
24.150000    3131.853027
24.160000    3133.213135
24.170000    3134.498779
24.180000    3135.833008
24.190000    3137.095215
24.200000    3138.319092
24.210000    3139.575928
24.220000    3140.819336
24.230000    3142.053223
24.240000    3143.328613
24.250000    3144.526367
24.260000    3145.658447
24.270000    3146.872803
24.280000    3148.137695
24.290000    3149.344482
24.300000    3150.509766
24.310000    3151.627930
24.320000    3152.904541
24.330000    3154.135254
24.340000    3155.372803
24.350000    3156.613525
24.360000    3157.819092
24.370000    3159.049072
24.380000    3160.299072
24.390000    3161.517334
24.400000    3162.775146
24.410000    3163.989746
24.420000    3165.107910
24.430000    3166.228027
24.440000    3167.309814
24.450000    3168.478516
24.460000    3169.519775
24.470000    3170.627930
24.480000    3171.765869
24.490000    3172.891113
24.500000    3174.073975
24.510000    3175.222656
24.520000    3176.381592
24.530000    3177.539307
24.540000    3178.509033
24.550000    3179.591064
24.560000    3180.646240
24.570000    3181.666748
24.580000    3182.716797
24.590000    3183.747070
24.600000    3184.826416
24.610000    3185.809326
24.620000    3186.834961
24.630000    3187.875732
24.640000    3188.840576
24.650000    3189.846191
24.660000    3190.825195
24.670000    3191.755615
24.680000    3192.713135
24.690000    3193.781494
24.700000    3194.832764
24.710000    3195.740479
24.720000    3196.724365
24.730000    3197.689453
24.740000    3198.654785
24.750000    3199.671387
24.760000    3200.680176
24.770000    3201.670654
24.780000    3202.599121
24.790000    3203.531982
24.800000    3204.481445
24.810000    3205.462891
24.820000    3206.444336
24.830000    3207.410156
24.840000    3208.443848
24.850000    3209.461426
24.860000    3210.385254
24.870000    3211.319336
24.880000    3212.302002
24.890000    3213.265381
24.900000    3214.255859
24.910000    3215.292236
24.920000    3216.296387
24.930000    3217.209717
24.940000    3218.134277
24.950000    3219.096924
24.960000    3219.983887
24.970000    3220.975586
24.980000    3221.943604
24.990000    3223.085938
