#  t (ns) MSD (A^2) D = 2.5173e-06 1.51e-08 cm^2/s nu = 8.6461e-01 1.18e-03
0.000000    -0.000497
0.010000    18.554480
0.020000    30.607161
0.030000    40.663948
0.040000    49.595264
0.050000    57.736511
0.060000    65.225136
0.070000    72.238167
0.080000    78.877075
0.090000    85.152191
0.100000    91.217262
0.110000    96.959999
0.120000    102.490891
0.130000    107.751549
0.140000    112.870110
0.150000    117.868187
0.160000    122.683983
0.170000    127.422623
0.180000    132.016388
0.190000    136.529816
0.200000    140.840134
0.210000    145.116104
0.220000    149.371780
0.230000    153.452515
0.240000    157.502014
0.250000    161.505066
0.260000    165.402466
0.270000    169.307236
0.280000    173.163040
0.290000    176.985916
0.300000    180.803955
0.310000    184.497482
0.320000    188.210754
0.330000    191.890839
0.340000    195.564011
0.350000    199.192307
0.360000    202.762100
0.370000    206.352142
0.380000    209.848953
0.390000    213.300354
0.400000    216.665756
0.410000    220.060455
0.420000    223.467407
0.430000    226.768173
0.440000    230.057983
0.450000    233.299042
0.460000    236.517380
0.470000    239.630997
0.480000    242.662445
0.490000    245.682877
0.500000    248.709091
0.510000    251.665970
0.520000    254.721802
0.530000    257.716309
0.540000    260.678192
0.550000    263.565887
0.560000    266.426178
0.570000    269.327545
0.580000    272.202362
0.590000    275.179626
0.600000    278.066010
0.610000    280.924561
0.620000    283.745911
0.630000    286.600037
0.640000    289.436768
0.650000    292.290192
0.660000    295.066650
0.670000    297.808319
0.680000    300.530426
0.690000    303.320709
0.700000    306.149353
0.710000    308.899323
0.720000    311.693176
0.730000    314.562592
0.740000    317.334137
0.750000    320.078918
0.760000    322.838348
0.770000    325.506439
0.780000    328.165405
0.790000    330.853912
0.800000    333.505280
0.810000    336.131989
0.820000    338.794647
0.830000    341.486908
0.840000    344.111023
0.850000    346.735962
0.860000    349.316528
0.870000    351.947113
0.880000    354.502319
0.890000    357.100739
0.900000    359.720184
0.910000    362.295532
0.920000    364.749146
0.930000    367.242676
0.940000    369.722595
0.950000    372.217285
0.960000    374.719025
0.970000    377.223969
0.980000    379.658691
0.990000    382.034210
1.000000    384.474976
1.010000    386.872498
1.020000    389.307312
1.030000    391.698914
1.040000    394.084137
1.050000    396.420105
1.060000    398.820312
1.070000    401.108582
1.080000    403.380829
1.090000    405.666412
1.100000    408.026184
1.110000    410.380463
1.120000    412.617004
1.130000    414.881317
1.140000    417.107666
1.150000    419.345123
1.160000    421.681305
1.170000    423.970886
1.180000    426.347656
1.190000    428.708710
1.200000    431.000427
1.210000    433.255737
1.220000    435.567627
1.230000    437.801361
1.240000    440.027832
1.250000    442.303375
1.260000    444.555817
1.270000    446.789673
1.280000    448.967224
1.290000    451.139465
1.300000    453.349976
1.310000    455.552429
1.320000    457.772644
1.330000    460.013428
1.340000    462.233826
1.350000    464.474182
1.360000    466.665558
1.370000    468.833160
1.380000    471.061554
1.390000    473.307220
1.400000    475.546448
1.410000    477.739288
1.420000    479.967438
1.430000    482.170868
1.440000    484.427612
1.450000    486.688782
1.460000    488.882843
1.470000    491.184418
1.480000    493.332947
1.490000    495.563751
1.500000    497.709778
1.510000    499.889862
1.520000    502.061737
1.530000    504.217255
1.540000    506.348938
1.550000    508.414978
1.560000    510.531982
1.570000    512.611511
1.580000    514.691162
1.590000    516.803223
1.600000    518.933411
1.610000    521.099792
1.620000    523.152893
1.630000    525.189453
1.640000    527.278931
1.650000    529.371155
1.660000    531.467773
1.670000    533.581177
1.680000    535.695496
1.690000    537.798767
1.700000    539.914185
1.710000    542.044434
1.720000    544.076355
1.730000    546.134460
1.740000    548.234436
1.750000    550.314941
1.760000    552.451904
1.770000    554.506165
1.780000    556.466370
1.790000    558.541443
1.800000    560.560181
1.810000    562.623230
1.820000    564.765991
1.830000    566.894043
1.840000    569.040955
1.850000    571.197571
1.860000    573.372559
1.870000    575.427795
1.880000    577.504517
1.890000    579.599976
1.900000    581.713318
1.910000    583.866272
1.920000    585.970886
1.930000    588.113464
1.940000    590.233276
1.950000    592.291626
1.960000    594.341125
1.970000    596.419434
1.980000    598.424316
1.990000    600.464539
2.000000    602.437622
2.010000    604.396606
2.020000    606.441711
2.030000    608.499390
2.040000    610.528625
2.050000    612.558716
2.060000    614.604675
2.070000    616.687439
2.080000    618.739624
2.090000    620.816589
2.100000    622.833679
2.110000    624.821167
2.120000    626.761597
2.130000    628.806213
2.140000    630.874939
2.150000    633.002380
2.160000    635.100037
2.170000    637.144958
2.180000    639.185852
2.190000    641.281738
2.200000    643.300720
2.210000    645.315247
2.220000    647.231812
2.230000    649.182007
2.240000    651.111145
2.250000    653.006409
2.260000    654.993652
2.270000    656.959534
2.280000    658.900574
2.290000    660.893188
2.300000    662.861206
2.310000    664.804016
2.320000    666.696960
2.330000    668.637390
2.340000    670.502136
2.350000    672.376953
2.360000    674.292236
2.370000    676.215149
2.380000    678.127014
2.390000    680.051941
2.400000    681.859497
2.410000    683.690002
2.420000    685.581238
2.430000    687.478271
2.440000    689.399902
2.450000    691.280212
2.460000    693.182739
2.470000    695.046448
2.480000    696.913391
2.490000    698.793152
2.500000    700.581482
2.510000    702.407227
2.520000    704.222717
2.530000    706.022522
2.540000    707.881653
2.550000    709.680237
2.560000    711.398071
2.570000    713.117310
2.580000    714.889282
2.590000    716.667175
2.600000    718.371948
2.610000    720.084839
2.620000    721.816162
2.630000    723.538086
2.640000    725.299561
2.650000    727.105591
2.660000    728.856018
2.670000    730.744141
2.680000    732.673035
2.690000    734.514221
2.700000    736.367004
2.710000    738.236206
2.720000    740.184509
2.730000    742.061951
2.740000    743.926636
2.750000    745.677795
2.760000    747.440308
2.770000    749.109009
2.780000    750.758423
2.790000    752.493286
2.800000    754.290100
2.810000    756.041687
2.820000    757.823608
2.830000    759.652222
2.840000    761.406433
2.850000    763.155945
2.860000    764.914551
2.870000    766.640015
2.880000    768.398743
2.890000    770.112061
2.900000    771.782288
2.910000    773.530823
2.920000    775.203430
2.930000    776.823914
2.940000    778.528931
2.950000    780.231628
2.960000    782.024902
2.970000    783.787964
2.980000    785.561157
2.990000    787.320190
3.000000    789.166077
3.010000    790.891785
3.020000    792.703918
3.030000    794.441223
3.040000    796.265198
3.050000    798.102539
3.060000    799.834229
3.070000    801.567688
3.080000    803.382874
3.090000    805.125000
3.100000    806.845825
3.110000    808.633484
3.120000    810.398438
3.130000    812.130676
3.140000    813.857056
3.150000    815.509155
3.160000    817.130310
3.170000    818.825439
3.180000    820.560486
3.190000    822.301514
3.200000    824.023682
3.210000    825.783569
3.220000    827.605591
3.230000    829.416321
3.240000    831.188110
3.250000    832.972107
3.260000    834.792725
3.270000    836.592163
3.280000    838.344238
3.290000    840.132751
3.300000    841.992310
3.310000    843.861450
3.320000    845.648376
3.330000    847.448914
3.340000    849.254883
3.350000    851.093872
3.360000    852.886414
3.370000    854.624084
3.380000    856.386414
3.390000    858.189209
3.400000    860.011230
3.410000    861.818115
3.420000    863.707153
3.430000    865.568176
3.440000    867.409607
3.450000    869.248962
3.460000    871.124878
3.470000    873.000183
3.480000    874.886536
3.490000    876.697815
3.500000    878.505920
3.510000    880.284790
3.520000    882.127258
3.530000    883.935486
3.540000    885.823364
3.550000    887.660706
3.560000    889.480896
3.570000    891.368713
3.580000    893.203064
3.590000    895.033569
3.600000    896.801453
3.610000    898.541443
3.620000    900.388489
3.630000    902.263977
3.640000    904.093018
3.650000    905.859314
3.660000    907.586792
3.670000    909.315979
3.680000    911.150513
3.690000    912.905273
3.700000    914.729065
3.710000    916.563843
3.720000    918.398560
3.730000    920.264099
3.740000    922.121826
3.750000    923.996460
3.760000    925.852966
3.770000    927.661682
3.780000    929.447693
3.790000    931.261902
3.800000    933.077026
3.810000    934.914307
3.820000    936.722778
3.830000    938.575623
3.840000    940.397278
3.850000    942.262939
3.860000    944.067383
3.870000    945.765198
3.880000    947.579834
3.890000    949.336670
3.900000    951.081848
3.910000    952.877258
3.920000    954.663574
3.930000    956.444092
3.940000    958.171204
3.950000    959.807495
3.960000    961.501343
3.970000    963.225647
3.980000    964.938721
3.990000    966.632507
4.000000    968.402832
4.010000    970.089050
4.020000    971.833740
4.030000    973.573914
4.040000    975.349060
4.050000    977.154907
4.060000    978.983276
4.070000    980.766296
4.080000    982.417053
4.090000    984.097778
4.100000    985.796387
4.110000    987.550110
4.120000    989.340942
4.130000    991.110352
4.140000    992.819153
4.150000    994.549011
4.160000    996.247620
4.170000    997.932129
4.180000    999.609924
4.190000    1001.321533
4.200000    1003.003479
4.210000    1004.740601
4.220000    1006.417725
4.230000    1008.127136
4.240000    1009.766602
4.250000    1011.497375
4.260000    1013.184509
4.270000    1014.902954
4.280000    1016.556824
4.290000    1018.170654
4.300000    1019.871216
4.310000    1021.628296
4.320000    1023.365845
4.330000    1025.052124
4.340000    1026.720459
4.350000    1028.462036
4.360000    1030.146729
4.370000    1031.772705
4.380000    1033.369019
4.390000    1034.981812
4.400000    1036.670410
4.410000    1038.309082
4.420000    1039.887207
4.430000    1041.567261
4.440000    1043.161133
4.450000    1044.718140
4.460000    1046.324951
4.470000    1047.940674
4.480000    1049.510254
4.490000    1051.097412
4.500000    1052.750854
4.510000    1054.251343
4.520000    1055.863037
4.530000    1057.462036
4.540000    1059.067627
4.550000    1060.647461
4.560000    1062.224487
4.570000    1063.834595
4.580000    1065.511963
4.590000    1067.214844
4.600000    1068.870605
4.610000    1070.565552
4.620000    1072.193604
4.630000    1073.790527
4.640000    1075.401123
4.650000    1077.082397
4.660000    1078.686890
4.670000    1080.339722
4.680000    1082.006470
4.690000    1083.631592
4.700000    1085.247925
4.710000    1086.873169
4.720000    1088.512451
4.730000    1090.163696
4.740000    1091.685913
4.750000    1093.236450
4.760000    1094.798340
4.770000    1096.326416
4.780000    1097.902100
4.790000    1099.472778
4.800000    1101.053955
4.810000    1102.670654
4.820000    1104.332275
4.830000    1106.000977
4.840000    1107.709351
4.850000    1109.298706
4.860000    1110.879517
4.870000    1112.501953
4.880000    1114.053467
4.890000    1115.620239
4.900000    1117.226196
4.910000    1118.798218
4.920000    1120.454224
4.930000    1122.172974
4.940000    1123.895264
4.950000    1125.577026
4.960000    1127.244751
4.970000    1128.850586
4.980000    1130.480225
4.990000    1132.146606
5.000000    1133.764404
5.010000    1135.385986
5.020000    1137.027832
5.030000    1138.673462
5.040000    1140.296997
5.050000    1141.841309
5.060000    1143.425049
5.070000    1144.954224
5.080000    1146.571899
5.090000    1148.228027
5.100000    1149.930420
5.110000    1151.634644
5.120000    1153.319092
5.130000    1154.991211
5.140000    1156.641602
5.150000    1158.253662
5.160000    1159.849854
5.170000    1161.436523
5.180000    1163.033447
5.190000    1164.744629
5.200000    1166.410400
5.210000    1168.059570
5.220000    1169.745850
5.230000    1171.419189
5.240000    1173.108154
5.250000    1174.842529
5.260000    1176.489746
5.270000    1178.149414
5.280000    1179.886597
5.290000    1181.599976
5.300000    1183.268921
5.310000    1184.939697
5.320000    1186.586304
5.330000    1188.267456
5.340000    1189.910400
5.350000    1191.533325
5.360000    1193.155762
5.370000    1194.780762
5.380000    1196.373779
5.390000    1198.018066
5.400000    1199.557495
5.410000    1201.182373
5.420000    1202.851318
5.430000    1204.503174
5.440000    1206.065674
5.450000    1207.702759
5.460000    1209.464233
5.470000    1211.177246
5.480000    1212.846680
5.490000    1214.537720
5.500000    1216.274292
5.510000    1217.933838
5.520000    1219.530518
5.530000    1221.165405
5.540000    1222.768799
5.550000    1224.358521
5.560000    1225.933716
5.570000    1227.550659
5.580000    1229.154175
5.590000    1230.798828
5.600000    1232.418335
5.610000    1233.995117
5.620000    1235.586670
5.630000    1237.193726
5.640000    1238.722412
5.650000    1240.182129
5.660000    1241.764282
5.670000    1243.405884
5.680000    1244.967896
5.690000    1246.496826
5.700000    1248.098389
5.710000    1249.677979
5.720000    1251.173950
5.730000    1252.646606
5.740000    1254.186035
5.750000    1255.741821
5.760000    1257.261475
5.770000    1258.799072
5.780000    1260.347534
5.790000    1261.851196
5.800000    1263.396973
5.810000    1265.020996
5.820000    1266.666992
5.830000    1268.317505
5.840000    1269.950928
5.850000    1271.588501
5.860000    1273.170898
5.870000    1274.758057
5.880000    1276.264648
5.890000    1277.760620
5.900000    1279.317749
5.910000    1280.867920
5.920000    1282.378784
5.930000    1283.881836
5.940000    1285.379639
5.950000    1286.873413
5.960000    1288.350708
5.970000    1289.884888
5.980000    1291.358276
5.990000    1292.799927
6.000000    1294.362793
6.010000    1295.913086
6.020000    1297.441040
6.030000    1298.958252
6.040000    1300.552734
6.050000    1302.155029
6.060000    1303.801147
6.070000    1305.368896
6.080000    1306.955933
6.090000    1308.525269
6.100000    1310.064697
6.110000    1311.655029
6.120000    1313.271240
6.130000    1314.893921
6.140000    1316.596558
6.150000    1318.309570
6.160000    1320.072998
6.170000    1321.717651
6.180000    1323.310669
6.190000    1324.957764
6.200000    1326.584351
6.210000    1328.165405
6.220000    1329.703735
6.230000    1331.270508
6.240000    1332.866211
6.250000    1334.521484
6.260000    1336.180054
6.270000    1337.823608
6.280000    1339.398071
6.290000    1341.035522
6.300000    1342.669434
6.310000    1344.339233
6.320000    1345.974609
6.330000    1347.614502
6.340000    1349.304810
6.350000    1350.947021
6.360000    1352.601074
6.370000    1354.260742
6.380000    1355.943604
6.390000    1357.610107
6.400000    1359.334473
6.410000    1361.042358
6.420000    1362.777710
6.430000    1364.477905
6.440000    1366.234131
6.450000    1368.050903
6.460000    1369.834961
6.470000    1371.670654
6.480000    1373.438232
6.490000    1375.164917
6.500000    1376.847900
6.510000    1378.551636
6.520000    1380.207764
6.530000    1381.847290
6.540000    1383.565186
6.550000    1385.266235
6.560000    1386.986694
6.570000    1388.735840
6.580000    1390.459839
6.590000    1392.133057
6.600000    1393.802612
6.610000    1395.448486
6.620000    1397.154297
6.630000    1398.902344
6.640000    1400.582764
6.650000    1402.294189
6.660000    1404.074707
6.670000    1405.826660
6.680000    1407.472168
6.690000    1409.201660
6.700000    1410.817871
6.710000    1412.472900
6.720000    1414.133301
6.730000    1415.800171
6.740000    1417.427368
6.750000    1419.064819
6.760000    1420.766968
6.770000    1422.446045
6.780000    1424.143311
6.790000    1425.920410
6.800000    1427.585449
6.810000    1429.194702
6.820000    1430.834229
6.830000    1432.437866
6.840000    1434.030640
6.850000    1435.707031
6.860000    1437.382202
6.870000    1439.051880
6.880000    1440.609253
6.890000    1442.174316
6.900000    1443.755493
6.910000    1445.369995
6.920000    1446.961548
6.930000    1448.465454
6.940000    1450.041626
6.950000    1451.684814
6.960000    1453.332397
6.970000    1454.923706
6.980000    1456.533325
6.990000    1458.109863
7.000000    1459.743896
7.010000    1461.391479
7.020000    1463.079468
7.030000    1464.756470
7.040000    1466.467896
7.050000    1468.215210
7.060000    1469.964478
7.070000    1471.637817
7.080000    1473.353394
7.090000    1475.081665
7.100000    1476.779175
7.110000    1478.498413
7.120000    1480.265869
7.130000    1482.050049
7.140000    1483.797485
7.150000    1485.498047
7.160000    1487.163818
7.170000    1488.933350
7.180000    1490.729004
7.190000    1492.491821
7.200000    1494.247803
7.210000    1496.028442
7.220000    1497.878052
7.230000    1499.708862
7.240000    1501.419922
7.250000    1503.145752
7.260000    1504.831055
7.270000    1506.506470
7.280000    1508.207031
7.290000    1509.899292
7.300000    1511.652588
7.310000    1513.334595
7.320000    1514.991455
7.330000    1516.625122
7.340000    1518.204590
7.350000    1519.791016
7.360000    1521.343262
7.370000    1522.884766
7.380000    1524.441772
7.390000    1526.064941
7.400000    1527.604736
7.410000    1529.152466
7.420000    1530.792847
7.430000    1532.508545
7.440000    1534.231079
7.450000    1535.844482
7.460000    1537.471558
7.470000    1539.168213
7.480000    1540.745483
7.490000    1542.425171
7.500000    1544.157959
7.510000    1545.796875
7.520000    1547.354370
7.530000    1548.980713
7.540000    1550.535645
7.550000    1552.145142
7.560000    1553.757568
7.570000    1555.442505
7.580000    1557.054932
7.590000    1558.755249
7.600000    1560.444092
7.610000    1562.156006
7.620000    1563.876953
7.630000    1565.555054
7.640000    1567.203979
7.650000    1568.947144
7.660000    1570.616577
7.670000    1572.228027
7.680000    1573.904419
7.690000    1575.596680
7.700000    1577.262573
7.710000    1578.893311
7.720000    1580.611450
7.730000    1582.359009
7.740000    1584.060669
7.750000    1585.793335
7.760000    1587.491577
7.770000    1589.239014
7.780000    1590.956665
7.790000    1592.615845
7.800000    1594.244385
7.810000    1595.929199
7.820000    1597.499878
7.830000    1599.155640
7.840000    1600.755737
7.850000    1602.414429
7.860000    1604.105103
7.870000    1605.786377
7.880000    1607.498291
7.890000    1609.146484
7.900000    1610.746948
7.910000    1612.339722
7.920000    1613.988647
7.930000    1615.642578
7.940000    1617.272461
7.950000    1618.916748
7.960000    1620.494629
7.970000    1622.106689
7.980000    1623.754150
7.990000    1625.350952
8.000000    1626.897095
8.010000    1628.488525
8.020000    1630.097900
8.030000    1631.643433
8.040000    1633.278320
8.050000    1634.882202
8.060000    1636.466675
8.070000    1638.085693
8.080000    1639.696289
8.090000    1641.302979
8.100000    1642.924683
8.110000    1644.588867
8.120000    1646.229004
8.130000    1647.936279
8.140000    1649.628296
8.150000    1651.363647
8.160000    1653.047729
8.170000    1654.798340
8.180000    1656.631714
8.190000    1658.382080
8.200000    1660.122803
8.210000    1661.805786
8.220000    1663.547241
8.230000    1665.366089
8.240000    1667.100342
8.250000    1668.957764
8.260000    1670.767334
8.270000    1672.587280
8.280000    1674.361206
8.290000    1676.223145
8.300000    1678.001587
8.310000    1679.714844
8.320000    1681.480347
8.330000    1683.225098
8.340000    1684.991333
8.350000    1686.707642
8.360000    1688.401611
8.370000    1690.075073
8.380000    1691.725830
8.390000    1693.353760
8.400000    1695.012329
8.410000    1696.661865
8.420000    1698.242676
8.430000    1699.837891
8.440000    1701.504150
8.450000    1703.112061
8.460000    1704.739990
8.470000    1706.288696
8.480000    1707.871094
8.490000    1709.378662
8.500000    1710.926270
8.510000    1712.444214
8.520000    1713.997192
8.530000    1715.524414
8.540000    1717.059692
8.550000    1718.570068
8.560000    1720.147583
8.570000    1721.706787
8.580000    1723.333740
8.590000    1724.931396
8.600000    1726.498047
8.610000    1728.069824
8.620000    1729.665771
8.630000    1731.298096
8.640000    1732.847900
8.650000    1734.434448
8.660000    1736.104004
8.670000    1737.748901
8.680000    1739.436279
8.690000    1741.067017
8.700000    1742.751587
8.710000    1744.343628
8.720000    1745.987427
8.730000    1747.603516
8.740000    1749.294556
8.750000    1750.935181
8.760000    1752.763916
8.770000    1754.409058
8.780000    1756.024536
8.790000    1757.623779
8.800000    1759.347534
8.810000    1761.047363
8.820000    1762.886475
8.830000    1764.622925
8.840000    1766.396851
8.850000    1768.062378
8.860000    1769.694824
8.870000    1771.335205
8.880000    1772.982056
8.890000    1774.694092
8.900000    1776.467285
8.910000    1778.262329
8.920000    1780.025879
8.930000    1781.777588
8.940000    1783.489258
8.950000    1785.211060
8.960000    1786.968628
8.970000    1788.714844
8.980000    1790.493164
8.990000    1792.233276
9.000000    1793.966919
9.010000    1795.705444
9.020000    1797.423950
9.030000    1799.179077
9.040000    1800.956787
9.050000    1802.643799
9.060000    1804.309082
9.070000    1806.027466
9.080000    1807.768921
9.090000    1809.515137
9.100000    1811.344482
9.110000    1813.127075
9.120000    1814.946289
9.130000    1816.843994
9.140000    1818.614624
9.150000    1820.385254
9.160000    1822.152588
9.170000    1823.918213
9.180000    1825.659912
9.190000    1827.432495
9.200000    1829.169434
9.210000    1830.864868
9.220000    1832.541260
9.230000    1834.162964
9.240000    1835.879517
9.250000    1837.690308
9.260000    1839.394897
9.270000    1841.086914
9.280000    1842.750854
9.290000    1844.366089
9.300000    1845.988892
9.310000    1847.623291
9.320000    1849.294189
9.330000    1850.947388
9.340000    1852.612061
9.350000    1854.289673
9.360000    1856.000366
9.370000    1857.781616
9.380000    1859.523193
9.390000    1861.245117
9.400000    1862.951904
9.410000    1864.580933
9.420000    1866.231201
9.430000    1867.956909
9.440000    1869.609375
9.450000    1871.235107
9.460000    1872.904175
9.470000    1874.632446
9.480000    1876.370117
9.490000    1878.041016
9.500000    1879.709961
9.510000    1881.335815
9.520000    1882.950806
9.530000    1884.596191
9.540000    1886.318481
9.550000    1887.996338
9.560000    1889.691650
9.570000    1891.449951
9.580000    1893.209595
9.590000    1894.968018
9.600000    1896.729614
9.610000    1898.494019
9.620000    1900.224487
9.630000    1901.911743
9.640000    1903.611694
9.650000    1905.400024
9.660000    1907.112305
9.670000    1908.858398
9.680000    1910.542480
9.690000    1912.294556
9.700000    1913.971680
9.710000    1915.680420
9.720000    1917.395020
9.730000    1919.105957
9.740000    1920.769531
9.750000    1922.445679
9.760000    1924.106323
9.770000    1925.816162
9.780000    1927.612305
9.790000    1929.490234
9.800000    1931.307007
9.810000    1933.072998
9.820000    1934.827515
9.830000    1936.690552
9.840000    1938.532837
9.850000    1940.354126
9.860000    1942.122803
9.870000    1943.858398
9.880000    1945.571899
9.890000    1947.286865
9.900000    1949.035034
9.910000    1950.786255
9.920000    1952.608398
9.930000    1954.307983
9.940000    1955.992310
9.950000    1957.680664
9.960000    1959.384399
9.970000    1961.201416
9.980000    1962.930664
9.990000    1964.655396
10.000000    1966.422241
10.010000    1968.202271
10.020000    1969.918579
10.030000    1971.539429
10.040000    1973.114746
10.050000    1974.862061
10.060000    1976.614258
10.070000    1978.245239
10.080000    1979.854736
10.090000    1981.511719
10.100000    1983.168945
10.110000    1984.816650
10.120000    1986.423340
10.130000    1988.023315
10.140000    1989.577271
10.150000    1991.138550
10.160000    1992.682251
10.170000    1994.157959
10.180000    1995.641968
10.190000    1997.134644
10.200000    1998.637207
10.210000    2000.054077
10.220000    2001.571167
10.230000    2003.042603
10.240000    2004.560425
10.250000    2006.066406
10.260000    2007.581299
10.270000    2008.988892
10.280000    2010.439575
10.290000    2011.965454
10.300000    2013.547363
10.310000    2015.104492
10.320000    2016.636475
10.330000    2018.175659
10.340000    2019.731934
10.350000    2021.121582
10.360000    2022.526367
10.370000    2023.936523
10.380000    2025.384888
10.390000    2026.864014
10.400000    2028.362793
10.410000    2029.859009
10.420000    2031.426880
10.430000    2032.925659
10.440000    2034.406860
10.450000    2035.939453
10.460000    2037.486328
10.470000    2039.006592
10.480000    2040.468628
10.490000    2041.923706
10.500000    2043.449097
10.510000    2044.920776
10.520000    2046.426880
10.530000    2047.855591
10.540000    2049.247559
10.550000    2050.766602
10.560000    2052.217773
10.570000    2053.710938
10.580000    2055.148926
10.590000    2056.616699
10.600000    2058.113770
10.610000    2059.609619
10.620000    2061.099609
10.630000    2062.617920
10.640000    2064.130127
10.650000    2065.678467
10.660000    2067.220703
10.670000    2068.841553
10.680000    2070.414551
10.690000    2072.008789
10.700000    2073.598389
10.710000    2075.177490
10.720000    2076.726318
10.730000    2078.347656
10.740000    2079.965820
10.750000    2081.522949
10.760000    2083.065674
10.770000    2084.687256
10.780000    2086.336914
10.790000    2087.934814
10.800000    2089.504150
10.810000    2091.011719
10.820000    2092.581543
10.830000    2094.118896
10.840000    2095.718018
10.850000    2097.284912
10.860000    2098.884033
10.870000    2100.451172
10.880000    2102.047852
10.890000    2103.659180
10.900000    2105.266846
10.910000    2106.876465
10.920000    2108.471680
10.930000    2110.035400
10.940000    2111.665283
10.950000    2113.282959
10.960000    2114.876221
10.970000    2116.580322
10.980000    2118.225342
10.990000    2119.872070
11.000000    2121.520508
11.010000    2123.158936
11.020000    2124.730957
11.030000    2126.312744
11.040000    2127.912842
11.050000    2129.561035
11.060000    2131.120361
11.070000    2132.625732
11.080000    2134.162354
11.090000    2135.634033
11.100000    2137.147705
11.110000    2138.712891
11.120000    2140.271484
11.130000    2141.790283
11.140000    2143.306396
11.150000    2144.905518
11.160000    2146.513184
11.170000    2148.004150
11.180000    2149.527100
11.190000    2151.094238
11.200000    2152.635254
11.210000    2154.042725
11.220000    2155.579346
11.230000    2157.015137
11.240000    2158.540527
11.250000    2160.042236
11.260000    2161.510498
11.270000    2162.978271
11.280000    2164.500244
11.290000    2166.063232
11.300000    2167.555420
11.310000    2168.964111
11.320000    2170.352051
11.330000    2171.702637
11.340000    2173.139160
11.350000    2174.580078
11.360000    2176.107666
11.370000    2177.658447
11.380000    2179.192871
11.390000    2180.770264
11.400000    2182.313721
11.410000    2183.741211
11.420000    2185.150635
11.430000    2186.704834
11.440000    2188.174072
11.450000    2189.715332
11.460000    2191.192871
11.470000    2192.728760
11.480000    2194.242920
11.490000    2195.780273
11.500000    2197.273926
11.510000    2198.815674
11.520000    2200.428223
11.530000    2201.977295
11.540000    2203.591309
11.550000    2205.233887
11.560000    2206.764404
11.570000    2208.370117
11.580000    2209.932617
11.590000    2211.573975
11.600000    2213.207275
11.610000    2214.802734
11.620000    2216.394287
11.630000    2218.050781
11.640000    2219.812744
11.650000    2221.478516
11.660000    2223.199463
11.670000    2224.890381
11.680000    2226.594482
11.690000    2228.292236
11.700000    2229.965088
11.710000    2231.662109
11.720000    2233.385742
11.730000    2235.020752
11.740000    2236.641357
11.750000    2238.381104
11.760000    2239.942871
11.770000    2241.587891
11.780000    2243.337158
11.790000    2245.041992
11.800000    2246.723145
11.810000    2248.447998
11.820000    2250.072266
11.830000    2251.783691
11.840000    2253.559814
11.850000    2255.309326
11.860000    2256.979980
11.870000    2258.671631
11.880000    2260.396240
11.890000    2262.115234
11.900000    2263.713135
11.910000    2265.356934
11.920000    2266.950439
11.930000    2268.513428
11.940000    2270.112061
11.950000    2271.657959
11.960000    2273.229004
11.970000    2274.821533
11.980000    2276.393066
11.990000    2277.926270
12.000000    2279.586426
12.010000    2281.107178
12.020000    2282.606689
12.030000    2284.208496
12.040000    2285.897949
12.050000    2287.720215
12.060000    2289.520996
12.070000    2291.141113
12.080000    2292.793701
12.090000    2294.552490
12.100000    2296.220947
12.110000    2297.892578
12.120000    2299.568848
12.130000    2301.161133
12.140000    2302.825439
12.150000    2304.484863
12.160000    2306.158203
12.170000    2307.784180
12.180000    2309.402588
12.190000    2310.947510
12.200000    2312.439697
12.210000    2313.986328
12.220000    2315.463379
12.230000    2317.049805
12.240000    2318.606201
12.250000    2320.075928
12.260000    2321.695312
12.270000    2323.208008
12.280000    2324.707764
12.290000    2326.197510
12.300000    2327.693604
12.310000    2329.152344
12.320000    2330.688965
12.330000    2332.356689
12.340000    2333.979004
12.350000    2335.563965
12.360000    2337.191895
12.370000    2338.761963
12.380000    2340.254395
12.390000    2341.762207
12.400000    2343.270020
12.410000    2344.798584
12.420000    2346.372803
12.430000    2347.876709
12.440000    2349.340820
12.450000    2350.892578
12.460000    2352.367676
12.470000    2353.929199
12.480000    2355.495850
12.490000    2357.132080
12.500000    2358.722412
12.510000    2360.313721
12.520000    2361.945312
12.530000    2363.584961
12.540000    2365.242188
12.550000    2366.803467
12.560000    2368.357422
12.570000    2369.951904
12.580000    2371.582275
12.590000    2373.196045
12.600000    2374.747559
12.610000    2376.283203
12.620000    2377.739258
12.630000    2379.240234
12.640000    2380.812012
12.650000    2382.369141
12.660000    2384.024414
12.670000    2385.677246
12.680000    2387.296387
12.690000    2388.898682
12.700000    2390.555176
12.710000    2392.177734
12.720000    2393.708008
12.730000    2395.276855
12.740000    2396.920898
12.750000    2398.653076
12.760000    2400.357422
12.770000    2401.999756
12.780000    2403.594971
12.790000    2405.208740
12.800000    2406.804443
12.810000    2408.371582
12.820000    2410.013428
12.830000    2411.573486
12.840000    2413.141602
12.850000    2414.706787
12.860000    2416.241455
12.870000    2417.787109
12.880000    2419.305664
12.890000    2420.857910
12.900000    2422.473389
12.910000    2424.143311
12.920000    2425.765381
12.930000    2427.376465
12.940000    2428.921631
12.950000    2430.446533
12.960000    2431.880859
12.970000    2433.279053
12.980000    2434.794678
12.990000    2436.240967
13.000000    2437.648926
13.010000    2439.072998
13.020000    2440.468506
13.030000    2441.962402
13.040000    2443.289062
13.050000    2444.681641
13.060000    2445.941406
13.070000    2447.278076
13.080000    2448.661133
13.090000    2450.002930
13.100000    2451.294189
13.110000    2452.627930
13.120000    2453.992676
13.130000    2455.375977
13.140000    2456.792236
13.150000    2458.179443
13.160000    2459.505615
13.170000    2460.799072
13.180000    2462.130859
13.190000    2463.393066
13.200000    2464.677979
13.210000    2466.063232
13.220000    2467.358643
13.230000    2468.697510
13.240000    2470.007812
13.250000    2471.390869
13.260000    2472.737061
13.270000    2474.093018
13.280000    2475.403564
13.290000    2476.710693
13.300000    2478.077637
13.310000    2479.410400
13.320000    2480.751465
13.330000    2482.083496
13.340000    2483.389160
13.350000    2484.680176
13.360000    2485.969971
13.370000    2487.235107
13.380000    2488.506592
13.390000    2489.795166
13.400000    2491.004395
13.410000    2492.255859
13.420000    2493.485352
13.430000    2494.793457
13.440000    2496.049072
13.450000    2497.177979
13.460000    2498.352295
13.470000    2499.547607
13.480000    2500.726318
13.490000    2501.907227
13.500000    2503.052979
13.510000    2504.259521
13.520000    2505.588135
13.530000    2506.794678
13.540000    2508.072021
13.550000    2509.275146
13.560000    2510.437256
13.570000    2511.583740
13.580000    2512.816406
13.590000    2513.993408
13.600000    2515.243652
13.610000    2516.476807
13.620000    2517.863281
13.630000    2519.130615
13.640000    2520.398926
13.650000    2521.626221
13.660000    2522.933350
13.670000    2524.249756
13.680000    2525.523193
13.690000    2526.816895
13.700000    2528.137451
13.710000    2529.426514
13.720000    2530.590088
13.730000    2531.713867
13.740000    2532.892822
13.750000    2534.096191
13.760000    2535.228271
13.770000    2536.405762
13.780000    2537.621094
13.790000    2538.805664
13.800000    2540.052734
13.810000    2541.448486
13.820000    2542.652100
13.830000    2543.991943
13.840000    2545.359619
13.850000    2546.717529
13.860000    2547.955322
13.870000    2549.221191
13.880000    2550.719238
13.890000    2552.090332
13.900000    2553.437988
13.910000    2554.747559
13.920000    2556.090088
13.930000    2557.500244
13.940000    2558.846924
13.950000    2560.225098
13.960000    2561.647217
13.970000    2562.972656
13.980000    2564.293945
13.990000    2565.650391
14.000000    2567.023926
14.010000    2568.298340
14.020000    2569.684082
14.030000    2571.066406
14.040000    2572.407959
14.050000    2573.731445
14.060000    2575.001953
14.070000    2576.423096
14.080000    2577.750977
14.090000    2579.169678
14.100000    2580.557617
14.110000    2581.980713
14.120000    2583.361084
14.130000    2584.749512
14.140000    2586.223633
14.150000    2587.694092
14.160000    2589.209229
14.170000    2590.689697
14.180000    2592.120361
14.190000    2593.539307
14.200000    2595.012939
14.210000    2596.415283
14.220000    2597.794434
14.230000    2599.194092
14.240000    2600.606445
14.250000    2601.968018
14.260000    2603.377197
14.270000    2604.737061
14.280000    2606.068115
14.290000    2607.461426
14.300000    2608.878662
14.310000    2610.243896
14.320000    2611.721680
14.330000    2613.071289
14.340000    2614.466309
14.350000    2615.773926
14.360000    2617.170166
14.370000    2618.507812
14.380000    2619.821045
14.390000    2621.156006
14.400000    2622.440674
14.410000    2623.817139
14.420000    2625.175781
14.430000    2626.495361
14.440000    2627.853516
14.450000    2629.291992
14.460000    2630.726807
14.470000    2632.145264
14.480000    2633.621094
14.490000    2635.118408
14.500000    2636.608154
14.510000    2638.133545
14.520000    2639.686279
14.530000    2641.178711
14.540000    2642.634277
14.550000    2644.053711
14.560000    2645.520020
14.570000    2647.034912
14.580000    2648.485840
14.590000    2649.956543
14.600000    2651.457764
14.610000    2652.986328
14.620000    2654.448486
14.630000    2655.877686
14.640000    2657.430664
14.650000    2658.995361
14.660000    2660.425781
14.670000    2661.901611
14.680000    2663.431885
14.690000    2664.874512
14.700000    2666.294189
14.710000    2667.757080
14.720000    2669.180420
14.730000    2670.604004
14.740000    2671.987305
14.750000    2673.384033
14.760000    2674.801025
14.770000    2676.190674
14.780000    2677.559814
14.790000    2678.910156
14.800000    2680.291504
14.810000    2681.787598
14.820000    2683.120117
14.830000    2684.506104
14.840000    2685.744385
14.850000    2686.982422
14.860000    2688.214111
14.870000    2689.539795
14.880000    2690.885498
14.890000    2692.134033
14.900000    2693.366699
14.910000    2694.644287
14.920000    2695.907471
14.930000    2697.215576
14.940000    2698.514648
14.950000    2699.894287
14.960000    2701.280762
14.970000    2702.594727
14.980000    2703.960449
14.990000    2705.334473
15.000000    2706.541016
15.010000    2707.800537
15.020000    2709.057861
15.030000    2710.277344
15.040000    2711.471680
15.050000    2712.718018
15.060000    2713.984131
15.070000    2715.264893
15.080000    2716.412842
15.090000    2717.552490
15.100000    2718.796387
15.110000    2719.979980
15.120000    2721.212402
15.130000    2722.501465
15.140000    2723.819824
15.150000    2725.097900
15.160000    2726.433838
15.170000    2727.833740
15.180000    2729.146240
15.190000    2730.510742
15.200000    2731.878418
15.210000    2733.185547
15.220000    2734.423096
15.230000    2735.733643
15.240000    2737.118896
15.250000    2738.483398
15.260000    2739.935303
15.270000    2741.272705
15.280000    2742.741211
15.290000    2744.092285
15.300000    2745.403564
15.310000    2746.775879
15.320000    2748.093750
15.330000    2749.386719
15.340000    2750.722656
15.350000    2752.050537
15.360000    2753.430176
15.370000    2754.755371
15.380000    2756.087402
15.390000    2757.469482
15.400000    2758.860840
15.410000    2760.202393
15.420000    2761.470215
15.430000    2762.812500
15.440000    2764.166016
15.450000    2765.497070
15.460000    2766.899414
15.470000    2768.298828
15.480000    2769.523193
15.490000    2770.917725
15.500000    2772.193848
15.510000    2773.491699
15.520000    2774.813232
15.530000    2776.235352
15.540000    2777.634277
15.550000    2779.029297
15.560000    2780.468994
15.570000    2781.866699
15.580000    2783.299561
15.590000    2784.727539
15.600000    2786.170166
15.610000    2787.533447
15.620000    2788.841797
15.630000    2790.144775
15.640000    2791.355469
15.650000    2792.614990
15.660000    2793.875488
15.670000    2795.085693
15.680000    2796.318848
15.690000    2797.593018
15.700000    2798.814209
15.710000    2800.038086
15.720000    2801.343506
15.730000    2802.623535
15.740000    2803.941162
15.750000    2805.270996
15.760000    2806.712646
15.770000    2808.157471
15.780000    2809.675537
15.790000    2811.156494
15.800000    2812.760742
15.810000    2814.418457
15.820000    2816.016113
15.830000    2817.581543
15.840000    2819.096191
15.850000    2820.581055
15.860000    2822.181152
15.870000    2823.801514
15.880000    2825.331543
15.890000    2826.839600
15.900000    2828.317871
15.910000    2829.905029
15.920000    2831.431885
15.930000    2832.914307
15.940000    2834.412109
15.950000    2835.862549
15.960000    2837.361084
15.970000    2838.873779
15.980000    2840.398682
15.990000    2841.910400
16.000000    2843.434814
16.010000    2844.983643
16.020000    2846.508301
16.030000    2847.995361
16.040000    2849.413818
16.050000    2850.928955
16.060000    2852.427246
16.070000    2853.946777
16.080000    2855.478516
16.090000    2856.939941
16.100000    2858.420166
16.110000    2859.828613
16.120000    2861.337646
16.130000    2862.823730
16.140000    2864.356201
16.150000    2865.895508
16.160000    2867.390381
16.170000    2868.826660
16.180000    2870.299316
16.190000    2871.718750
16.200000    2873.077393
16.210000    2874.426514
16.220000    2875.926758
16.230000    2877.469238
16.240000    2879.101318
16.250000    2880.660645
16.260000    2882.212158
16.270000    2883.762451
16.280000    2885.342529
16.290000    2886.888672
16.300000    2888.531006
16.310000    2890.102051
16.320000    2891.599854
16.330000    2893.172363
16.340000    2894.772949
16.350000    2896.422852
16.360000    2898.063477
16.370000    2899.752441
16.380000    2901.358643
16.390000    2902.933350
16.400000    2904.516357
16.410000    2906.135498
16.420000    2907.612305
16.430000    2909.186035
16.440000    2910.750244
16.450000    2912.326660
16.460000    2913.846924
16.470000    2915.387451
16.480000    2917.000244
16.490000    2918.607178
16.500000    2920.268555
16.510000    2921.872803
16.520000    2923.506348
16.530000    2925.091797
16.540000    2926.708252
16.550000    2928.250000
16.560000    2929.771729
16.570000    2931.357178
16.580000    2932.905029
16.590000    2934.564453
16.600000    2936.271973
16.610000    2937.978760
16.620000    2939.603271
16.630000    2941.139404
16.640000    2942.737305
16.650000    2944.401855
16.660000    2946.076660
16.670000    2947.598145
16.680000    2949.210938
16.690000    2950.726807
16.700000    2952.251221
16.710000    2953.772461
16.720000    2955.291504
16.730000    2956.869385
16.740000    2958.495850
16.750000    2960.045166
16.760000    2961.588867
16.770000    2963.130371
16.780000    2964.605225
16.790000    2966.074463
16.800000    2967.565430
16.810000    2969.087402
16.820000    2970.546143
16.830000    2972.018066
16.840000    2973.493164
16.850000    2974.937500
16.860000    2976.381592
16.870000    2977.794678
16.880000    2979.221680
16.890000    2980.693848
16.900000    2982.114990
16.910000    2983.595947
16.920000    2985.124023
16.930000    2986.713867
16.940000    2988.342041
16.950000    2989.924805
16.960000    2991.586670
16.970000    2993.177979
16.980000    2994.738770
16.990000    2996.352051
17.000000    2997.878662
17.010000    2999.396973
17.020000    3000.773438
17.030000    3002.148438
17.040000    3003.571777
17.050000    3005.054688
17.060000    3006.522217
17.070000    3008.008301
17.080000    3009.529297
17.090000    3011.174805
17.100000    3012.739014
17.110000    3014.211426
17.120000    3015.789795
17.130000    3017.346680
17.140000    3018.845215
17.150000    3020.367432
17.160000    3021.915527
17.170000    3023.557617
17.180000    3025.034180
17.190000    3026.590088
17.200000    3028.130615
17.210000    3029.660156
17.220000    3031.167480
17.230000    3032.638184
17.240000    3034.118408
17.250000    3035.613037
17.260000    3037.035156
17.270000    3038.514648
17.280000    3039.955078
17.290000    3041.450439
17.300000    3042.903564
17.310000    3044.392090
17.320000    3045.776367
17.330000    3047.238037
17.340000    3048.652588
17.350000    3050.003906
17.360000    3051.272461
17.370000    3052.668945
17.380000    3053.983154
17.390000    3055.258301
17.400000    3056.591309
17.410000    3057.960693
17.420000    3059.252197
17.430000    3060.540039
17.440000    3061.876465
17.450000    3063.184082
17.460000    3064.451904
17.470000    3065.800781
17.480000    3067.122070
17.490000    3068.329834
17.500000    3069.708984
17.510000    3071.108643
17.520000    3072.442383
17.530000    3073.891846
17.540000    3075.369385
17.550000    3076.826660
17.560000    3078.288330
17.570000    3079.720947
17.580000    3081.150146
17.590000    3082.545410
17.600000    3084.054443
17.610000    3085.520020
17.620000    3087.030762
17.630000    3088.500732
17.640000    3089.971924
17.650000    3091.492432
17.660000    3093.051025
17.670000    3094.500977
17.680000    3095.970703
17.690000    3097.385986
17.700000    3098.816162
17.710000    3100.297363
17.720000    3101.707520
17.730000    3103.108398
17.740000    3104.497559
17.750000    3105.958740
17.760000    3107.440674
17.770000    3108.903320
17.780000    3110.349854
17.790000    3111.794434
17.800000    3113.382812
17.810000    3114.956543
17.820000    3116.437012
17.830000    3117.948486
17.840000    3119.511719
17.850000    3120.979980
17.860000    3122.481201
17.870000    3123.860107
17.880000    3125.357422
17.890000    3126.819092
17.900000    3128.300781
17.910000    3129.840576
17.920000    3131.314941
17.930000    3132.813721
17.940000    3134.354492
17.950000    3135.822754
17.960000    3137.265869
17.970000    3138.769043
17.980000    3140.370361
17.990000    3141.885742
18.000000    3143.356934
18.010000    3144.943115
18.020000    3146.491455
18.030000    3147.969727
18.040000    3149.488525
18.050000    3150.974121
18.060000    3152.462646
18.070000    3153.989258
18.080000    3155.575928
18.090000    3157.090576
18.100000    3158.524658
18.110000    3160.001709
18.120000    3161.471191
18.130000    3162.900146
18.140000    3164.328857
18.150000    3165.791016
18.160000    3167.285645
18.170000    3168.733398
18.180000    3170.153320
18.190000    3171.682617
18.200000    3173.205322
18.210000    3174.691162
18.220000    3176.238037
18.230000    3177.720459
18.240000    3179.224121
18.250000    3180.808838
18.260000    3182.372559
18.270000    3183.868164
18.280000    3185.319092
18.290000    3186.844727
18.300000    3188.322998
18.310000    3189.917480
18.320000    3191.452881
18.330000    3193.052246
18.340000    3194.601562
18.350000    3196.197510
18.360000    3197.741211
18.370000    3199.315186
18.380000    3200.907227
18.390000    3202.495361
18.400000    3204.075928
18.410000    3205.593262
18.420000    3207.128906
18.430000    3208.699463
18.440000    3210.366455
18.450000    3211.797363
18.460000    3213.260254
18.470000    3214.732666
18.480000    3216.254639
18.490000    3217.862793
18.500000    3219.506592
18.510000    3221.121826
18.520000    3222.720703
18.530000    3224.315186
18.540000    3225.930420
18.550000    3227.500000
18.560000    3229.112793
18.570000    3230.797119
18.580000    3232.556396
18.590000    3234.219482
18.600000    3235.750000
18.610000    3237.340332
18.620000    3238.908936
18.630000    3240.563232
18.640000    3242.123047
18.650000    3243.702148
18.660000    3245.379150
18.670000    3247.060791
18.680000    3248.697998
18.690000    3250.309570
18.700000    3251.961426
18.710000    3253.646240
18.720000    3255.321533
18.730000    3256.964355
18.740000    3258.661865
18.750000    3260.354248
18.760000    3261.985840
18.770000    3263.590576
18.780000    3265.210938
18.790000    3266.908936
18.800000    3268.666016
18.810000    3270.397217
18.820000    3272.060303
18.830000    3273.693115
18.840000    3275.360840
18.850000    3277.098389
18.860000    3278.862549
18.870000    3280.598633
18.880000    3282.315918
18.890000    3284.010010
18.900000    3285.608154
18.910000    3287.156738
18.920000    3288.770752
18.930000    3290.356201
18.940000    3291.961426
18.950000    3293.685547
18.960000    3295.398193
18.970000    3296.991699
18.980000    3298.715088
18.990000    3300.273193
19.000000    3301.937256
19.010000    3303.525146
19.020000    3305.108887
19.030000    3306.760254
19.040000    3308.419189
19.050000    3310.103027
19.060000    3311.860840
19.070000    3313.684814
19.080000    3315.458008
19.090000    3317.179688
19.100000    3318.838379
19.110000    3320.512939
19.120000    3322.185547
19.130000    3323.836914
19.140000    3325.562012
19.150000    3327.177979
19.160000    3328.862793
19.170000    3330.459229
19.180000    3332.051025
19.190000    3333.675537
19.200000    3335.319092
19.210000    3337.064941
19.220000    3338.753418
19.230000    3340.397217
19.240000    3341.982178
19.250000    3343.667969
19.260000    3345.178711
19.270000    3346.708740
19.280000    3348.227539
19.290000    3349.703369
19.300000    3351.168701
19.310000    3352.562500
19.320000    3353.989746
19.330000    3355.518799
19.340000    3356.978516
19.350000    3358.491699
19.360000    3359.872803
19.370000    3361.345703
19.380000    3362.799805
19.390000    3364.244629
19.400000    3365.693359
19.410000    3367.204590
19.420000    3368.604492
19.430000    3370.105957
19.440000    3371.512939
19.450000    3372.926025
19.460000    3374.321777
19.470000    3375.655518
19.480000    3376.978516
19.490000    3378.277100
19.500000    3379.624268
19.510000    3381.004639
19.520000    3382.398193
19.530000    3383.650635
19.540000    3385.003906
19.550000    3386.327881
19.560000    3387.798828
19.570000    3389.283691
19.580000    3390.799316
19.590000    3392.208984
19.600000    3393.662354
19.610000    3395.097412
19.620000    3396.472412
19.630000    3397.866699
19.640000    3399.149902
19.650000    3400.413574
19.660000    3401.604736
19.670000    3402.710205
19.680000    3403.899902
19.690000    3405.181152
19.700000    3406.426758
19.710000    3407.626709
19.720000    3408.891846
19.730000    3410.145264
19.740000    3411.401855
19.750000    3412.737549
19.760000    3414.049561
19.770000    3415.411133
19.780000    3416.712891
19.790000    3418.137207
19.800000    3419.612549
19.810000    3421.007324
19.820000    3422.437988
19.830000    3423.929688
19.840000    3425.369629
19.850000    3426.836914
19.860000    3428.314941
19.870000    3429.799316
19.880000    3431.177734
19.890000    3432.608398
19.900000    3434.031982
19.910000    3435.423828
19.920000    3436.765137
19.930000    3438.066895
19.940000    3439.422607
19.950000    3440.768799
19.960000    3442.073486
19.970000    3443.281738
19.980000    3444.534668
19.990000    3445.807617
20.000000    3446.994629
20.010000    3448.252686
20.020000    3449.361328
20.030000    3450.574951
20.040000    3451.804199
20.050000    3453.070801
20.060000    3454.360840
20.070000    3455.632324
20.080000    3456.937256
20.090000    3458.196045
20.100000    3459.498779
20.110000    3460.771973
20.120000    3462.067139
20.130000    3463.383301
20.140000    3464.653320
20.150000    3465.951904
20.160000    3467.289551
20.170000    3468.692383
20.180000    3470.024902
20.190000    3471.295654
20.200000    3472.652344
20.210000    3474.018311
20.220000    3475.520996
20.230000    3477.031494
20.240000    3478.542236
20.250000    3480.011475
20.260000    3481.392090
20.270000    3482.735840
20.280000    3484.178711
20.290000    3485.575684
20.300000    3487.033447
20.310000    3488.531982
20.320000    3490.075195
20.330000    3491.591553
20.340000    3493.140869
20.350000    3494.684082
20.360000    3496.229248
20.370000    3497.787354
20.380000    3499.236572
20.390000    3500.697266
20.400000    3502.214844
20.410000    3503.599854
20.420000    3505.041992
20.430000    3506.551025
20.440000    3508.026611
20.450000    3509.472900
20.460000    3510.882568
20.470000    3512.412598
20.480000    3513.826172
20.490000    3515.344238
20.500000    3516.936523
20.510000    3518.464844
20.520000    3520.043457
20.530000    3521.516113
20.540000    3523.049072
20.550000    3524.620117
20.560000    3526.235107
20.570000    3527.817139
20.580000    3529.291992
20.590000    3530.869141
20.600000    3532.383301
20.610000    3533.953613
20.620000    3535.415527
20.630000    3536.919678
20.640000    3538.454346
20.650000    3539.959229
20.660000    3541.437988
20.670000    3542.935791
20.680000    3544.349121
20.690000    3545.769775
20.700000    3547.281250
20.710000    3548.825684
20.720000    3550.340576
20.730000    3551.853516
20.740000    3553.368408
20.750000    3554.963867
20.760000    3556.584229
20.770000    3558.183350
20.780000    3559.830322
20.790000    3561.488770
20.800000    3563.135986
20.810000    3564.721436
20.820000    3566.318848
20.830000    3567.874512
20.840000    3569.428223
20.850000    3570.969482
20.860000    3572.512695
20.870000    3573.959961
20.880000    3575.439453
20.890000    3576.987061
20.900000    3578.414795
20.910000    3579.886475
20.920000    3581.376709
20.930000    3582.829834
20.940000    3584.320557
20.950000    3585.857910
20.960000    3587.400146
20.970000    3588.897461
20.980000    3590.476318
20.990000    3592.013184
21.000000    3593.569824
21.010000    3595.171143
21.020000    3596.768555
21.030000    3598.315430
21.040000    3599.926025
21.050000    3601.518311
21.060000    3603.083008
21.070000    3604.702148
21.080000    3606.234619
21.090000    3607.833252
21.100000    3609.373779
21.110000    3610.926514
21.120000    3612.432861
21.130000    3613.986084
21.140000    3615.457764
21.150000    3616.899414
21.160000    3618.312256
21.170000    3619.763916
21.180000    3621.268799
21.190000    3622.753174
21.200000    3624.263672
21.210000    3625.797119
21.220000    3627.298096
21.230000    3628.708984
21.240000    3630.128174
21.250000    3631.536865
21.260000    3633.039062
21.270000    3634.570557
21.280000    3636.111816
21.290000    3637.667725
21.300000    3639.231445
21.310000    3640.878906
21.320000    3642.491943
21.330000    3644.062988
21.340000    3645.679443
21.350000    3647.267578
21.360000    3648.832764
21.370000    3650.311035
21.380000    3651.961426
21.390000    3653.542236
21.400000    3655.105225
21.410000    3656.722656
21.420000    3658.285889
21.430000    3659.842041
21.440000    3661.378174
21.450000    3662.913086
21.460000    3664.397217
21.470000    3665.952148
21.480000    3667.419678
21.490000    3668.857666
21.500000    3670.271240
21.510000    3671.606934
21.520000    3672.954346
21.530000    3674.190918
21.540000    3675.522949
21.550000    3676.811279
21.560000    3678.145020
21.570000    3679.487061
21.580000    3680.710449
21.590000    3681.994629
21.600000    3683.238037
21.610000    3684.624023
21.620000    3686.037598
21.630000    3687.556152
21.640000    3689.046631
21.650000    3690.580811
21.660000    3691.985596
21.670000    3693.389404
21.680000    3694.946533
21.690000    3696.551270
21.700000    3698.129150
21.710000    3699.658203
21.720000    3701.183350
21.730000    3702.621338
21.740000    3704.058594
21.750000    3705.583496
21.760000    3707.026611
21.770000    3708.374512
21.780000    3709.807129
21.790000    3711.163574
21.800000    3712.587646
21.810000    3714.004883
21.820000    3715.356445
21.830000    3716.811523
21.840000    3718.299072
21.850000    3719.809082
21.860000    3721.297119
21.870000    3722.839844
21.880000    3724.358887
21.890000    3725.908691
21.900000    3727.430664
21.910000    3729.070801
21.920000    3730.743896
21.930000    3732.332520
21.940000    3734.050537
21.950000    3735.837402
21.960000    3737.521973
21.970000    3739.171387
21.980000    3740.870361
21.990000    3742.608154
22.000000    3744.317383
22.010000    3745.927979
22.020000    3747.611572
22.030000    3749.227295
22.040000    3750.916016
22.050000    3752.427979
22.060000    3754.046631
22.070000    3755.631348
22.080000    3757.280029
22.090000    3759.059570
22.100000    3760.807617
22.110000    3762.529541
22.120000    3764.264404
22.130000    3766.052246
22.140000    3767.843994
22.150000    3769.634277
22.160000    3771.595215
22.170000    3773.516113
22.180000    3775.209717
22.190000    3776.983398
22.200000    3778.765869
22.210000    3780.430176
22.220000    3782.215088
22.230000    3784.081543
22.240000    3785.857910
22.250000    3787.470215
22.260000    3789.097656
22.270000    3790.730469
22.280000    3792.374756
22.290000    3794.045898
22.300000    3795.549316
22.310000    3797.066162
22.320000    3798.574951
22.330000    3800.125732
22.340000    3801.701904
22.350000    3803.334473
22.360000    3804.989502
22.370000    3806.515381
22.380000    3808.035400
22.390000    3809.690918
22.400000    3811.325928
22.410000    3812.994141
22.420000    3814.643799
22.430000    3816.330566
22.440000    3818.149658
22.450000    3819.807861
22.460000    3821.534668
22.470000    3823.255859
22.480000    3824.920410
22.490000    3826.639404
22.500000    3828.399902
22.510000    3830.070801
22.520000    3831.723633
22.530000    3833.296387
22.540000    3834.920654
22.550000    3836.397949
22.560000    3837.975342
22.570000    3839.583008
22.580000    3841.232178
22.590000    3842.882080
22.600000    3844.547607
22.610000    3846.285645
22.620000    3847.997314
22.630000    3849.666260
22.640000    3851.337158
22.650000    3853.096191
22.660000    3854.809570
22.670000    3856.577881
22.680000    3858.378662
22.690000    3860.259521
22.700000    3862.103271
22.710000    3863.913330
22.720000    3865.667725
22.730000    3867.561523
22.740000    3869.416504
22.750000    3871.252197
22.760000    3873.052246
22.770000    3874.702881
22.780000    3876.426025
22.790000    3878.132324
22.800000    3879.694580
22.810000    3881.337891
22.820000    3883.063721
22.830000    3884.743896
22.840000    3886.459473
22.850000    3888.225342
22.860000    3889.968018
22.870000    3891.684082
22.880000    3893.449219
22.890000    3895.312744
22.900000    3897.107178
22.910000    3899.011475
22.920000    3900.886719
22.930000    3902.594238
22.940000    3904.420166
22.950000    3906.165527
22.960000    3907.939209
22.970000    3909.700195
22.980000    3911.563232
22.990000    3913.349854
23.000000    3915.045898
23.010000    3916.732910
23.020000    3918.536133
23.030000    3920.255371
23.040000    3922.089844
23.050000    3923.889893
23.060000    3925.693604
23.070000    3927.373291
23.080000    3929.201416
23.090000    3930.882812
23.100000    3932.576660
23.110000    3934.432861
23.120000    3936.297119
23.130000    3938.180908
23.140000    3940.091064
23.150000    3941.855225
23.160000    3943.631592
23.170000    3945.410156
23.180000    3947.178955
23.190000    3949.007080
23.200000    3950.853027
23.210000    3952.648926
23.220000    3954.456787
23.230000    3956.330811
23.240000    3958.163818
23.250000    3959.983887
23.260000    3961.896484
23.270000    3963.736816
23.280000    3965.518066
23.290000    3967.306885
23.300000    3969.052734
23.310000    3970.859131
23.320000    3972.665771
23.330000    3974.417236
23.340000    3976.281250
23.350000    3978.125488
23.360000    3979.981201
23.370000    3981.899170
23.380000    3983.755615
23.390000    3985.588379
23.400000    3987.446777
23.410000    3989.228760
23.420000    3991.024170
23.430000    3992.801270
23.440000    3994.638184
23.450000    3996.400879
23.460000    3998.219971
23.470000    4000.024170
23.480000    4001.894043
23.490000    4003.677734
23.500000    4005.482422
23.510000    4007.224609
23.520000    4008.968018
23.530000    4010.744385
23.540000    4012.365967
23.550000    4014.081543
23.560000    4015.683594
23.570000    4017.434814
23.580000    4019.227295
23.590000    4020.945557
23.600000    4022.641357
23.610000    4024.430908
23.620000    4026.281250
23.630000    4028.081055
23.640000    4029.880615
23.650000    4031.576660
23.660000    4033.294922
23.670000    4035.007080
23.680000    4036.737793
23.690000    4038.464600
23.700000    4040.152100
23.710000    4041.907959
23.720000    4043.651367
23.730000    4045.341064
23.740000    4047.007812
23.750000    4048.732666
23.760000    4050.440918
23.770000    4052.134033
23.780000    4053.904053
23.790000    4055.566406
23.800000    4057.170898
23.810000    4058.816162
23.820000    4060.483643
23.830000    4062.040527
23.840000    4063.720459
23.850000    4065.230957
23.860000    4066.829834
23.870000    4068.465820
23.880000    4070.154297
23.890000    4071.813965
23.900000    4073.528320
23.910000    4075.340088
23.920000    4077.053467
23.930000    4078.778809
23.940000    4080.516357
23.950000    4082.286621
23.960000    4084.011719
23.970000    4085.737061
23.980000    4087.346680
23.990000    4089.048828
24.000000    4090.813721
24.010000    4092.615234
24.020000    4094.449219
24.030000    4096.164551
24.040000    4097.911133
24.050000    4099.649414
24.060000    4101.507812
24.070000    4103.340820
24.080000    4105.259766
24.090000    4107.296875
24.100000    4109.311035
24.110000    4111.255859
24.120000    4113.204102
24.130000    4115.272461
24.140000    4117.347656
24.150000    4119.362305
24.160000    4121.366699
24.170000    4123.350586
24.180000    4125.224609
24.190000    4127.186035
24.200000    4129.153809
24.210000    4131.107910
24.220000    4133.108398
24.230000    4135.042969
24.240000    4136.967773
24.250000    4139.020996
24.260000    4141.047363
24.270000    4143.069336
24.280000    4144.922363
24.290000    4146.923340
24.300000    4148.786133
24.310000    4150.584473
24.320000    4152.460938
24.330000    4154.375488
24.340000    4156.254395
24.350000    4158.110352
24.360000    4159.883789
24.370000    4161.661621
24.380000    4163.494141
24.390000    4165.337402
24.400000    4167.048340
24.410000    4168.872070
24.420000    4170.597168
24.430000    4172.354004
24.440000    4174.073242
24.450000    4175.829102
24.460000    4177.496094
24.470000    4179.140625
24.480000    4180.718750
24.490000    4182.279785
24.500000    4183.900391
24.510000    4185.461426
24.520000    4187.128906
24.530000    4188.790039
24.540000    4190.438477
24.550000    4192.030273
24.560000    4193.698730
24.570000    4195.299805
24.580000    4197.005859
24.590000    4198.702148
24.600000    4200.499023
24.610000    4202.264648
24.620000    4203.960938
24.630000    4205.539551
24.640000    4207.290527
24.650000    4209.034668
24.660000    4210.839844
24.670000    4212.577148
24.680000    4214.271484
24.690000    4216.014648
24.700000    4217.711914
24.710000    4219.409668
24.720000    4221.081055
24.730000    4222.742188
24.740000    4224.335938
24.750000    4225.915039
24.760000    4227.356445
24.770000    4228.881836
24.780000    4230.352539
24.790000    4231.724609
24.800000    4233.222656
24.810000    4234.682129
24.820000    4236.012695
24.830000    4237.472168
24.840000    4238.979004
24.850000    4240.482910
24.860000    4241.933105
24.870000    4243.416992
24.880000    4245.042969
24.890000    4246.667969
24.900000    4248.320801
24.910000    4249.898438
24.920000    4251.473145
24.930000    4253.020020
24.940000    4254.523926
24.950000    4256.075684
24.960000    4257.689941
24.970000    4259.162598
24.980000    4260.636230
24.990000    4262.086426
