#  t (ns) MSD (A^2) D = 2.7122e-06 7.26e-09 cm^2/s nu = 8.4463e-01 4.21e-04
0.000000    -0.000010
0.010000    16.961140
0.020000    28.073318
0.030000    37.354397
0.040000    45.588291
0.050000    53.088329
0.060000    60.013462
0.070000    66.494728
0.080000    72.622330
0.090000    78.457771
0.100000    84.045959
0.110000    89.304588
0.120000    94.412842
0.130000    99.417671
0.140000    104.211365
0.150000    108.905731
0.160000    113.397881
0.170000    117.823067
0.180000    122.128021
0.190000    126.348221
0.200000    130.467606
0.210000    134.546051
0.220000    138.544800
0.230000    142.446045
0.240000    146.237869
0.250000    149.986572
0.260000    153.637222
0.270000    157.326691
0.280000    160.981842
0.290000    164.615646
0.300000    168.127853
0.310000    171.630234
0.320000    175.053558
0.330000    178.471512
0.340000    181.876389
0.350000    185.224701
0.360000    188.584122
0.370000    191.822311
0.380000    195.099091
0.390000    198.351639
0.400000    201.513321
0.410000    204.621674
0.420000    207.818253
0.430000    210.921127
0.440000    214.032791
0.450000    217.186539
0.460000    220.296387
0.470000    223.362534
0.480000    226.442078
0.490000    229.485092
0.500000    232.484848
0.510000    235.476578
0.520000    238.466019
0.530000    241.425598
0.540000    244.413895
0.550000    247.367493
0.560000    250.244308
0.570000    253.153107
0.580000    256.057770
0.590000    259.039337
0.600000    262.014496
0.610000    264.968201
0.620000    267.849365
0.630000    270.744751
0.640000    273.579865
0.650000    276.338196
0.660000    279.126495
0.670000    281.820679
0.680000    284.517395
0.690000    287.198975
0.700000    289.896210
0.710000    292.649841
0.720000    295.377869
0.730000    298.006561
0.740000    300.527466
0.750000    303.118713
0.760000    305.731354
0.770000    308.383728
0.780000    311.028229
0.790000    313.656097
0.800000    316.322296
0.810000    318.943604
0.820000    321.511322
0.830000    324.035950
0.840000    326.572845
0.850000    329.089661
0.860000    331.522491
0.870000    333.988129
0.880000    336.403900
0.890000    338.784393
0.900000    341.128326
0.910000    343.438049
0.920000    345.745697
0.930000    348.136810
0.940000    350.601196
0.950000    353.091736
0.960000    355.527771
0.970000    357.965088
0.980000    360.405884
0.990000    362.881256
1.000000    365.261475
1.010000    367.627502
1.020000    370.003723
1.030000    372.432159
1.040000    374.926270
1.050000    377.389557
1.060000    379.845062
1.070000    382.277130
1.080000    384.696899
1.090000    387.093140
1.100000    389.592377
1.110000    391.976776
1.120000    394.339264
1.130000    396.699738
1.140000    399.075592
1.150000    401.403076
1.160000    403.723907
1.170000    406.085449
1.180000    408.406464
1.190000    410.784576
1.200000    413.110321
1.210000    415.426178
1.220000    417.730011
1.230000    420.044342
1.240000    422.373749
1.250000    424.703003
1.260000    426.982086
1.270000    429.235077
1.280000    431.540833
1.290000    433.905396
1.300000    436.272430
1.310000    438.591553
1.320000    440.904541
1.330000    443.178772
1.340000    445.497223
1.350000    447.846893
1.360000    450.208527
1.370000    452.521118
1.380000    454.850525
1.390000    457.194763
1.400000    459.465607
1.410000    461.778168
1.420000    464.079315
1.430000    466.437439
1.440000    468.733704
1.450000    470.998413
1.460000    473.228668
1.470000    475.484802
1.480000    477.758698
1.490000    480.052338
1.500000    482.295807
1.510000    484.541931
1.520000    486.778473
1.530000    489.074341
1.540000    491.389252
1.550000    493.664429
1.560000    495.901794
1.570000    498.158508
1.580000    500.381531
1.590000    502.628754
1.600000    504.902283
1.610000    507.199127
1.620000    509.513824
1.630000    511.866791
1.640000    514.184143
1.650000    516.528503
1.660000    518.821045
1.670000    521.137573
1.680000    523.440063
1.690000    525.760315
1.700000    528.065552
1.710000    530.350647
1.720000    532.581543
1.730000    534.787415
1.740000    536.995667
1.750000    539.246277
1.760000    541.489563
1.770000    543.642761
1.780000    545.868591
1.790000    548.039673
1.800000    550.308105
1.810000    552.500488
1.820000    554.724060
1.830000    556.880188
1.840000    559.050659
1.850000    561.211975
1.860000    563.408630
1.870000    565.515747
1.880000    567.666504
1.890000    569.707764
1.900000    571.737488
1.910000    573.790283
1.920000    575.900024
1.930000    577.993652
1.940000    580.121155
1.950000    582.266846
1.960000    584.347351
1.970000    586.473083
1.980000    588.681702
1.990000    590.816589
2.000000    592.901245
2.010000    595.058350
2.020000    597.198853
2.030000    599.272461
2.040000    601.336914
2.050000    603.463135
2.060000    605.604675
2.070000    607.740173
2.080000    609.880371
2.090000    612.039062
2.100000    614.140747
2.110000    616.216309
2.120000    618.306519
2.130000    620.380371
2.140000    622.486267
2.150000    624.564209
2.160000    626.707947
2.170000    628.721802
2.180000    630.702515
2.190000    632.701477
2.200000    634.757080
2.210000    636.798279
2.220000    638.872864
2.230000    640.869934
2.240000    642.819214
2.250000    644.766479
2.260000    646.641541
2.270000    648.538696
2.280000    650.489197
2.290000    652.376221
2.300000    654.244629
2.310000    656.081116
2.320000    657.913269
2.330000    659.731934
2.340000    661.611816
2.350000    663.451111
2.360000    665.349426
2.370000    667.175110
2.380000    669.024353
2.390000    670.844910
2.400000    672.651855
2.410000    674.498962
2.420000    676.473083
2.430000    678.417236
2.440000    680.318115
2.450000    682.225098
2.460000    684.055786
2.470000    685.881104
2.480000    687.756104
2.490000    689.624146
2.500000    691.511841
2.510000    693.386841
2.520000    695.230286
2.530000    697.114380
2.540000    699.010376
2.550000    700.930847
2.560000    702.864929
2.570000    704.760925
2.580000    706.653503
2.590000    708.520203
2.600000    710.380554
2.610000    712.255066
2.620000    714.179504
2.630000    716.078979
2.640000    717.966248
2.650000    719.860840
2.660000    721.709106
2.670000    723.551941
2.680000    725.379700
2.690000    727.260498
2.700000    729.111694
2.710000    731.023010
2.720000    732.944397
2.730000    734.820862
2.740000    736.751770
2.750000    738.678040
2.760000    740.613525
2.770000    742.451355
2.780000    744.375793
2.790000    746.368103
2.800000    748.334106
2.810000    750.297119
2.820000    752.280823
2.830000    754.239990
2.840000    756.192749
2.850000    758.194153
2.860000    760.227722
2.870000    762.257996
2.880000    764.332458
2.890000    766.293213
2.900000    768.280762
2.910000    770.224976
2.920000    772.177612
2.930000    774.194885
2.940000    776.234863
2.950000    778.281799
2.960000    780.341675
2.970000    782.387390
2.980000    784.408508
2.990000    786.389893
3.000000    788.354065
3.010000    790.334290
3.020000    792.335205
3.030000    794.358704
3.040000    796.288696
3.050000    798.241882
3.060000    800.158203
3.070000    802.083923
3.080000    803.960571
3.090000    805.829834
3.100000    807.706726
3.110000    809.570862
3.120000    811.432434
3.130000    813.222778
3.140000    815.011536
3.150000    816.810242
3.160000    818.669861
3.170000    820.531311
3.180000    822.437744
3.190000    824.282593
3.200000    826.152222
3.210000    827.991760
3.220000    829.836914
3.230000    831.707947
3.240000    833.537903
3.250000    835.481750
3.260000    837.359375
3.270000    839.241455
3.280000    841.229553
3.290000    843.121277
3.300000    845.043213
3.310000    846.929443
3.320000    848.863342
3.330000    850.777100
3.340000    852.664917
3.350000    854.562561
3.360000    856.421936
3.370000    858.386292
3.380000    860.335510
3.390000    862.290100
3.400000    864.119446
3.410000    866.002319
3.420000    867.851257
3.430000    869.748413
3.440000    871.611938
3.450000    873.536377
3.460000    875.356506
3.470000    877.247742
3.480000    879.059998
3.490000    880.902100
3.500000    882.795776
3.510000    884.649353
3.520000    886.486694
3.530000    888.347839
3.540000    890.238647
3.550000    892.030640
3.560000    893.902710
3.570000    895.870667
3.580000    897.818115
3.590000    899.730957
3.600000    901.541138
3.610000    903.436951
3.620000    905.331238
3.630000    907.282410
3.640000    909.252136
3.650000    911.228577
3.660000    913.222961
3.670000    915.226990
3.680000    917.159180
3.690000    919.117188
3.700000    921.134827
3.710000    923.093750
3.720000    925.035706
3.730000    927.062561
3.740000    929.071838
3.750000    931.026733
3.760000    932.900391
3.770000    934.745728
3.780000    936.629761
3.790000    938.528015
3.800000    940.398376
3.810000    942.377075
3.820000    944.337463
3.830000    946.268127
3.840000    948.107910
3.850000    949.962036
3.860000    951.837280
3.870000    953.640747
3.880000    955.430298
3.890000    957.219238
3.900000    959.110718
3.910000    961.051880
3.920000    963.006653
3.930000    964.873779
3.940000    966.709290
3.950000    968.588013
3.960000    970.440002
3.970000    972.356445
3.980000    974.168091
3.990000    975.962097
4.000000    977.824097
4.010000    979.588806
4.020000    981.443054
4.030000    983.286499
4.040000    985.174072
4.050000    987.052734
4.060000    988.967590
4.070000    990.872559
4.080000    992.741333
4.090000    994.594421
4.100000    996.495667
4.110000    998.426331
4.120000    1000.381470
4.130000    1002.280701
4.140000    1004.162415
4.150000    1006.116821
4.160000    1008.111694
4.170000    1010.007385
4.180000    1011.903442
4.190000    1013.809448
4.200000    1015.692810
4.210000    1017.601624
4.220000    1019.593140
4.230000    1021.510559
4.240000    1023.382202
4.250000    1025.270996
4.260000    1027.178467
4.270000    1028.996826
4.280000    1030.868408
4.290000    1032.824463
4.300000    1034.784058
4.310000    1036.819702
4.320000    1038.803223
4.330000    1040.786987
4.340000    1042.846436
4.350000    1044.924927
4.360000    1046.953491
4.370000    1048.917358
4.380000    1050.959229
4.390000    1052.961304
4.400000    1054.969360
4.410000    1056.930298
4.420000    1058.894775
4.430000    1060.851685
4.440000    1062.802368
4.450000    1064.805298
4.460000    1066.855469
4.470000    1068.937744
4.480000    1070.987549
4.490000    1072.980835
4.500000    1074.935425
4.510000    1076.882324
4.520000    1078.826294
4.530000    1080.725342
4.540000    1082.643677
4.550000    1084.674072
4.560000    1086.671021
4.570000    1088.625000
4.580000    1090.661865
4.590000    1092.646606
4.600000    1094.597290
4.610000    1096.585693
4.620000    1098.501831
4.630000    1100.390747
4.640000    1102.257446
4.650000    1104.218506
4.660000    1106.093018
4.670000    1108.035278
4.680000    1109.962158
4.690000    1111.885376
4.700000    1113.757080
4.710000    1115.605347
4.720000    1117.403198
4.730000    1119.223755
4.740000    1121.137207
4.750000    1122.987427
4.760000    1124.824707
4.770000    1126.661621
4.780000    1128.400879
4.790000    1130.098633
4.800000    1131.875000
4.810000    1133.606445
4.820000    1135.385864
4.830000    1137.209106
4.840000    1139.046997
4.850000    1140.855103
4.860000    1142.763550
4.870000    1144.616943
4.880000    1146.407227
4.890000    1148.286743
4.900000    1150.120483
4.910000    1151.964844
4.920000    1153.730469
4.930000    1155.461060
4.940000    1157.241211
4.950000    1158.982910
4.960000    1160.734497
4.970000    1162.517822
4.980000    1164.268677
4.990000    1165.951294
5.000000    1167.678589
5.010000    1169.441406
5.020000    1171.186157
5.030000    1172.955078
5.040000    1174.737305
5.050000    1176.552856
5.060000    1178.338013
5.070000    1180.132324
5.080000    1181.991455
5.090000    1183.863403
5.100000    1185.703979
5.110000    1187.580078
5.120000    1189.427368
5.130000    1191.321899
5.140000    1193.182129
5.150000    1194.952759
5.160000    1196.688110
5.170000    1198.430542
5.180000    1200.188232
5.190000    1201.951660
5.200000    1203.795166
5.210000    1205.594360
5.220000    1207.378906
5.230000    1209.162354
5.240000    1210.974243
5.250000    1212.681519
5.260000    1214.430298
5.270000    1216.268921
5.280000    1218.095703
5.290000    1219.898560
5.300000    1221.705200
5.310000    1223.579712
5.320000    1225.388672
5.330000    1227.123047
5.340000    1228.973755
5.350000    1230.826172
5.360000    1232.676514
5.370000    1234.502197
5.380000    1236.426025
5.390000    1238.315918
5.400000    1240.143555
5.410000    1242.035400
5.420000    1243.892334
5.430000    1245.785645
5.440000    1247.630615
5.450000    1249.395386
5.460000    1251.190918
5.470000    1252.996338
5.480000    1254.837158
5.490000    1256.636963
5.500000    1258.379517
5.510000    1260.163574
5.520000    1261.876587
5.530000    1263.597412
5.540000    1265.299194
5.550000    1266.995605
5.560000    1268.724854
5.570000    1270.459961
5.580000    1272.260498
5.590000    1274.082642
5.600000    1275.926147
5.610000    1277.712891
5.620000    1279.510498
5.630000    1281.314209
5.640000    1283.095947
5.650000    1284.892456
5.660000    1286.660522
5.670000    1288.454102
5.680000    1290.286621
5.690000    1292.225830
5.700000    1294.149414
5.710000    1296.016235
5.720000    1297.888916
5.730000    1299.697632
5.740000    1301.512939
5.750000    1303.295288
5.760000    1305.097412
5.770000    1306.867065
5.780000    1308.696045
5.790000    1310.540527
5.800000    1312.380249
5.810000    1314.212646
5.820000    1316.097656
5.830000    1318.036011
5.840000    1319.887695
5.850000    1321.846558
5.860000    1323.741211
5.870000    1325.645142
5.880000    1327.463257
5.890000    1329.324707
5.900000    1331.141724
5.910000    1332.990723
5.920000    1334.809692
5.930000    1336.553101
5.940000    1338.383423
5.950000    1340.254395
5.960000    1342.098511
5.970000    1343.892944
5.980000    1345.754272
5.990000    1347.587524
6.000000    1349.384888
6.010000    1351.214355
6.020000    1353.066406
6.030000    1354.894043
6.040000    1356.670532
6.050000    1358.463257
6.060000    1360.270874
6.070000    1362.119263
6.080000    1363.996826
6.090000    1365.843384
6.100000    1367.664673
6.110000    1369.497192
6.120000    1371.304443
6.130000    1373.117432
6.140000    1374.940674
6.150000    1376.697266
6.160000    1378.543579
6.170000    1380.266968
6.180000    1382.006592
6.190000    1383.731201
6.200000    1385.482300
6.210000    1387.280640
6.220000    1389.112061
6.230000    1390.831787
6.240000    1392.568604
6.250000    1394.294922
6.260000    1396.039673
6.270000    1397.865356
6.280000    1399.638306
6.290000    1401.381348
6.300000    1403.074341
6.310000    1404.771729
6.320000    1406.523071
6.330000    1408.194336
6.340000    1409.892456
6.350000    1411.528320
6.360000    1413.224243
6.370000    1414.913574
6.380000    1416.566895
6.390000    1418.157959
6.400000    1419.745850
6.410000    1421.426392
6.420000    1423.098877
6.430000    1424.806396
6.440000    1426.484131
6.450000    1428.215820
6.460000    1429.855469
6.470000    1431.486450
6.480000    1433.095825
6.490000    1434.777100
6.500000    1436.500610
6.510000    1438.266479
6.520000    1439.937622
6.530000    1441.615845
6.540000    1443.271851
6.550000    1444.906006
6.560000    1446.522949
6.570000    1448.140991
6.580000    1449.765503
6.590000    1451.536255
6.600000    1453.276367
6.610000    1455.032471
6.620000    1456.711914
6.630000    1458.432861
6.640000    1460.193359
6.650000    1461.943115
6.660000    1463.734985
6.670000    1465.471436
6.680000    1467.194092
6.690000    1468.960815
6.700000    1470.775391
6.710000    1472.553833
6.720000    1474.292114
6.730000    1476.062012
6.740000    1477.854248
6.750000    1479.657715
6.760000    1481.521240
6.770000    1483.353638
6.780000    1485.086304
6.790000    1486.861572
6.800000    1488.632935
6.810000    1490.390991
6.820000    1492.146118
6.830000    1493.913574
6.840000    1495.675903
6.850000    1497.533569
6.860000    1499.388672
6.870000    1501.202515
6.880000    1503.087402
6.890000    1504.929077
6.900000    1506.773560
6.910000    1508.648560
6.920000    1510.555786
6.930000    1512.456421
6.940000    1514.304810
6.950000    1516.217163
6.960000    1518.151245
6.970000    1520.052979
6.980000    1521.938965
6.990000    1523.829712
7.000000    1525.695679
7.010000    1527.609741
7.020000    1529.439697
7.030000    1531.371948
7.040000    1533.329712
7.050000    1535.275879
7.060000    1537.203369
7.070000    1539.089355
7.080000    1540.934204
7.090000    1542.780151
7.100000    1544.654663
7.110000    1546.508545
7.120000    1548.351196
7.130000    1550.181519
7.140000    1552.073975
7.150000    1554.007935
7.160000    1555.927124
7.170000    1557.939209
7.180000    1560.009155
7.190000    1562.023560
7.200000    1563.991211
7.210000    1565.968018
7.220000    1567.925171
7.230000    1569.925659
7.240000    1571.863037
7.250000    1573.817017
7.260000    1575.821655
7.270000    1577.787720
7.280000    1579.680664
7.290000    1581.555054
7.300000    1583.431885
7.310000    1585.366211
7.320000    1587.223267
7.330000    1589.106079
7.340000    1591.046387
7.350000    1593.050415
7.360000    1595.001953
7.370000    1596.926270
7.380000    1598.833008
7.390000    1600.724243
7.400000    1602.636597
7.410000    1604.628784
7.420000    1606.649780
7.430000    1608.657349
7.440000    1610.652954
7.450000    1612.715454
7.460000    1614.786499
7.470000    1616.801147
7.480000    1618.826294
7.490000    1620.864258
7.500000    1622.927490
7.510000    1624.992676
7.520000    1627.009277
7.530000    1629.055664
7.540000    1631.120972
7.550000    1633.142944
7.560000    1635.081543
7.570000    1637.003784
7.580000    1638.918823
7.590000    1640.859253
7.600000    1642.863037
7.610000    1644.865723
7.620000    1646.801514
7.630000    1648.794189
7.640000    1650.788452
7.650000    1652.823120
7.660000    1654.837769
7.670000    1656.885376
7.680000    1658.913818
7.690000    1660.941895
7.700000    1662.972290
7.710000    1664.948975
7.720000    1667.051880
7.730000    1669.172852
7.740000    1671.292114
7.750000    1673.371948
7.760000    1675.481079
7.770000    1677.515869
7.780000    1679.548828
7.790000    1681.494751
7.800000    1683.482300
7.810000    1685.548828
7.820000    1687.612671
7.830000    1689.627930
7.840000    1691.677979
7.850000    1693.702148
7.860000    1695.647583
7.870000    1697.540283
7.880000    1699.451782
7.890000    1701.345337
7.900000    1703.229492
7.910000    1705.209595
7.920000    1707.153320
7.930000    1709.121826
7.940000    1711.036987
7.950000    1712.922363
7.960000    1714.824097
7.970000    1716.769531
7.980000    1718.732422
7.990000    1720.703613
8.000000    1722.646362
8.010000    1724.618652
8.020000    1726.562134
8.030000    1728.493652
8.040000    1730.545288
8.050000    1732.512451
8.060000    1734.414795
8.070000    1736.344727
8.080000    1738.210327
8.090000    1740.062500
8.100000    1741.924072
8.110000    1743.761230
8.120000    1745.528442
8.130000    1747.339233
8.140000    1749.142212
8.150000    1750.943604
8.160000    1752.803589
8.170000    1754.583740
8.180000    1756.311279
8.190000    1758.060547
8.200000    1759.916382
8.210000    1761.767456
8.220000    1763.665771
8.230000    1765.587524
8.240000    1767.510742
8.250000    1769.336304
8.260000    1771.227783
8.270000    1773.098022
8.280000    1775.078979
8.290000    1777.013794
8.300000    1778.914429
8.310000    1780.822144
8.320000    1782.714600
8.330000    1784.606201
8.340000    1786.508545
8.350000    1788.382324
8.360000    1790.346069
8.370000    1792.356323
8.380000    1794.303955
8.390000    1796.293213
8.400000    1798.283569
8.410000    1800.231934
8.420000    1802.203491
8.430000    1804.082642
8.440000    1806.036255
8.450000    1808.046875
8.460000    1810.010132
8.470000    1811.981079
8.480000    1813.883423
8.490000    1815.755127
8.500000    1817.567505
8.510000    1819.401611
8.520000    1821.233887
8.530000    1823.001465
8.540000    1824.772705
8.550000    1826.522705
8.560000    1828.354126
8.570000    1830.158203
8.580000    1831.983887
8.590000    1833.797974
8.600000    1835.619873
8.610000    1837.405640
8.620000    1839.260132
8.630000    1841.085571
8.640000    1842.905396
8.650000    1844.818848
8.660000    1846.658569
8.670000    1848.572998
8.680000    1850.347900
8.690000    1852.223999
8.700000    1854.133911
8.710000    1856.063354
8.720000    1857.962646
8.730000    1859.828369
8.740000    1861.753296
8.750000    1863.666016
8.760000    1865.563110
8.770000    1867.478027
8.780000    1869.390991
8.790000    1871.302368
8.800000    1873.144287
8.810000    1875.048218
8.820000    1877.012207
8.830000    1878.901611
8.840000    1880.910400
8.850000    1882.793945
8.860000    1884.715332
8.870000    1886.558960
8.880000    1888.478638
8.890000    1890.375244
8.900000    1892.298096
8.910000    1894.251099
8.920000    1896.184082
8.930000    1898.037720
8.940000    1899.939453
8.950000    1901.781372
8.960000    1903.688354
8.970000    1905.604004
8.980000    1907.435547
8.990000    1909.260986
9.000000    1911.128052
9.010000    1912.971802
9.020000    1914.878174
9.030000    1916.727783
9.040000    1918.644531
9.050000    1920.590454
9.060000    1922.567993
9.070000    1924.518677
9.080000    1926.463989
9.090000    1928.402466
9.100000    1930.423340
9.110000    1932.363892
9.120000    1934.303345
9.130000    1936.292969
9.140000    1938.275635
9.150000    1940.233887
9.160000    1942.200684
9.170000    1944.124878
9.180000    1946.092651
9.190000    1947.981079
9.200000    1949.837402
9.210000    1951.748169
9.220000    1953.620850
9.230000    1955.532471
9.240000    1957.405884
9.250000    1959.318481
9.260000    1961.208740
9.270000    1963.041748
9.280000    1964.973511
9.290000    1966.884521
9.300000    1968.809448
9.310000    1970.763428
9.320000    1972.703613
9.330000    1974.701294
9.340000    1976.645142
9.350000    1978.551636
9.360000    1980.484375
9.370000    1982.492920
9.380000    1984.490356
9.390000    1986.420288
9.400000    1988.363281
9.410000    1990.229858
9.420000    1992.144287
9.430000    1994.014282
9.440000    1995.940674
9.450000    1997.851074
9.460000    1999.769897
9.470000    2001.657471
9.480000    2003.578369
9.490000    2005.398926
9.500000    2007.337891
9.510000    2009.239502
9.520000    2011.171509
9.530000    2013.095093
9.540000    2015.093262
9.550000    2017.114624
9.560000    2019.115479
9.570000    2021.025024
9.580000    2022.881958
9.590000    2024.733032
9.600000    2026.609497
9.610000    2028.485840
9.620000    2030.360474
9.630000    2032.235962
9.640000    2034.167236
9.650000    2036.043213
9.660000    2037.879028
9.670000    2039.800659
9.680000    2041.754028
9.690000    2043.689697
9.700000    2045.651001
9.710000    2047.648926
9.720000    2049.634033
9.730000    2051.588379
9.740000    2053.591309
9.750000    2055.538574
9.760000    2057.504150
9.770000    2059.475586
9.780000    2061.374512
9.790000    2063.221680
9.800000    2065.016602
9.810000    2066.830322
9.820000    2068.691162
9.830000    2070.481689
9.840000    2072.288818
9.850000    2074.090332
9.860000    2075.880127
9.870000    2077.702393
9.880000    2079.535400
9.890000    2081.326904
9.900000    2083.182861
9.910000    2085.101807
9.920000    2086.954590
9.930000    2088.731445
9.940000    2090.518555
9.950000    2092.340576
9.960000    2094.046143
9.970000    2095.845459
9.980000    2097.647461
9.990000    2099.502197
10.000000    2101.307129
10.010000    2103.102051
10.020000    2104.923340
10.030000    2106.816895
10.040000    2108.691162
10.050000    2110.608643
10.060000    2112.478516
10.070000    2114.397217
10.080000    2116.236816
10.090000    2118.085693
10.100000    2119.988525
10.110000    2121.806885
10.120000    2123.597656
10.130000    2125.382080
10.140000    2127.240723
10.150000    2128.985352
10.160000    2130.699951
10.170000    2132.396240
10.180000    2134.104492
10.190000    2135.866943
10.200000    2137.553955
10.210000    2139.340088
10.220000    2141.197510
10.230000    2143.021240
10.240000    2144.787109
10.250000    2146.593506
10.260000    2148.355957
10.270000    2150.081299
10.280000    2151.803711
10.290000    2153.502930
10.300000    2155.239502
10.310000    2157.054199
10.320000    2158.842041
10.330000    2160.686035
10.340000    2162.541016
10.350000    2164.453613
10.360000    2166.333008
10.370000    2168.189209
10.380000    2170.014160
10.390000    2171.800293
10.400000    2173.613525
10.410000    2175.359131
10.420000    2177.164551
10.430000    2178.953369
10.440000    2180.742188
10.450000    2182.619629
10.460000    2184.502930
10.470000    2186.328857
10.480000    2188.130859
10.490000    2189.927490
10.500000    2191.688477
10.510000    2193.499023
10.520000    2195.340332
10.530000    2197.150146
10.540000    2198.960449
10.550000    2200.758545
10.560000    2202.511963
10.570000    2204.267090
10.580000    2206.061279
10.590000    2207.869385
10.600000    2209.633057
10.610000    2211.472656
10.620000    2213.306641
10.630000    2215.120361
10.640000    2216.964600
10.650000    2218.754395
10.660000    2220.470459
10.670000    2222.197021
10.680000    2223.943115
10.690000    2225.629883
10.700000    2227.388184
10.710000    2229.190186
10.720000    2231.046143
10.730000    2232.857422
10.740000    2234.668457
10.750000    2236.372803
10.760000    2238.144531
10.770000    2239.948242
10.780000    2241.757080
10.790000    2243.563232
10.800000    2245.235107
10.810000    2246.962402
10.820000    2248.708496
10.830000    2250.500977
10.840000    2252.350586
10.850000    2254.222900
10.860000    2256.147461
10.870000    2258.094727
10.880000    2259.958740
10.890000    2261.818848
10.900000    2263.698486
10.910000    2265.587402
10.920000    2267.428223
10.930000    2269.286621
10.940000    2271.162598
10.950000    2273.013672
10.960000    2274.837646
10.970000    2276.634766
10.980000    2278.465576
10.990000    2280.303955
11.000000    2282.144531
11.010000    2283.916016
11.020000    2285.717285
11.030000    2287.522217
11.040000    2289.351318
11.050000    2291.215820
11.060000    2293.028809
11.070000    2294.828613
11.080000    2296.669189
11.090000    2298.455078
11.100000    2300.277344
11.110000    2302.090088
11.120000    2303.905029
11.130000    2305.704834
11.140000    2307.502197
11.150000    2309.377930
11.160000    2311.228271
11.170000    2313.111572
11.180000    2314.983154
11.190000    2316.840332
11.200000    2318.723633
11.210000    2320.629883
11.220000    2322.564453
11.230000    2324.508301
11.240000    2326.402832
11.250000    2328.355957
11.260000    2330.329834
11.270000    2332.250244
11.280000    2334.159668
11.290000    2336.034180
11.300000    2337.968262
11.310000    2339.938232
11.320000    2341.832031
11.330000    2343.678955
11.340000    2345.576904
11.350000    2347.415771
11.360000    2349.243164
11.370000    2351.101562
11.380000    2352.948486
11.390000    2354.805664
11.400000    2356.649170
11.410000    2358.393311
11.420000    2360.192871
11.430000    2361.977295
11.440000    2363.808594
11.450000    2365.535889
11.460000    2367.305176
11.470000    2369.114746
11.480000    2370.953857
11.490000    2372.846680
11.500000    2374.680176
11.510000    2376.503906
11.520000    2378.311035
11.530000    2380.123779
11.540000    2381.958496
11.550000    2383.826660
11.560000    2385.638672
11.570000    2387.365234
11.580000    2389.136719
11.590000    2391.040771
11.600000    2392.985840
11.610000    2394.872559
11.620000    2396.825195
11.630000    2398.779541
11.640000    2400.776855
11.650000    2402.706299
11.660000    2404.747559
11.670000    2406.718994
11.680000    2408.653320
11.690000    2410.572266
11.700000    2412.524902
11.710000    2414.566650
11.720000    2416.623779
11.730000    2418.591064
11.740000    2420.542969
11.750000    2422.465088
11.760000    2424.435547
11.770000    2426.340332
11.780000    2428.340820
11.790000    2430.240967
11.800000    2432.087402
11.810000    2433.968750
11.820000    2435.841797
11.830000    2437.677734
11.840000    2439.531738
11.850000    2441.368652
11.860000    2443.096436
11.870000    2444.845459
11.880000    2446.708984
11.890000    2448.526367
11.900000    2450.432861
11.910000    2452.344727
11.920000    2454.235596
11.930000    2456.195068
11.940000    2458.176270
11.950000    2460.067383
11.960000    2461.959961
11.970000    2463.896484
11.980000    2465.809570
11.990000    2467.752197
12.000000    2469.679688
12.010000    2471.659180
12.020000    2473.656494
12.030000    2475.607178
12.040000    2477.526367
12.050000    2479.401367
12.060000    2481.321777
12.070000    2483.206299
12.080000    2485.202881
12.090000    2487.157715
12.100000    2489.095947
12.110000    2491.040527
12.120000    2493.031494
12.130000    2495.019043
12.140000    2496.996338
12.150000    2499.049072
12.160000    2500.961914
12.170000    2502.923828
12.180000    2504.863037
12.190000    2506.797607
12.200000    2508.737793
12.210000    2510.707764
12.220000    2512.643066
12.230000    2514.475342
12.240000    2516.345459
12.250000    2518.242676
12.260000    2520.147461
12.270000    2522.049316
12.280000    2523.945068
12.290000    2525.891602
12.300000    2527.815918
12.310000    2529.615479
12.320000    2531.439941
12.330000    2533.317871
12.340000    2535.256348
12.350000    2537.121094
12.360000    2539.043945
12.370000    2540.997314
12.380000    2542.954834
12.390000    2544.937012
12.400000    2546.931396
12.410000    2548.884033
12.420000    2550.815186
12.430000    2552.661133
12.440000    2554.577637
12.450000    2556.561768
12.460000    2558.466797
12.470000    2560.309814
12.480000    2562.117188
12.490000    2563.929443
12.500000    2565.732910
12.510000    2567.592041
12.520000    2569.420654
12.530000    2571.343750
12.540000    2573.250000
12.550000    2575.122559
12.560000    2577.093018
12.570000    2578.936279
12.580000    2580.791504
12.590000    2582.731445
12.600000    2584.620117
12.610000    2586.421143
12.620000    2588.233398
12.630000    2590.030029
12.640000    2591.941895
12.650000    2593.795410
12.660000    2595.679443
12.670000    2597.529297
12.680000    2599.347168
12.690000    2601.227783
12.700000    2603.110596
12.710000    2604.922607
12.720000    2606.688721
12.730000    2608.488770
12.740000    2610.171387
12.750000    2611.843262
12.760000    2613.611816
12.770000    2615.324463
12.780000    2617.079102
12.790000    2618.782715
12.800000    2620.597656
12.810000    2622.434570
12.820000    2624.284424
12.830000    2626.090576
12.840000    2627.938232
12.850000    2629.794922
12.860000    2631.657471
12.870000    2633.541748
12.880000    2635.349609
12.890000    2637.123779
12.900000    2638.869385
12.910000    2640.668213
12.920000    2642.471191
12.930000    2644.313477
12.940000    2646.175293
12.950000    2648.032715
12.960000    2649.897461
12.970000    2651.785156
12.980000    2653.687256
12.990000    2655.521729
13.000000    2657.323975
13.010000    2659.162598
13.020000    2660.929443
13.030000    2662.796143
13.040000    2664.678467
13.050000    2666.485352
13.060000    2668.315918
13.070000    2670.088867
13.080000    2671.885986
13.090000    2673.532959
13.100000    2675.221436
13.110000    2676.940674
13.120000    2678.738037
13.130000    2680.545654
13.140000    2682.342041
13.150000    2684.045898
13.160000    2685.711670
13.170000    2687.425293
13.180000    2689.113770
13.190000    2690.864258
13.200000    2692.648926
13.210000    2694.379639
13.220000    2696.039307
13.230000    2697.759033
13.240000    2699.425537
13.250000    2701.020508
13.260000    2702.585205
13.270000    2704.227295
13.280000    2705.920166
13.290000    2707.602539
13.300000    2709.272461
13.310000    2710.959229
13.320000    2712.756348
13.330000    2714.596191
13.340000    2716.369385
13.350000    2718.159668
13.360000    2719.903076
13.370000    2721.709961
13.380000    2723.553467
13.390000    2725.376709
13.400000    2727.201172
13.410000    2728.999023
13.420000    2730.877686
13.430000    2732.692139
13.440000    2734.415283
13.450000    2736.076904
13.460000    2737.699463
13.470000    2739.364502
13.480000    2741.077393
13.490000    2742.785889
13.500000    2744.394775
13.510000    2746.050781
13.520000    2747.651367
13.530000    2749.254883
13.540000    2750.813477
13.550000    2752.381348
13.560000    2753.937256
13.570000    2755.408936
13.580000    2756.926514
13.590000    2758.490479
13.600000    2760.104248
13.610000    2761.632080
13.620000    2763.178711
13.630000    2764.842529
13.640000    2766.519775
13.650000    2768.165771
13.660000    2769.964844
13.670000    2771.739258
13.680000    2773.477783
13.690000    2775.176270
13.700000    2776.882568
13.710000    2778.552246
13.720000    2780.179199
13.730000    2781.760498
13.740000    2783.414307
13.750000    2785.087646
13.760000    2786.751953
13.770000    2788.337891
13.780000    2789.937744
13.790000    2791.554688
13.800000    2793.165283
13.810000    2794.842285
13.820000    2796.589600
13.830000    2798.304199
13.840000    2799.924561
13.850000    2801.564209
13.860000    2803.228027
13.870000    2804.960938
13.880000    2806.652344
13.890000    2808.294922
13.900000    2810.043213
13.910000    2811.707031
13.920000    2813.333252
13.930000    2814.960938
13.940000    2816.631348
13.950000    2818.289307
13.960000    2819.978516
13.970000    2821.587402
13.980000    2823.260742
13.990000    2824.878906
14.000000    2826.539307
14.010000    2828.179932
14.020000    2829.883057
14.030000    2831.562500
14.040000    2833.306152
14.050000    2835.032471
14.060000    2836.739990
14.070000    2838.461426
14.080000    2840.190674
14.090000    2841.841797
14.100000    2843.484863
14.110000    2845.158691
14.120000    2846.888184
14.130000    2848.635742
14.140000    2850.306641
14.150000    2851.935059
14.160000    2853.540527
14.170000    2855.175293
14.180000    2856.864014
14.190000    2858.464844
14.200000    2860.154053
14.210000    2861.729004
14.220000    2863.324707
14.230000    2865.052490
14.240000    2866.666748
14.250000    2868.241455
14.260000    2869.836914
14.270000    2871.462891
14.280000    2873.114502
14.290000    2874.708252
14.300000    2876.331787
14.310000    2877.939941
14.320000    2879.677002
14.330000    2881.349365
14.340000    2883.037842
14.350000    2884.763428
14.360000    2886.500244
14.370000    2888.146484
14.380000    2889.833740
14.390000    2891.483643
14.400000    2893.089600
14.410000    2894.765137
14.420000    2896.434326
14.430000    2898.100098
14.440000    2899.809326
14.450000    2901.511719
14.460000    2903.177734
14.470000    2904.877441
14.480000    2906.576660
14.490000    2908.247070
14.500000    2909.890381
14.510000    2911.572998
14.520000    2913.271729
14.530000    2914.937012
14.540000    2916.653564
14.550000    2918.370361
14.560000    2919.985840
14.570000    2921.543701
14.580000    2923.207031
14.590000    2924.839844
14.600000    2926.417969
14.610000    2928.071045
14.620000    2929.684082
14.630000    2931.258789
14.640000    2932.860840
14.650000    2934.449951
14.660000    2936.082031
14.670000    2937.685547
14.680000    2939.292236
14.690000    2940.876953
14.700000    2942.492188
14.710000    2944.077881
14.720000    2945.764160
14.730000    2947.460449
14.740000    2949.012451
14.750000    2950.656738
14.760000    2952.268799
14.770000    2953.894531
14.780000    2955.509033
14.790000    2957.131592
14.800000    2958.725098
14.810000    2960.334229
14.820000    2961.920410
14.830000    2963.544922
14.840000    2965.136963
14.850000    2966.843018
14.860000    2968.485596
14.870000    2970.101562
14.880000    2971.752441
14.890000    2973.420898
14.900000    2975.003662
14.910000    2976.595947
14.920000    2978.207520
14.930000    2979.718994
14.940000    2981.229492
14.950000    2982.674805
14.960000    2984.139648
14.970000    2985.659668
14.980000    2987.138672
14.990000    2988.681396
15.000000    2990.207031
15.010000    2991.665527
15.020000    2993.201416
15.030000    2994.789062
15.040000    2996.348389
15.050000    2997.882080
15.060000    2999.358154
15.070000    3000.936279
15.080000    3002.625244
15.090000    3004.290527
15.100000    3005.928223
15.110000    3007.544922
15.120000    3009.203613
15.130000    3010.865479
15.140000    3012.491211
15.150000    3014.145264
15.160000    3015.791016
15.170000    3017.404053
15.180000    3018.962158
15.190000    3020.653320
15.200000    3022.369629
15.210000    3024.218506
15.220000    3025.927490
15.230000    3027.649902
15.240000    3029.416992
15.250000    3031.173340
15.260000    3032.898438
15.270000    3034.575195
15.280000    3036.296631
15.290000    3038.095703
15.300000    3039.849121
15.310000    3041.630859
15.320000    3043.471191
15.330000    3045.207520
15.340000    3046.834961
15.350000    3048.527344
15.360000    3050.192139
15.370000    3051.828369
15.380000    3053.474854
15.390000    3055.110352
15.400000    3056.768799
15.410000    3058.380371
15.420000    3059.914795
15.430000    3061.454102
15.440000    3062.959717
15.450000    3064.516113
15.460000    3066.117920
15.470000    3067.679932
15.480000    3069.200684
15.490000    3070.696045
15.500000    3072.187988
15.510000    3073.582764
15.520000    3074.981689
15.530000    3076.470947
15.540000    3077.945801
15.550000    3079.425537
15.560000    3080.988037
15.570000    3082.605713
15.580000    3084.138428
15.590000    3085.680176
15.600000    3087.256348
15.610000    3088.794189
15.620000    3090.308105
15.630000    3091.874023
15.640000    3093.466797
15.650000    3095.024902
15.660000    3096.536133
15.670000    3097.993164
15.680000    3099.528564
15.690000    3101.045410
15.700000    3102.588867
15.710000    3104.206299
15.720000    3105.837158
15.730000    3107.535645
15.740000    3109.169189
15.750000    3110.689697
15.760000    3112.301758
15.770000    3113.909912
15.780000    3115.582275
15.790000    3117.222168
15.800000    3118.768066
15.810000    3120.386719
15.820000    3122.022217
15.830000    3123.618652
15.840000    3125.274658
15.850000    3126.831299
15.860000    3128.346680
15.870000    3129.916992
15.880000    3131.437012
15.890000    3133.028320
15.900000    3134.537842
15.910000    3136.121094
15.920000    3137.770508
15.930000    3139.423096
15.940000    3141.079102
15.950000    3142.672119
15.960000    3144.287598
15.970000    3145.829346
15.980000    3147.340088
15.990000    3148.885986
16.000000    3150.385498
16.010000    3151.832031
16.020000    3153.255371
16.030000    3154.699219
16.040000    3156.156982
16.050000    3157.702393
16.060000    3159.220947
16.070000    3160.744629
16.080000    3162.258789
16.090000    3163.756348
16.100000    3165.305664
16.110000    3166.843018
16.120000    3168.427002
16.130000    3169.990479
16.140000    3171.476807
16.150000    3173.018555
16.160000    3174.600586
16.170000    3176.181885
16.180000    3177.792725
16.190000    3179.374512
16.200000    3180.955322
16.210000    3182.460938
16.220000    3184.038086
16.230000    3185.651611
16.240000    3187.232910
16.250000    3188.797119
16.260000    3190.318115
16.270000    3191.870850
16.280000    3193.380371
16.290000    3194.920410
16.300000    3196.429443
16.310000    3197.941406
16.320000    3199.437988
16.330000    3200.991699
16.340000    3202.541504
16.350000    3204.062012
16.360000    3205.607666
16.370000    3207.133789
16.380000    3208.650879
16.390000    3210.238281
16.400000    3211.808350
16.410000    3213.363770
16.420000    3214.923828
16.430000    3216.475342
16.440000    3217.980713
16.450000    3219.535400
16.460000    3221.071289
16.470000    3222.569092
16.480000    3224.059082
16.490000    3225.493164
16.500000    3226.962158
16.510000    3228.395264
16.520000    3229.835449
16.530000    3231.328613
16.540000    3232.834717
16.550000    3234.220703
16.560000    3235.666260
16.570000    3237.166260
16.580000    3238.582520
16.590000    3240.023682
16.600000    3241.515137
16.610000    3243.018311
16.620000    3244.453613
16.630000    3245.856201
16.640000    3247.217773
16.650000    3248.606445
16.660000    3250.004639
16.670000    3251.444580
16.680000    3252.863037
16.690000    3254.375977
16.700000    3255.868164
16.710000    3257.289551
16.720000    3258.816162
16.730000    3260.190186
16.740000    3261.578857
16.750000    3262.985107
16.760000    3264.431641
16.770000    3265.849121
16.780000    3267.196289
16.790000    3268.642822
16.800000    3270.003662
16.810000    3271.457031
16.820000    3272.878662
16.830000    3274.298584
16.840000    3275.623291
16.850000    3276.977539
16.860000    3278.419922
16.870000    3279.838867
16.880000    3281.291016
16.890000    3282.812012
16.900000    3284.312988
16.910000    3285.909912
16.920000    3287.453369
16.930000    3289.022705
16.940000    3290.542969
16.950000    3292.112549
16.960000    3293.738037
16.970000    3295.302979
16.980000    3296.861816
16.990000    3298.465576
17.000000    3300.060059
17.010000    3301.708252
17.020000    3303.366943
17.030000    3305.005859
17.040000    3306.564209
17.050000    3308.182617
17.060000    3309.762695
17.070000    3311.322754
17.080000    3312.906494
17.090000    3314.454102
17.100000    3316.127686
17.110000    3317.744629
17.120000    3319.361328
17.130000    3320.983398
17.140000    3322.599121
17.150000    3324.314697
17.160000    3326.035645
17.170000    3327.653564
17.180000    3329.306396
17.190000    3331.054443
17.200000    3332.761475
17.210000    3334.512451
17.220000    3336.264648
17.230000    3337.998291
17.240000    3339.679199
17.250000    3341.437744
17.260000    3343.190430
17.270000    3345.020264
17.280000    3346.856689
17.290000    3348.548584
17.300000    3350.316406
17.310000    3352.149414
17.320000    3353.881348
17.330000    3355.538818
17.340000    3357.202393
17.350000    3358.800537
17.360000    3360.375977
17.370000    3361.924316
17.380000    3363.461426
17.390000    3365.009766
17.400000    3366.537354
17.410000    3368.125244
17.420000    3369.760254
17.430000    3371.417236
17.440000    3373.082275
17.450000    3374.770996
17.460000    3376.468750
17.470000    3378.104980
17.480000    3379.668213
17.490000    3381.191650
17.500000    3382.801270
17.510000    3384.431885
17.520000    3386.017822
17.530000    3387.606689
17.540000    3389.159424
17.550000    3390.714844
17.560000    3392.335205
17.570000    3393.967285
17.580000    3395.580566
17.590000    3397.281982
17.600000    3398.996826
17.610000    3400.745605
17.620000    3402.499023
17.630000    3404.329834
17.640000    3406.090820
17.650000    3407.809570
17.660000    3409.523193
17.670000    3411.208252
17.680000    3412.910889
17.690000    3414.563721
17.700000    3416.278076
17.710000    3418.055664
17.720000    3419.852539
17.730000    3421.707031
17.740000    3423.521973
17.750000    3425.279541
17.760000    3427.084229
17.770000    3428.879639
17.780000    3430.702148
17.790000    3432.533203
17.800000    3434.411621
17.810000    3436.299072
17.820000    3438.125000
17.830000    3439.985840
17.840000    3441.852295
17.850000    3443.729736
17.860000    3445.627686
17.870000    3447.428223
17.880000    3449.337891
17.890000    3451.277344
17.900000    3453.172363
17.910000    3454.977539
17.920000    3456.800049
17.930000    3458.545898
17.940000    3460.376221
17.950000    3462.125732
17.960000    3463.875488
17.970000    3465.695801
17.980000    3467.482178
17.990000    3469.287842
18.000000    3471.023926
18.010000    3472.826172
18.020000    3474.666504
18.030000    3476.526611
18.040000    3478.308838
18.050000    3480.013428
18.060000    3481.727295
18.070000    3483.459473
18.080000    3485.221680
18.090000    3487.002441
18.100000    3488.753662
18.110000    3490.417725
18.120000    3492.112793
18.130000    3493.802734
18.140000    3495.447021
18.150000    3497.208008
18.160000    3498.946289
18.170000    3500.794434
18.180000    3502.571289
18.190000    3504.351318
18.200000    3506.081055
18.210000    3507.746094
18.220000    3509.514160
18.230000    3511.326172
18.240000    3513.066895
18.250000    3514.844727
18.260000    3516.644775
18.270000    3518.443848
18.280000    3520.258057
18.290000    3522.049561
18.300000    3523.928955
18.310000    3525.780762
18.320000    3527.644043
18.330000    3529.533203
18.340000    3531.469727
18.350000    3533.392090
18.360000    3535.303955
18.370000    3537.200439
18.380000    3539.044189
18.390000    3540.974609
18.400000    3542.873047
18.410000    3544.755615
18.420000    3546.449951
18.430000    3548.266846
18.440000    3550.063721
18.450000    3551.886475
18.460000    3553.603760
18.470000    3555.262939
18.480000    3557.013428
18.490000    3558.841309
18.500000    3560.626709
18.510000    3562.475586
18.520000    3564.206543
18.530000    3565.957031
18.540000    3567.774170
18.550000    3569.523193
18.560000    3571.298584
18.570000    3573.180420
18.580000    3575.025879
18.590000    3576.901367
18.600000    3578.749023
18.610000    3580.710449
18.620000    3582.648682
18.630000    3584.575439
18.640000    3586.457031
18.650000    3588.438477
18.660000    3590.299072
18.670000    3592.038330
18.680000    3593.811279
18.690000    3595.660156
18.700000    3597.501709
18.710000    3599.377197
18.720000    3601.254883
18.730000    3603.195068
18.740000    3605.074707
18.750000    3606.932617
18.760000    3608.775146
18.770000    3610.565918
18.780000    3612.321533
18.790000    3614.194092
18.800000    3616.114502
18.810000    3617.958984
18.820000    3619.951904
18.830000    3621.768555
18.840000    3623.625732
18.850000    3625.539307
18.860000    3627.502197
18.870000    3629.518799
18.880000    3631.548340
18.890000    3633.468994
18.900000    3635.282715
18.910000    3637.101074
18.920000    3638.952637
18.930000    3640.818359
18.940000    3642.677002
18.950000    3644.520508
18.960000    3646.357910
18.970000    3648.234619
18.980000    3650.175293
18.990000    3652.070068
19.000000    3654.034424
19.010000    3655.936768
19.020000    3657.775146
19.030000    3659.673584
19.040000    3661.535156
19.050000    3663.387695
19.060000    3665.320068
19.070000    3667.224854
19.080000    3669.071533
19.090000    3670.925537
19.100000    3672.807617
19.110000    3674.718994
19.120000    3676.624023
19.130000    3678.402344
19.140000    3680.129883
19.150000    3681.951660
19.160000    3683.753906
19.170000    3685.485352
19.180000    3687.194580
19.190000    3688.894775
19.200000    3690.528564
19.210000    3692.138428
19.220000    3693.681641
19.230000    3695.325439
19.240000    3696.954102
19.250000    3698.647461
19.260000    3700.335205
19.270000    3702.069092
19.280000    3703.742432
19.290000    3705.400391
19.300000    3707.059570
19.310000    3708.730713
19.320000    3710.451904
19.330000    3712.112305
19.340000    3713.823975
19.350000    3715.474609
19.360000    3717.164795
19.370000    3718.763672
19.380000    3720.357178
19.390000    3721.961426
19.400000    3723.691406
19.410000    3725.388428
19.420000    3726.977051
19.430000    3728.531494
19.440000    3730.060791
19.450000    3731.627686
19.460000    3733.141602
19.470000    3734.719238
19.480000    3736.275879
19.490000    3737.916016
19.500000    3739.660645
19.510000    3741.468018
19.520000    3743.319336
19.530000    3745.039795
19.540000    3746.712646
19.550000    3748.447021
19.560000    3750.137207
19.570000    3751.822510
19.580000    3753.558594
19.590000    3755.295654
19.600000    3757.122314
19.610000    3758.941895
19.620000    3760.670410
19.630000    3762.396484
19.640000    3764.129883
19.650000    3765.835449
19.660000    3767.430908
19.670000    3769.082275
19.680000    3770.680420
19.690000    3772.269531
19.700000    3773.809082
19.710000    3775.394531
19.720000    3777.032227
19.730000    3778.602539
19.740000    3780.252686
19.750000    3781.823242
19.760000    3783.444336
19.770000    3785.138428
19.780000    3786.847900
19.790000    3788.516602
19.800000    3790.157715
19.810000    3791.756592
19.820000    3793.388184
19.830000    3795.000732
19.840000    3796.676270
19.850000    3798.292969
19.860000    3799.950928
19.870000    3801.546631
19.880000    3803.083252
19.890000    3804.613770
19.900000    3806.097900
19.910000    3807.585205
19.920000    3809.120605
19.930000    3810.758545
19.940000    3812.405273
19.950000    3814.063232
19.960000    3815.653564
19.970000    3817.196777
19.980000    3818.809570
19.990000    3820.500244
20.000000    3822.034668
20.010000    3823.509521
20.020000    3825.053223
20.030000    3826.561523
20.040000    3828.101074
20.050000    3829.681641
20.060000    3831.281982
20.070000    3832.839844
20.080000    3834.464355
20.090000    3836.107178
20.100000    3837.764404
20.110000    3839.448242
20.120000    3841.125000
20.130000    3842.688965
20.140000    3844.246826
20.150000    3845.836182
20.160000    3847.416260
20.170000    3848.894775
20.180000    3850.377197
20.190000    3851.863037
20.200000    3853.418213
20.210000    3855.026855
20.220000    3856.628174
20.230000    3858.312988
20.240000    3859.838135
20.250000    3861.310791
20.260000    3862.732666
20.270000    3864.176025
20.280000    3865.623291
20.290000    3867.047119
20.300000    3868.507812
20.310000    3869.952393
20.320000    3871.490967
20.330000    3872.898438
20.340000    3874.319580
20.350000    3875.733154
20.360000    3877.220947
20.370000    3878.569336
20.380000    3880.017578
20.390000    3881.432129
20.400000    3882.832275
20.410000    3884.270020
20.420000    3885.739502
20.430000    3887.239746
20.440000    3888.759766
20.450000    3890.195801
20.460000    3891.601318
20.470000    3893.063721
20.480000    3894.390869
20.490000    3895.798340
20.500000    3897.188965
20.510000    3898.473389
20.520000    3899.746826
20.530000    3901.181641
20.540000    3902.551270
20.550000    3903.977051
20.560000    3905.468994
20.570000    3906.904541
20.580000    3908.303955
20.590000    3909.731445
20.600000    3911.056885
20.610000    3912.537598
20.620000    3913.928711
20.630000    3915.341553
20.640000    3916.737305
20.650000    3918.062012
20.660000    3919.465332
20.670000    3920.963379
20.680000    3922.410400
20.690000    3923.877686
20.700000    3925.241943
20.710000    3926.705566
20.720000    3928.219727
20.730000    3929.724609
20.740000    3931.190186
20.750000    3932.720459
20.760000    3934.239014
20.770000    3935.728027
20.780000    3937.074951
20.790000    3938.496582
20.800000    3939.821289
20.810000    3941.101562
20.820000    3942.267822
20.830000    3943.474365
20.840000    3944.603271
20.850000    3945.789062
20.860000    3946.908691
20.870000    3948.149414
20.880000    3949.414307
20.890000    3950.677002
20.900000    3951.991699
20.910000    3953.278320
20.920000    3954.610840
20.930000    3955.893066
20.940000    3957.172363
20.950000    3958.432129
20.960000    3959.672363
20.970000    3960.952148
20.980000    3962.210449
20.990000    3963.389893
21.000000    3964.671631
21.010000    3965.939941
21.020000    3967.271973
21.030000    3968.607910
21.040000    3970.003174
21.050000    3971.444336
21.060000    3972.843994
21.070000    3974.171631
21.080000    3975.562012
21.090000    3976.956299
21.100000    3978.280029
21.110000    3979.678223
21.120000    3981.015137
21.130000    3982.364258
21.140000    3983.714111
21.150000    3985.077148
21.160000    3986.422119
21.170000    3987.859863
21.180000    3989.302246
21.190000    3990.699219
21.200000    3992.263916
21.210000    3993.824219
21.220000    3995.315186
21.230000    3996.697021
21.240000    3998.235352
21.250000    3999.731445
21.260000    4001.183105
21.270000    4002.672607
21.280000    4004.264648
21.290000    4005.805908
21.300000    4007.486328
21.310000    4009.097168
21.320000    4010.757080
21.330000    4012.414795
21.340000    4014.095459
21.350000    4015.637695
21.360000    4017.196289
21.370000    4018.757080
21.380000    4020.272949
21.390000    4021.814453
21.400000    4023.462646
21.410000    4025.056396
21.420000    4026.659424
21.430000    4028.319336
21.440000    4029.855713
21.450000    4031.479492
21.460000    4033.083984
21.470000    4034.689697
21.480000    4036.259277
21.490000    4037.833740
21.500000    4039.333008
21.510000    4040.903320
21.520000    4042.530762
21.530000    4044.182129
21.540000    4045.747070
21.550000    4047.279297
21.560000    4048.842529
21.570000    4050.310547
21.580000    4051.885742
21.590000    4053.430176
21.600000    4055.049316
21.610000    4056.579834
21.620000    4058.146973
21.630000    4059.666016
21.640000    4061.190430
21.650000    4062.687012
21.660000    4064.214111
21.670000    4065.793945
21.680000    4067.388184
21.690000    4068.944336
21.700000    4070.433594
21.710000    4071.943848
21.720000    4073.519775
21.730000    4075.146484
21.740000    4076.736084
21.750000    4078.416260
21.760000    4080.041748
21.770000    4081.690918
21.780000    4083.329346
21.790000    4084.996338
21.800000    4086.612549
21.810000    4088.305176
21.820000    4089.787842
21.830000    4091.410645
21.840000    4093.083496
21.850000    4094.757568
21.860000    4096.410645
21.870000    4098.113770
21.880000    4099.796387
21.890000    4101.467285
21.900000    4103.195312
21.910000    4104.914062
21.920000    4106.607910
21.930000    4108.261719
21.940000    4109.924316
21.950000    4111.651367
21.960000    4113.336914
21.970000    4115.018555
21.980000    4116.809082
21.990000    4118.483398
22.000000    4120.207520
22.010000    4121.991211
22.020000    4123.635742
22.030000    4125.235840
22.040000    4126.814453
22.050000    4128.464355
22.060000    4130.077148
22.070000    4131.706055
22.080000    4133.277832
22.090000    4134.830078
22.100000    4136.431641
22.110000    4138.099121
22.120000    4139.666992
22.130000    4141.329102
22.140000    4142.941895
22.150000    4144.570312
22.160000    4146.251953
22.170000    4147.918945
22.180000    4149.503906
22.190000    4151.177734
22.200000    4152.766113
22.210000    4154.394531
22.220000    4155.965332
22.230000    4157.574707
22.240000    4159.203125
22.250000    4160.834961
22.260000    4162.495117
22.270000    4164.066406
22.280000    4165.595215
22.290000    4167.282715
22.300000    4168.877930
22.310000    4170.537109
22.320000    4172.208984
22.330000    4173.866211
22.340000    4175.476074
22.350000    4177.137695
22.360000    4178.685547
22.370000    4180.229004
22.380000    4181.796875
22.390000    4183.376465
22.400000    4184.951660
22.410000    4186.536621
22.420000    4188.100586
22.430000    4189.662109
22.440000    4191.204102
22.450000    4192.799316
22.460000    4194.282715
22.470000    4195.792480
22.480000    4197.354980
22.490000    4198.866211
22.500000    4200.473145
22.510000    4201.994141
22.520000    4203.533691
22.530000    4204.968262
22.540000    4206.495605
22.550000    4208.002441
22.560000    4209.487305
22.570000    4210.934570
22.580000    4212.370605
22.590000    4213.798340
22.600000    4215.204102
22.610000    4216.644043
22.620000    4218.060547
22.630000    4219.605469
22.640000    4221.151855
22.650000    4222.798828
22.660000    4224.363281
22.670000    4225.984375
22.680000    4227.547363
22.690000    4229.055664
22.700000    4230.562500
22.710000    4232.128418
22.720000    4233.688965
22.730000    4235.236816
22.740000    4236.816895
22.750000    4238.332520
22.760000    4239.951660
22.770000    4241.623047
22.780000    4243.231445
22.790000    4244.812500
22.800000    4246.411621
22.810000    4247.974609
22.820000    4249.637695
22.830000    4251.349121
22.840000    4253.071777
22.850000    4254.754395
22.860000    4256.497070
22.870000    4258.193359
22.880000    4259.948242
22.890000    4261.709473
22.900000    4263.395020
22.910000    4265.151367
22.920000    4266.777344
22.930000    4268.469238
22.940000    4270.147461
22.950000    4271.812012
22.960000    4273.578613
22.970000    4275.411133
22.980000    4277.229004
22.990000    4279.147949
23.000000    4281.058105
23.010000    4282.831543
23.020000    4284.703613
23.030000    4286.521973
23.040000    4288.487793
23.050000    4290.323242
23.060000    4292.210449
23.070000    4294.166504
23.080000    4296.047852
23.090000    4297.950684
23.100000    4299.951660
23.110000    4301.775391
23.120000    4303.655762
23.130000    4305.444824
23.140000    4307.194336
23.150000    4308.969727
23.160000    4310.645508
23.170000    4312.428223
23.180000    4314.107910
23.190000    4315.837402
23.200000    4317.696777
23.210000    4319.491211
23.220000    4321.323242
23.230000    4323.106934
23.240000    4324.959961
23.250000    4326.769531
23.260000    4328.569336
23.270000    4330.377930
23.280000    4332.158203
23.290000    4333.932129
23.300000    4335.696289
23.310000    4337.508789
23.320000    4339.313965
23.330000    4341.154297
23.340000    4342.950195
23.350000    4344.772461
23.360000    4346.471680
23.370000    4348.253418
23.380000    4349.949219
23.390000    4351.586914
23.400000    4353.183105
23.410000    4354.833008
23.420000    4356.653809
23.430000    4358.391113
23.440000    4360.063965
23.450000    4361.770508
23.460000    4363.462891
23.470000    4365.194824
23.480000    4366.916016
23.490000    4368.559570
23.500000    4370.314453
23.510000    4371.967773
23.520000    4373.747559
23.530000    4375.424316
23.540000    4377.123047
23.550000    4378.788574
23.560000    4380.493652
23.570000    4382.149414
23.580000    4383.866211
23.590000    4385.592285
23.600000    4387.249023
23.610000    4388.893555
23.620000    4390.569824
23.630000    4392.238281
23.640000    4394.014160
23.650000    4395.855469
23.660000    4397.647949
23.670000    4399.410156
23.680000    4401.121094
23.690000    4402.880859
23.700000    4404.622070
23.710000    4406.441895
23.720000    4408.174805
23.730000    4409.940918
23.740000    4411.745605
23.750000    4413.477051
23.760000    4415.158691
23.770000    4416.733887
23.780000    4418.390625
23.790000    4419.915039
23.800000    4421.456543
23.810000    4423.021973
23.820000    4424.465332
23.830000    4425.892090
23.840000    4427.381836
23.850000    4428.896484
23.860000    4430.409668
23.870000    4431.902344
23.880000    4433.529297
23.890000    4435.241699
23.900000    4437.029785
23.910000    4438.759766
23.920000    4440.440918
23.930000    4441.965820
23.940000    4443.696289
23.950000    4445.243652
23.960000    4446.790527
23.970000    4448.331055
23.980000    4450.041504
23.990000    4451.626953
24.000000    4453.174316
24.010000    4454.782715
24.020000    4456.412598
24.030000    4458.026855
24.040000    4459.619629
24.050000    4461.224121
24.060000    4462.846191
24.070000    4464.515625
24.080000    4466.225586
24.090000    4467.844727
24.100000    4469.396973
24.110000    4471.070801
24.120000    4472.821289
24.130000    4474.545898
24.140000    4476.253418
24.150000    4477.913086
24.160000    4479.603027
24.170000    4481.234375
24.180000    4482.842285
24.190000    4484.531738
24.200000    4486.178223
24.210000    4487.769531
24.220000    4489.313477
24.230000    4490.838379
24.240000    4492.425781
24.250000    4493.998047
24.260000    4495.377930
24.270000    4496.765137
24.280000    4498.286133
24.290000    4499.864258
24.300000    4501.356934
24.310000    4502.897461
24.320000    4504.477051
24.330000    4506.000977
24.340000    4507.469727
24.350000    4508.987305
24.360000    4510.615234
24.370000    4512.250488
24.380000    4513.790039
24.390000    4515.359375
24.400000    4516.935547
24.410000    4518.522949
24.420000    4520.081055
24.430000    4521.637695
24.440000    4523.103027
24.450000    4524.571777
24.460000    4525.950195
24.470000    4527.391602
24.480000    4528.899414
24.490000    4530.448730
24.500000    4531.846680
24.510000    4533.271484
24.520000    4534.569824
24.530000    4535.910645
24.540000    4537.206055
24.550000    4538.521484
24.560000    4539.862305
24.570000    4541.064453
24.580000    4542.327637
24.590000    4543.677734
24.600000    4545.053223
24.610000    4546.481445
24.620000    4547.896484
24.630000    4549.329102
24.640000    4550.673828
24.650000    4551.992676
24.660000    4553.372559
24.670000    4554.817871
24.680000    4556.163086
24.690000    4557.498535
24.700000    4558.742188
24.710000    4559.920410
24.720000    4561.230957
24.730000    4562.489258
24.740000    4563.838867
24.750000    4565.179688
24.760000    4566.580078
24.770000    4567.974609
24.780000    4569.329590
24.790000    4570.726562
24.800000    4572.146484
24.810000    4573.501953
24.820000    4574.913086
24.830000    4576.417969
24.840000    4577.819824
24.850000    4579.244629
24.860000    4580.752441
24.870000    4582.265137
24.880000    4583.801758
24.890000    4585.354004
24.900000    4586.728516
24.910000    4588.321777
24.920000    4589.863281
24.930000    4591.365723
24.940000    4592.910156
24.950000    4594.497070
24.960000    4595.914551
24.970000    4597.392578
24.980000    4598.928711
24.990000    4600.481934
