#  t (ns) MSD (A^2) D = 1.1311e-06 4.42e-09 cm^2/s nu = 6.5233e-01 8.38e-04
0.000000    -0.000246
0.010000    12.045145
0.020000    20.166204
0.030000    27.294250
0.040000    33.692711
0.050000    39.526764
0.060000    44.989223
0.070000    50.132130
0.080000    54.964420
0.090000    59.574013
0.100000    63.998512
0.110000    68.221954
0.120000    72.285927
0.130000    76.234497
0.140000    80.053131
0.150000    83.717239
0.160000    87.245644
0.170000    90.756248
0.180000    94.217064
0.190000    97.630035
0.200000    100.871162
0.210000    104.035240
0.220000    107.173950
0.230000    110.274338
0.240000    113.252945
0.250000    116.169708
0.260000    119.105026
0.270000    122.057655
0.280000    124.918709
0.290000    127.740776
0.300000    130.530243
0.310000    133.277786
0.320000    135.952866
0.330000    138.635300
0.340000    141.259460
0.350000    143.837067
0.360000    146.348160
0.370000    148.865814
0.380000    151.367523
0.390000    153.840927
0.400000    156.306763
0.410000    158.708481
0.420000    161.083221
0.430000    163.433426
0.440000    165.745667
0.450000    168.084534
0.460000    170.382141
0.470000    172.644974
0.480000    174.919006
0.490000    177.161118
0.500000    179.333069
0.510000    181.486923
0.520000    183.581039
0.530000    185.633652
0.540000    187.635071
0.550000    189.661255
0.560000    191.704803
0.570000    193.738480
0.580000    195.747269
0.590000    197.707474
0.600000    199.749130
0.610000    201.782394
0.620000    203.801437
0.630000    205.771454
0.640000    207.774063
0.650000    209.706238
0.660000    211.621094
0.670000    213.525482
0.680000    215.433868
0.690000    217.312515
0.700000    219.193436
0.710000    221.139542
0.720000    223.035889
0.730000    224.877426
0.740000    226.735672
0.750000    228.543655
0.760000    230.339767
0.770000    232.129990
0.780000    233.897232
0.790000    235.664200
0.800000    237.429840
0.810000    239.222595
0.820000    241.038681
0.830000    242.827454
0.840000    244.650497
0.850000    246.418076
0.860000    248.130341
0.870000    249.867584
0.880000    251.583221
0.890000    253.294708
0.900000    255.013412
0.910000    256.696869
0.920000    258.358093
0.930000    259.993164
0.940000    261.595673
0.950000    263.179260
0.960000    264.758575
0.970000    266.346100
0.980000    267.919373
0.990000    269.450623
1.000000    271.005890
1.010000    272.558563
1.020000    274.135590
1.030000    275.671204
1.040000    277.208862
1.050000    278.701630
1.060000    280.229675
1.070000    281.725891
1.080000    283.289368
1.090000    284.834229
1.100000    286.381744
1.110000    287.945129
1.120000    289.571289
1.130000    291.117249
1.140000    292.650482
1.150000    294.140411
1.160000    295.663849
1.170000    297.165985
1.180000    298.649689
1.190000    300.129333
1.200000    301.656158
1.210000    303.191101
1.220000    304.712677
1.230000    306.227112
1.240000    307.743835
1.250000    309.255463
1.260000    310.703339
1.270000    312.255920
1.280000    313.741272
1.290000    315.267792
1.300000    316.777710
1.310000    318.287628
1.320000    319.796875
1.330000    321.275238
1.340000    322.758850
1.350000    324.273071
1.360000    325.791748
1.370000    327.286743
1.380000    328.837952
1.390000    330.370697
1.400000    331.946075
1.410000    333.450928
1.420000    334.921783
1.430000    336.442413
1.440000    337.920441
1.450000    339.366486
1.460000    340.850006
1.470000    342.360077
1.480000    343.806763
1.490000    345.225281
1.500000    346.643158
1.510000    348.014954
1.520000    349.360870
1.530000    350.810486
1.540000    352.222809
1.550000    353.652679
1.560000    354.975311
1.570000    356.297577
1.580000    357.599243
1.590000    358.919647
1.600000    360.277832
1.610000    361.611206
1.620000    362.951477
1.630000    364.308502
1.640000    365.637939
1.650000    367.043213
1.660000    368.403290
1.670000    369.814209
1.680000    371.175873
1.690000    372.548035
1.700000    373.890869
1.710000    375.291748
1.720000    376.698517
1.730000    378.040466
1.740000    379.417084
1.750000    380.761963
1.760000    382.081696
1.770000    383.425842
1.780000    384.827393
1.790000    386.310211
1.800000    387.723969
1.810000    389.165863
1.820000    390.609314
1.830000    392.040100
1.840000    393.491241
1.850000    394.859894
1.860000    396.181030
1.870000    397.549408
1.880000    398.978882
1.890000    400.432556
1.900000    401.878448
1.910000    403.316681
1.920000    404.778503
1.930000    406.199249
1.940000    407.590820
1.950000    408.995148
1.960000    410.364197
1.970000    411.682648
1.980000    413.027679
1.990000    414.349396
2.000000    415.596649
2.010000    416.831604
2.020000    418.098450
2.030000    419.328156
2.040000    420.532043
2.050000    421.712555
2.060000    422.916595
2.070000    424.103851
2.080000    425.335449
2.090000    426.569611
2.100000    427.771667
2.110000    429.014709
2.120000    430.263550
2.130000    431.497131
2.140000    432.741364
2.150000    433.978455
2.160000    435.208313
2.170000    436.430237
2.180000    437.654510
2.190000    438.925476
2.200000    440.209381
2.210000    441.471802
2.220000    442.725067
2.230000    443.920288
2.240000    445.148468
2.250000    446.332764
2.260000    447.526337
2.270000    448.700623
2.280000    449.886719
2.290000    451.144562
2.300000    452.336945
2.310000    453.510040
2.320000    454.720795
2.330000    455.932220
2.340000    457.142517
2.350000    458.390106
2.360000    459.635803
2.370000    460.892883
2.380000    462.129425
2.390000    463.376709
2.400000    464.663147
2.410000    465.916351
2.420000    467.095123
2.430000    468.235107
2.440000    469.382690
2.450000    470.540466
2.460000    471.731720
2.470000    472.919617
2.480000    474.154480
2.490000    475.407837
2.500000    476.639954
2.510000    477.869324
2.520000    479.090881
2.530000    480.243713
2.540000    481.490967
2.550000    482.755096
2.560000    484.018616
2.570000    485.302185
2.580000    486.569519
2.590000    487.831879
2.600000    489.142273
2.610000    490.460236
2.620000    491.795532
2.630000    493.098358
2.640000    494.410278
2.650000    495.741638
2.660000    497.102753
2.670000    498.491608
2.680000    499.841034
2.690000    501.110718
2.700000    502.393524
2.710000    503.721680
2.720000    505.017365
2.730000    506.268677
2.740000    507.530457
2.750000    508.731171
2.760000    509.954834
2.770000    511.160553
2.780000    512.373169
2.790000    513.595215
2.800000    514.830139
2.810000    516.039429
2.820000    517.276062
2.830000    518.579346
2.840000    519.868164
2.850000    521.144836
2.860000    522.436157
2.870000    523.731445
2.880000    525.049072
2.890000    526.314209
2.900000    527.570068
2.910000    528.839355
2.920000    530.146301
2.930000    531.436829
2.940000    532.709961
2.950000    533.999695
2.960000    535.303833
2.970000    536.610718
2.980000    537.897644
2.990000    539.134155
3.000000    540.337708
3.010000    541.584717
3.020000    542.862732
3.030000    544.147034
3.040000    545.365601
3.050000    546.608521
3.060000    547.846313
3.070000    549.151489
3.080000    550.420837
3.090000    551.635742
3.100000    552.830933
3.110000    554.034851
3.120000    555.232971
3.130000    556.418335
3.140000    557.552979
3.150000    558.652222
3.160000    559.750854
3.170000    560.875183
3.180000    562.024536
3.190000    563.154053
3.200000    564.267517
3.210000    565.373657
3.220000    566.504578
3.230000    567.621643
3.240000    568.723938
3.250000    569.848572
3.260000    571.051819
3.270000    572.307678
3.280000    573.529358
3.290000    574.772400
3.300000    576.001526
3.310000    577.204834
3.320000    578.410950
3.330000    579.635437
3.340000    580.823975
3.350000    582.039978
3.360000    583.218994
3.370000    584.399780
3.380000    585.598816
3.390000    586.795227
3.400000    587.941223
3.410000    589.118347
3.420000    590.292725
3.430000    591.465820
3.440000    592.691833
3.450000    593.926636
3.460000    595.159790
3.470000    596.406189
3.480000    597.665710
3.490000    598.920654
3.500000    600.144104
3.510000    601.336304
3.520000    602.520020
3.530000    603.687866
3.540000    604.875549
3.550000    606.091675
3.560000    607.332764
3.570000    608.544373
3.580000    609.759949
3.590000    611.013489
3.600000    612.221924
3.610000    613.477234
3.620000    614.721313
3.630000    615.977051
3.640000    617.238037
3.650000    618.499451
3.660000    619.782593
3.670000    621.065247
3.680000    622.356140
3.690000    623.672668
3.700000    624.970459
3.710000    626.253174
3.720000    627.487305
3.730000    628.753845
3.740000    630.010376
3.750000    631.274902
3.760000    632.526428
3.770000    633.823059
3.780000    635.069275
3.790000    636.320129
3.800000    637.558472
3.810000    638.828369
3.820000    640.092285
3.830000    641.343018
3.840000    642.567383
3.850000    643.799500
3.860000    645.057312
3.870000    646.324280
3.880000    647.566101
3.890000    648.782227
3.900000    650.041992
3.910000    651.304993
3.920000    652.577454
3.930000    653.887512
3.940000    655.174683
3.950000    656.409302
3.960000    657.667664
3.970000    658.892700
3.980000    660.162354
3.990000    661.430237
4.000000    662.687317
4.010000    663.946167
4.020000    665.197266
4.030000    666.478271
4.040000    667.723206
4.050000    668.960876
4.060000    670.170349
4.070000    671.385071
4.080000    672.589294
4.090000    673.845337
4.100000    675.072876
4.110000    676.338196
4.120000    677.542297
4.130000    678.725891
4.140000    679.885803
4.150000    681.004761
4.160000    682.135193
4.170000    683.258301
4.180000    684.390747
4.190000    685.493835
4.200000    686.582642
4.210000    687.659668
4.220000    688.750305
4.230000    689.833191
4.240000    690.897217
4.250000    691.986389
4.260000    693.128479
4.270000    694.297852
4.280000    695.423828
4.290000    696.568909
4.300000    697.697815
4.310000    698.877991
4.320000    700.064148
4.330000    701.211426
4.340000    702.394226
4.350000    703.565613
4.360000    704.734436
4.370000    705.928650
4.380000    707.123413
4.390000    708.299011
4.400000    709.464905
4.410000    710.662842
4.420000    711.868652
4.430000    713.081787
4.440000    714.304993
4.450000    715.489014
4.460000    716.681946
4.470000    717.912964
4.480000    719.086853
4.490000    720.274170
4.500000    721.368774
4.510000    722.471985
4.520000    723.553223
4.530000    724.648315
4.540000    725.796082
4.550000    726.875183
4.560000    727.972351
4.570000    729.055176
4.580000    730.127075
4.590000    731.208862
4.600000    732.313904
4.610000    733.418823
4.620000    734.489075
4.630000    735.600952
4.640000    736.727173
4.650000    737.851562
4.660000    738.978455
4.670000    740.130249
4.680000    741.283508
4.690000    742.472046
4.700000    743.617981
4.710000    744.800232
4.720000    745.978210
4.730000    747.210388
4.740000    748.426514
4.750000    749.614441
4.760000    750.736816
4.770000    751.885864
4.780000    753.001404
4.790000    754.151794
4.800000    755.317688
4.810000    756.482483
4.820000    757.615234
4.830000    758.704224
4.840000    759.811035
4.850000    760.877319
4.860000    761.962463
4.870000    762.979492
4.880000    764.001160
4.890000    765.030518
4.900000    766.053772
4.910000    767.096985
4.920000    768.099426
4.930000    769.107361
4.940000    770.214172
4.950000    771.289490
4.960000    772.393677
4.970000    773.477722
4.980000    774.523560
4.990000    775.550110
5.000000    776.573914
5.010000    777.644958
5.020000    778.737000
5.030000    779.847290
5.040000    780.986816
5.050000    782.071960
5.060000    783.211121
5.070000    784.350647
5.080000    785.492188
5.090000    786.628479
5.100000    787.724915
5.110000    788.815125
5.120000    789.944885
5.130000    791.069458
5.140000    792.156433
5.150000    793.285583
5.160000    794.429077
5.170000    795.522644
5.180000    796.682861
5.190000    797.845337
5.200000    799.008423
5.210000    800.152283
5.220000    801.322998
5.230000    802.518982
5.240000    803.682556
5.250000    804.833984
5.260000    805.933228
5.270000    806.971680
5.280000    808.036621
5.290000    809.157837
5.300000    810.211975
5.310000    811.293518
5.320000    812.490356
5.330000    813.642761
5.340000    814.719849
5.350000    815.757141
5.360000    816.792542
5.370000    817.841309
5.380000    818.880554
5.390000    819.948242
5.400000    820.980713
5.410000    822.046936
5.420000    823.076294
5.430000    824.123108
5.440000    825.136658
5.450000    826.200378
5.460000    827.248413
5.470000    828.255249
5.480000    829.288086
5.490000    830.333618
5.500000    831.442017
5.510000    832.577332
5.520000    833.745178
5.530000    834.840698
5.540000    835.956970
5.550000    837.055603
5.560000    838.163452
5.570000    839.306091
5.580000    840.449402
5.590000    841.650635
5.600000    842.821350
5.610000    843.975220
5.620000    845.107422
5.630000    846.287292
5.640000    847.403259
5.650000    848.563416
5.660000    849.691650
5.670000    850.830383
5.680000    851.982361
5.690000    853.142151
5.700000    854.339783
5.710000    855.561401
5.720000    856.786316
5.730000    858.017517
5.740000    859.262512
5.750000    860.447571
5.760000    861.609558
5.770000    862.770386
5.780000    863.983582
5.790000    865.177612
5.800000    866.375244
5.810000    867.576111
5.820000    868.763000
5.830000    869.928467
5.840000    871.098572
5.850000    872.256348
5.860000    873.437683
5.870000    874.619446
5.880000    875.820679
5.890000    876.999878
5.900000    878.112427
5.910000    879.284058
5.920000    880.415039
5.930000    881.538269
5.940000    882.611694
5.950000    883.715942
5.960000    884.834961
5.970000    885.932129
5.980000    887.073059
5.990000    888.228394
6.000000    889.383911
6.010000    890.585083
6.020000    891.773071
6.030000    892.975403
6.040000    894.182251
6.050000    895.416626
6.060000    896.631104
6.070000    897.804565
6.080000    898.975098
6.090000    900.160889
6.100000    901.305664
6.110000    902.431396
6.120000    903.575317
6.130000    904.758728
6.140000    905.990112
6.150000    907.190430
6.160000    908.402527
6.170000    909.581482
6.180000    910.784058
6.190000    911.968262
6.200000    913.144043
6.210000    914.296875
6.220000    915.414612
6.230000    916.586304
6.240000    917.799072
6.250000    919.005798
6.260000    920.212280
6.270000    921.424866
6.280000    922.606750
6.290000    923.771667
6.300000    924.917297
6.310000    926.096436
6.320000    927.230652
6.330000    928.340881
6.340000    929.470703
6.350000    930.597595
6.360000    931.709900
6.370000    932.797180
6.380000    933.940247
6.390000    935.067627
6.400000    936.244141
6.410000    937.415649
6.420000    938.528442
6.430000    939.736389
6.440000    940.867798
6.450000    941.998901
6.460000    943.147400
6.470000    944.281616
6.480000    945.434692
6.490000    946.575134
6.500000    947.740662
6.510000    948.863342
6.520000    950.009216
6.530000    951.134338
6.540000    952.259399
6.550000    953.396118
6.560000    954.502625
6.570000    955.662048
6.580000    956.826599
6.590000    957.965637
6.600000    959.169983
6.610000    960.347046
6.620000    961.502258
6.630000    962.659607
6.640000    963.773926
6.650000    964.828125
6.660000    965.928467
6.670000    967.045654
6.680000    968.150696
6.690000    969.292603
6.700000    970.446228
6.710000    971.533875
6.720000    972.589966
6.730000    973.726929
6.740000    974.821045
6.750000    975.914795
6.760000    977.003418
6.770000    978.186157
6.780000    979.353577
6.790000    980.535828
6.800000    981.678040
6.810000    982.793701
6.820000    983.970703
6.830000    985.168091
6.840000    986.392273
6.850000    987.606628
6.860000    988.757385
6.870000    989.915588
6.880000    991.052246
6.890000    992.214661
6.900000    993.358337
6.910000    994.443359
6.920000    995.498169
6.930000    996.533142
6.940000    997.628113
6.950000    998.705627
6.960000    999.816650
6.970000    1000.924805
6.980000    1002.032715
6.990000    1003.137085
7.000000    1004.164673
7.010000    1005.219360
7.020000    1006.315369
7.030000    1007.372986
7.040000    1008.452881
7.050000    1009.489685
7.060000    1010.522400
7.070000    1011.647522
7.080000    1012.741333
7.090000    1013.813965
7.100000    1014.894043
7.110000    1016.001770
7.120000    1017.068665
7.130000    1018.137268
7.140000    1019.239014
7.150000    1020.327454
7.160000    1021.459351
7.170000    1022.588440
7.180000    1023.700928
7.190000    1024.813354
7.200000    1025.885864
7.210000    1027.021118
7.220000    1028.132568
7.230000    1029.309814
7.240000    1030.420532
7.250000    1031.559814
7.260000    1032.670410
7.270000    1033.771606
7.280000    1034.860474
7.290000    1035.981323
7.300000    1037.085083
7.310000    1038.220337
7.320000    1039.324707
7.330000    1040.445435
7.340000    1041.532104
7.350000    1042.645020
7.360000    1043.765259
7.370000    1044.850464
7.380000    1045.959106
7.390000    1047.104736
7.400000    1048.191650
7.410000    1049.237183
7.420000    1050.351318
7.430000    1051.443970
7.440000    1052.569214
7.450000    1053.720093
7.460000    1054.801636
7.470000    1055.885132
7.480000    1056.981567
7.490000    1058.062744
7.500000    1059.170044
7.510000    1060.288330
7.520000    1061.426636
7.530000    1062.492310
7.540000    1063.641724
7.550000    1064.770996
7.560000    1065.927124
7.570000    1067.062378
7.580000    1068.240967
7.590000    1069.439697
7.600000    1070.592773
7.610000    1071.722900
7.620000    1072.839111
7.630000    1073.883789
7.640000    1074.984863
7.650000    1076.050415
7.660000    1077.047485
7.670000    1078.090576
7.680000    1079.089722
7.690000    1080.105103
7.700000    1081.185669
7.710000    1082.250977
7.720000    1083.317261
7.730000    1084.353271
7.740000    1085.391113
7.750000    1086.430176
7.760000    1087.493286
7.770000    1088.518066
7.780000    1089.520142
7.790000    1090.553833
7.800000    1091.582764
7.810000    1092.611328
7.820000    1093.577026
7.830000    1094.575439
7.840000    1095.572388
7.850000    1096.564819
7.860000    1097.574707
7.870000    1098.604126
7.880000    1099.652832
7.890000    1100.634033
7.900000    1101.682007
7.910000    1102.747803
7.920000    1103.696655
7.930000    1104.652588
7.940000    1105.612915
7.950000    1106.583862
7.960000    1107.523193
7.970000    1108.475830
7.980000    1109.381348
7.990000    1110.318481
8.000000    1111.263672
8.010000    1112.239502
8.020000    1113.214233
8.030000    1114.230469
8.040000    1115.228516
8.050000    1116.328003
8.060000    1117.417847
8.070000    1118.490112
8.080000    1119.477539
8.090000    1120.478271
8.100000    1121.553467
8.110000    1122.620850
8.120000    1123.609253
8.130000    1124.537231
8.140000    1125.506592
8.150000    1126.481445
8.160000    1127.455811
8.170000    1128.438965
8.180000    1129.415039
8.190000    1130.379761
8.200000    1131.349609
8.210000    1132.316650
8.220000    1133.267212
8.230000    1134.274048
8.240000    1135.290039
8.250000    1136.275391
8.260000    1137.317749
8.270000    1138.347046
8.280000    1139.341064
8.290000    1140.361450
8.300000    1141.390991
8.310000    1142.401489
8.320000    1143.395264
8.330000    1144.399780
8.340000    1145.390503
8.350000    1146.423706
8.360000    1147.432983
8.370000    1148.435181
8.380000    1149.373291
8.390000    1150.295776
8.400000    1151.236572
8.410000    1152.177368
8.420000    1153.081299
8.430000    1154.021729
8.440000    1154.933472
8.450000    1155.838867
8.460000    1156.793579
8.470000    1157.768677
8.480000    1158.747925
8.490000    1159.798828
8.500000    1160.839233
8.510000    1161.861694
8.520000    1162.848511
8.530000    1163.863037
8.540000    1164.920410
8.550000    1165.933472
8.560000    1166.924805
8.570000    1167.931030
8.580000    1168.896362
8.590000    1169.857666
8.600000    1170.815430
8.610000    1171.839233
8.620000    1172.796997
8.630000    1173.735474
8.640000    1174.720459
8.650000    1175.706665
8.660000    1176.674194
8.670000    1177.611328
8.680000    1178.625610
8.690000    1179.625000
8.700000    1180.535767
8.710000    1181.443115
8.720000    1182.286743
8.730000    1183.090576
8.740000    1183.991699
8.750000    1184.914551
8.760000    1185.804932
8.770000    1186.657959
8.780000    1187.495361
8.790000    1188.391357
8.800000    1189.271729
8.810000    1190.172241
8.820000    1191.084961
8.830000    1192.001953
8.840000    1192.924683
8.850000    1193.875732
8.860000    1194.895752
8.870000    1195.968018
8.880000    1197.016968
8.890000    1198.025757
8.900000    1199.022827
8.910000    1200.017944
8.920000    1201.008179
8.930000    1202.044189
8.940000    1203.067505
8.950000    1204.027832
8.960000    1204.936646
8.970000    1205.904419
8.980000    1206.818237
8.990000    1207.750244
9.000000    1208.672241
9.010000    1209.598633
9.020000    1210.559326
9.030000    1211.493164
9.040000    1212.478149
9.050000    1213.500488
9.060000    1214.520630
9.070000    1215.509155
9.080000    1216.508057
9.090000    1217.484741
9.100000    1218.466797
9.110000    1219.404663
9.120000    1220.367798
9.130000    1221.392578
9.140000    1222.358643
9.150000    1223.311401
9.160000    1224.276001
9.170000    1225.205566
9.180000    1226.169800
9.190000    1227.071289
9.200000    1227.963989
9.210000    1228.894653
9.220000    1229.771240
9.230000    1230.654663
9.240000    1231.535400
9.250000    1232.404053
9.260000    1233.255859
9.270000    1234.119019
9.280000    1235.011841
9.290000    1235.948608
9.300000    1236.881592
9.310000    1237.797729
9.320000    1238.708374
9.330000    1239.570801
9.340000    1240.482178
9.350000    1241.405884
9.360000    1242.376831
9.370000    1243.298218
9.380000    1244.261475
9.390000    1245.179443
9.400000    1246.114014
9.410000    1247.058105
9.420000    1247.944702
9.430000    1248.834473
9.440000    1249.746338
9.450000    1250.732300
9.460000    1251.676758
9.470000    1252.591553
9.480000    1253.540283
9.490000    1254.463623
9.500000    1255.389526
9.510000    1256.301758
9.520000    1257.243896
9.530000    1258.271240
9.540000    1259.270020
9.550000    1260.275635
9.560000    1261.248169
9.570000    1262.263550
9.580000    1263.207275
9.590000    1264.174805
9.600000    1265.098389
9.610000    1266.055054
9.620000    1267.022095
9.630000    1268.031860
9.640000    1269.038330
9.650000    1270.026611
9.660000    1270.999756
9.670000    1271.963379
9.680000    1272.875610
9.690000    1273.791260
9.700000    1274.735474
9.710000    1275.694580
9.720000    1276.634277
9.730000    1277.609253
9.740000    1278.608276
9.750000    1279.590210
9.760000    1280.582886
9.770000    1281.591309
9.780000    1282.524292
9.790000    1283.482178
9.800000    1284.477051
9.810000    1285.503784
9.820000    1286.475220
9.830000    1287.454834
9.840000    1288.395874
9.850000    1289.334595
9.860000    1290.327759
9.870000    1291.313599
9.880000    1292.331909
9.890000    1293.290161
9.900000    1294.204102
9.910000    1295.083252
9.920000    1295.985352
9.930000    1296.832642
9.940000    1297.703613
9.950000    1298.672729
9.960000    1299.659302
9.970000    1300.600098
9.980000    1301.493408
9.990000    1302.415039
10.000000    1303.389648
10.010000    1304.353760
10.020000    1305.276001
10.030000    1306.268921
10.040000    1307.247192
10.050000    1308.167725
10.060000    1309.094604
10.070000    1310.036255
10.080000    1310.917114
10.090000    1311.841675
10.100000    1312.880371
10.110000    1313.892212
10.120000    1314.934570
10.130000    1316.003174
10.140000    1317.026611
10.150000    1318.055542
10.160000    1319.056274
10.170000    1320.056396
10.180000    1321.030151
10.190000    1322.029785
10.200000    1323.013550
10.210000    1324.063721
10.220000    1325.029053
10.230000    1325.989746
10.240000    1326.932251
10.250000    1327.857422
10.260000    1328.788574
10.270000    1329.696411
10.280000    1330.617432
10.290000    1331.557495
10.300000    1332.493530
10.310000    1333.448853
10.320000    1334.402954
10.330000    1335.367554
10.340000    1336.299316
10.350000    1337.247192
10.360000    1338.197021
10.370000    1339.159790
10.380000    1340.162231
10.390000    1341.158081
10.400000    1342.167969
10.410000    1343.203003
10.420000    1344.226929
10.430000    1345.172607
10.440000    1346.169189
10.450000    1347.219849
10.460000    1348.274048
10.470000    1349.374023
10.480000    1350.402710
10.490000    1351.400391
10.500000    1352.390137
10.510000    1353.312744
10.520000    1354.308838
10.530000    1355.230835
10.540000    1356.151611
10.550000    1357.107544
10.560000    1358.020630
10.570000    1358.924683
10.580000    1359.838989
10.590000    1360.750366
10.600000    1361.602295
10.610000    1362.471558
10.620000    1363.367798
10.630000    1364.282715
10.640000    1365.185669
10.650000    1366.072388
10.660000    1366.963623
10.670000    1367.850098
10.680000    1368.733032
10.690000    1369.686890
10.700000    1370.621460
10.710000    1371.523682
10.720000    1372.521851
10.730000    1373.489380
10.740000    1374.399292
10.750000    1375.329102
10.760000    1376.215820
10.770000    1377.103149
10.780000    1377.992798
10.790000    1378.862549
10.800000    1379.752441
10.810000    1380.664551
10.820000    1381.522461
10.830000    1382.354980
10.840000    1383.173218
10.850000    1384.022827
10.860000    1384.858398
10.870000    1385.701660
10.880000    1386.558472
10.890000    1387.385742
10.900000    1388.188721
10.910000    1389.038940
10.920000    1389.816406
10.930000    1390.578491
10.940000    1391.377197
10.950000    1392.199463
10.960000    1393.066284
10.970000    1393.925049
10.980000    1394.765259
10.990000    1395.609497
11.000000    1396.426392
11.010000    1397.316528
11.020000    1398.229980
11.030000    1399.104004
11.040000    1399.979126
11.050000    1400.860718
11.060000    1401.781616
11.070000    1402.638916
11.080000    1403.516602
11.090000    1404.405029
11.100000    1405.275269
11.110000    1406.172974
11.120000    1407.079590
11.130000    1407.960815
11.140000    1408.838501
11.150000    1409.663574
11.160000    1410.541504
11.170000    1411.329346
11.180000    1412.140747
11.190000    1412.927979
11.200000    1413.729492
11.210000    1414.523560
11.220000    1415.297974
11.230000    1416.056274
11.240000    1416.842407
11.250000    1417.606567
11.260000    1418.395386
11.270000    1419.264526
11.280000    1420.083252
11.290000    1420.833496
11.300000    1421.574585
11.310000    1422.343750
11.320000    1423.067871
11.330000    1423.764648
11.340000    1424.482666
11.350000    1425.272217
11.360000    1426.076294
11.370000    1426.852051
11.380000    1427.554565
11.390000    1428.277954
11.400000    1429.093262
11.410000    1429.942749
11.420000    1430.751465
11.430000    1431.611450
11.440000    1432.473755
11.450000    1433.386841
11.460000    1434.234009
11.470000    1435.036377
11.480000    1435.837402
11.490000    1436.643555
11.500000    1437.401611
11.510000    1438.193115
11.520000    1438.988037
11.530000    1439.777466
11.540000    1440.604980
11.550000    1441.430054
11.560000    1442.239502
11.570000    1443.001221
11.580000    1443.786377
11.590000    1444.652100
11.600000    1445.477539
11.610000    1446.329224
11.620000    1447.192749
11.630000    1448.118164
11.640000    1449.021973
11.650000    1449.925659
11.660000    1450.752197
11.670000    1451.586548
11.680000    1452.397827
11.690000    1453.218018
11.700000    1454.036987
11.710000    1454.849365
11.720000    1455.652832
11.730000    1456.384888
11.740000    1457.188721
11.750000    1458.066772
11.760000    1458.899536
11.770000    1459.748047
11.780000    1460.581299
11.790000    1461.403320
11.800000    1462.173828
11.810000    1462.939209
11.820000    1463.648926
11.830000    1464.368164
11.840000    1465.124268
11.850000    1465.873169
11.860000    1466.578735
11.870000    1467.348755
11.880000    1468.084106
11.890000    1468.812744
11.900000    1469.537231
11.910000    1470.242554
11.920000    1470.972778
11.930000    1471.688599
11.940000    1472.459961
11.950000    1473.242920
11.960000    1474.015137
11.970000    1474.776123
11.980000    1475.546875
11.990000    1476.302979
12.000000    1477.115112
12.010000    1477.868164
12.020000    1478.659058
12.030000    1479.369751
12.040000    1480.042847
12.050000    1480.722046
12.060000    1481.450439
12.070000    1482.187744
12.080000    1482.953003
12.090000    1483.693970
12.100000    1484.393433
12.110000    1485.127075
12.120000    1485.903931
12.130000    1486.682251
12.140000    1487.499512
12.150000    1488.310913
12.160000    1489.155029
12.170000    1489.938721
12.180000    1490.704712
12.190000    1491.470215
12.200000    1492.246216
12.210000    1493.069214
12.220000    1493.820923
12.230000    1494.567627
12.240000    1495.305298
12.250000    1496.078491
12.260000    1496.832031
12.270000    1497.579224
12.280000    1498.304932
12.290000    1499.051514
12.300000    1499.791748
12.310000    1500.561401
12.320000    1501.273315
12.330000    1502.010742
12.340000    1502.818848
12.350000    1503.617432
12.360000    1504.404053
12.370000    1505.173096
12.380000    1505.866089
12.390000    1506.561279
12.400000    1507.247559
12.410000    1507.938843
12.420000    1508.688843
12.430000    1509.409180
12.440000    1510.200439
12.450000    1511.016113
12.460000    1511.841431
12.470000    1512.679443
12.480000    1513.491455
12.490000    1514.263184
12.500000    1515.070190
12.510000    1515.857910
12.520000    1516.621826
12.530000    1517.416138
12.540000    1518.211304
12.550000    1519.094360
12.560000    1519.907349
12.570000    1520.759644
12.580000    1521.595825
12.590000    1522.368164
12.600000    1523.159790
12.610000    1523.878540
12.620000    1524.647583
12.630000    1525.391113
12.640000    1526.101318
12.650000    1526.829224
12.660000    1527.583862
12.670000    1528.340942
12.680000    1529.073730
12.690000    1529.840454
12.700000    1530.521362
12.710000    1531.183228
12.720000    1531.795166
12.730000    1532.366821
12.740000    1533.004395
12.750000    1533.625732
12.760000    1534.220215
12.770000    1534.819824
12.780000    1535.451904
12.790000    1536.042969
12.800000    1536.601685
12.810000    1537.122803
12.820000    1537.717407
12.830000    1538.294678
12.840000    1538.883667
12.850000    1539.434082
12.860000    1540.003418
12.870000    1540.565674
12.880000    1541.169434
12.890000    1541.735718
12.900000    1542.410522
12.910000    1543.106445
12.920000    1543.790161
12.930000    1544.446777
12.940000    1545.088501
12.950000    1545.700439
12.960000    1546.347168
12.970000    1546.991211
12.980000    1547.609131
12.990000    1548.208130
13.000000    1548.823242
13.010000    1549.393799
13.020000    1549.953613
13.030000    1550.509644
13.040000    1551.006226
13.050000    1551.511597
13.060000    1551.990479
13.070000    1552.455566
13.080000    1552.968628
13.090000    1553.478516
13.100000    1554.011475
13.110000    1554.556763
13.120000    1555.114136
13.130000    1555.663208
13.140000    1556.224121
13.150000    1556.764282
13.160000    1557.310059
13.170000    1557.915894
13.180000    1558.456421
13.190000    1559.031738
13.200000    1559.567871
13.210000    1560.112183
13.220000    1560.705566
13.230000    1561.226807
13.240000    1561.780151
13.250000    1562.371826
13.260000    1562.921265
13.270000    1563.515625
13.280000    1564.083984
13.290000    1564.682983
13.300000    1565.337402
13.310000    1566.030518
13.320000    1566.687866
13.330000    1567.363770
13.340000    1567.963501
13.350000    1568.522827
13.360000    1569.125610
13.370000    1569.717407
13.380000    1570.348022
13.390000    1570.967407
13.400000    1571.567139
13.410000    1572.212524
13.420000    1572.847290
13.430000    1573.518799
13.440000    1574.180298
13.450000    1574.857178
13.460000    1575.473999
13.470000    1576.092651
13.480000    1576.695923
13.490000    1577.280640
13.500000    1577.866821
13.510000    1578.494629
13.520000    1579.168579
13.530000    1579.843872
13.540000    1580.544922
13.550000    1581.274292
13.560000    1581.959473
13.570000    1582.639404
13.580000    1583.304443
13.590000    1583.956299
13.600000    1584.581177
13.610000    1585.300903
13.620000    1585.963623
13.630000    1586.584106
13.640000    1587.232666
13.650000    1587.810669
13.660000    1588.460693
13.670000    1589.078491
13.680000    1589.669189
13.690000    1590.291748
13.700000    1590.886597
13.710000    1591.533691
13.720000    1592.231323
13.730000    1592.901245
13.740000    1593.480835
13.750000    1594.157593
13.760000    1594.904541
13.770000    1595.676392
13.780000    1596.432495
13.790000    1597.234131
13.800000    1597.985474
13.810000    1598.686890
13.820000    1599.370972
13.830000    1600.027954
13.840000    1600.737427
13.850000    1601.459229
13.860000    1602.204712
13.870000    1603.027832
13.880000    1603.803711
13.890000    1604.597778
13.900000    1605.387085
13.910000    1606.112183
13.920000    1606.816895
13.930000    1607.519409
13.940000    1608.179565
13.950000    1608.871460
13.960000    1609.571045
13.970000    1610.280518
13.980000    1610.977539
13.990000    1611.616455
14.000000    1612.302734
14.010000    1612.982056
14.020000    1613.702759
14.030000    1614.432373
14.040000    1615.134277
14.050000    1615.829712
14.060000    1616.524536
14.070000    1617.271362
14.080000    1618.011230
14.090000    1618.736572
14.100000    1619.447998
14.110000    1620.136108
14.120000    1620.813354
14.130000    1621.416504
14.140000    1622.032715
14.150000    1622.659790
14.160000    1623.267334
14.170000    1623.862305
14.180000    1624.461792
14.190000    1625.088745
14.200000    1625.737549
14.210000    1626.344238
14.220000    1626.917725
14.230000    1627.534912
14.240000    1628.135376
14.250000    1628.796021
14.260000    1629.448730
14.270000    1630.120972
14.280000    1630.766235
14.290000    1631.427612
14.300000    1632.103760
14.310000    1632.770264
14.320000    1633.476318
14.330000    1634.120728
14.340000    1634.869751
14.350000    1635.566528
14.360000    1636.229004
14.370000    1636.878296
14.380000    1637.552002
14.390000    1638.239014
14.400000    1638.990723
14.410000    1639.723877
14.420000    1640.424805
14.430000    1641.159668
14.440000    1641.876587
14.450000    1642.629883
14.460000    1643.403809
14.470000    1644.192261
14.480000    1644.984131
14.490000    1645.770996
14.500000    1646.521484
14.510000    1647.261841
14.520000    1647.985229
14.530000    1648.710327
14.540000    1649.447266
14.550000    1650.199219
14.560000    1650.981079
14.570000    1651.768799
14.580000    1652.502808
14.590000    1653.285034
14.600000    1654.047241
14.610000    1654.825073
14.620000    1655.566162
14.630000    1656.289795
14.640000    1656.976807
14.650000    1657.684692
14.660000    1658.427612
14.670000    1659.217163
14.680000    1660.026489
14.690000    1660.751709
14.700000    1661.496582
14.710000    1662.257690
14.720000    1662.936157
14.730000    1663.730591
14.740000    1664.484741
14.750000    1665.212158
14.760000    1665.949585
14.770000    1666.638916
14.780000    1667.379028
14.790000    1668.140137
14.800000    1668.889282
14.810000    1669.707764
14.820000    1670.452637
14.830000    1671.248779
14.840000    1672.000854
14.850000    1672.741089
14.860000    1673.495605
14.870000    1674.241333
14.880000    1674.983154
14.890000    1675.764771
14.900000    1676.449463
14.910000    1677.088623
14.920000    1677.826172
14.930000    1678.530273
14.940000    1679.286133
14.950000    1680.095581
14.960000    1680.924072
14.970000    1681.704956
14.980000    1682.503662
14.990000    1683.301392
15.000000    1684.081421
15.010000    1684.836670
15.020000    1685.538330
15.030000    1686.237183
15.040000    1687.012207
15.050000    1687.796997
15.060000    1688.552002
15.070000    1689.321167
15.080000    1690.035400
15.090000    1690.801514
15.100000    1691.508545
15.110000    1692.187866
15.120000    1692.873535
15.130000    1693.547852
15.140000    1694.262085
15.150000    1694.965332
15.160000    1695.716919
15.170000    1696.453369
15.180000    1697.204834
15.190000    1697.912354
15.200000    1698.620972
15.210000    1699.351929
15.220000    1700.032227
15.230000    1700.711182
15.240000    1701.382690
15.250000    1702.050537
15.260000    1702.661011
15.270000    1703.373169
15.280000    1704.108276
15.290000    1704.840820
15.300000    1705.589355
15.310000    1706.368042
15.320000    1707.139771
15.330000    1707.902344
15.340000    1708.583496
15.350000    1709.280151
15.360000    1709.966919
15.370000    1710.683838
15.380000    1711.392090
15.390000    1712.126465
15.400000    1712.846191
15.410000    1713.561401
15.420000    1714.302490
15.430000    1715.019043
15.440000    1715.715210
15.450000    1716.325684
15.460000    1716.992920
15.470000    1717.596191
15.480000    1718.211060
15.490000    1718.908081
15.500000    1719.610718
15.510000    1720.294556
15.520000    1720.984131
15.530000    1721.667847
15.540000    1722.256592
15.550000    1722.863281
15.560000    1723.480713
15.570000    1724.067383
15.580000    1724.704712
15.590000    1725.336914
15.600000    1725.921631
15.610000    1726.509399
15.620000    1727.109497
15.630000    1727.703003
15.640000    1728.328125
15.650000    1728.971924
15.660000    1729.640381
15.670000    1730.292603
15.680000    1730.948975
15.690000    1731.640137
15.700000    1732.267334
15.710000    1732.892212
15.720000    1733.489014
15.730000    1734.084229
15.740000    1734.689941
15.750000    1735.262085
15.760000    1735.861328
15.770000    1736.454102
15.780000    1737.028198
15.790000    1737.651611
15.800000    1738.283325
15.810000    1738.949951
15.820000    1739.505005
15.830000    1740.092285
15.840000    1740.619629
15.850000    1741.188843
15.860000    1741.714233
15.870000    1742.236694
15.880000    1742.788086
15.890000    1743.299805
15.900000    1743.897217
15.910000    1744.449097
15.920000    1744.981689
15.930000    1745.527954
15.940000    1746.069458
15.950000    1746.590088
15.960000    1747.204834
15.970000    1747.743164
15.980000    1748.258179
15.990000    1748.789673
16.000000    1749.346436
16.010000    1749.921875
16.020000    1750.517700
16.030000    1751.130981
16.040000    1751.745850
16.050000    1752.365112
16.060000    1753.016357
16.070000    1753.684814
16.080000    1754.315796
16.090000    1754.948120
16.100000    1755.542603
16.110000    1756.160278
16.120000    1756.747925
16.130000    1757.392944
16.140000    1758.005493
16.150000    1758.582642
16.160000    1759.176025
16.170000    1759.736572
16.180000    1760.279297
16.190000    1760.822632
16.200000    1761.369507
16.210000    1761.886475
16.220000    1762.442383
16.230000    1762.959473
16.240000    1763.463257
16.250000    1763.955078
16.260000    1764.583008
16.270000    1765.234741
16.280000    1765.883057
16.290000    1766.533081
16.300000    1767.227417
16.310000    1767.892090
16.320000    1768.591064
16.330000    1769.283569
16.340000    1770.000488
16.350000    1770.732056
16.360000    1771.418701
16.370000    1772.089111
16.380000    1772.744019
16.390000    1773.410278
16.400000    1774.050537
16.410000    1774.683594
16.420000    1775.303345
16.430000    1775.932251
16.440000    1776.537598
16.450000    1777.149048
16.460000    1777.780396
16.470000    1778.380615
16.480000    1778.972778
16.490000    1779.557861
16.500000    1780.187988
16.510000    1780.756836
16.520000    1781.332642
16.530000    1781.958984
16.540000    1782.582275
16.550000    1783.250000
16.560000    1783.941895
16.570000    1784.604858
16.580000    1785.267090
16.590000    1785.878784
16.600000    1786.490723
16.610000    1787.101685
16.620000    1787.713623
16.630000    1788.334351
16.640000    1788.937500
16.650000    1789.517212
16.660000    1790.140381
16.670000    1790.747803
16.680000    1791.397583
16.690000    1791.996704
16.700000    1792.565796
16.710000    1793.156982
16.720000    1793.783325
16.730000    1794.417236
16.740000    1795.004272
16.750000    1795.582153
16.760000    1796.144653
16.770000    1796.666748
16.780000    1797.189941
16.790000    1797.714478
16.800000    1798.236084
16.810000    1798.827271
16.820000    1799.367310
16.830000    1799.937378
16.840000    1800.524292
16.850000    1801.082642
16.860000    1801.646729
16.870000    1802.233887
16.880000    1802.782104
16.890000    1803.312134
16.900000    1803.875488
16.910000    1804.408203
16.920000    1804.964478
16.930000    1805.571655
16.940000    1806.179565
16.950000    1806.807373
16.960000    1807.499512
16.970000    1808.146484
16.980000    1808.746216
16.990000    1809.393066
17.000000    1809.996460
17.010000    1810.645996
17.020000    1811.242920
17.030000    1811.846558
17.040000    1812.473755
17.050000    1813.004395
17.060000    1813.577271
17.070000    1814.261108
17.080000    1814.915039
17.090000    1815.519043
17.100000    1816.124146
17.110000    1816.717896
17.120000    1817.346558
17.130000    1817.941772
17.140000    1818.523804
17.150000    1819.096191
17.160000    1819.684326
17.170000    1820.264160
17.180000    1820.790405
17.190000    1821.346558
17.200000    1821.878296
17.210000    1822.440918
17.220000    1822.995728
17.230000    1823.567139
17.240000    1824.141724
17.250000    1824.776611
17.260000    1825.403198
17.270000    1826.013794
17.280000    1826.595215
17.290000    1827.211914
17.300000    1827.772461
17.310000    1828.288574
17.320000    1828.816162
17.330000    1829.376221
17.340000    1830.036743
17.350000    1830.609131
17.360000    1831.241089
17.370000    1831.831055
17.380000    1832.444336
17.390000    1833.035889
17.400000    1833.684692
17.410000    1834.315186
17.420000    1834.867676
17.430000    1835.465820
17.440000    1836.072144
17.450000    1836.671143
17.460000    1837.282104
17.470000    1837.847900
17.480000    1838.516602
17.490000    1839.164185
17.500000    1839.762573
17.510000    1840.371582
17.520000    1841.031860
17.530000    1841.731934
17.540000    1842.503296
17.550000    1843.196899
17.560000    1843.831421
17.570000    1844.473877
17.580000    1845.124390
17.590000    1845.803955
17.600000    1846.443481
17.610000    1847.093994
17.620000    1847.750732
17.630000    1848.395996
17.640000    1849.087646
17.650000    1849.694702
17.660000    1850.256836
17.670000    1850.860718
17.680000    1851.383667
17.690000    1851.955566
17.700000    1852.569702
17.710000    1853.188965
17.720000    1853.768555
17.730000    1854.321533
17.740000    1854.894165
17.750000    1855.485352
17.760000    1856.082642
17.770000    1856.691162
17.780000    1857.321289
17.790000    1857.981934
17.800000    1858.635742
17.810000    1859.360352
17.820000    1860.152222
17.830000    1860.906738
17.840000    1861.714844
17.850000    1862.570801
17.860000    1863.352173
17.870000    1864.136719
17.880000    1864.848267
17.890000    1865.564697
17.900000    1866.338989
17.910000    1867.171997
17.920000    1867.924927
17.930000    1868.636719
17.940000    1869.314331
17.950000    1870.034668
17.960000    1870.697266
17.970000    1871.357056
17.980000    1872.057983
17.990000    1872.768555
18.000000    1873.458252
18.010000    1874.096680
18.020000    1874.719849
18.030000    1875.324951
18.040000    1875.893066
18.050000    1876.477417
18.060000    1877.034668
18.070000    1877.670166
18.080000    1878.216309
18.090000    1878.771484
18.100000    1879.357788
18.110000    1879.936035
18.120000    1880.617676
18.130000    1881.248535
18.140000    1881.872192
18.150000    1882.453735
18.160000    1883.051758
18.170000    1883.682251
18.180000    1884.334839
18.190000    1884.992676
18.200000    1885.698364
18.210000    1886.359375
18.220000    1887.028931
18.230000    1887.755249
18.240000    1888.431519
18.250000    1889.137939
18.260000    1889.763428
18.270000    1890.425781
18.280000    1891.026245
18.290000    1891.684448
18.300000    1892.310181
18.310000    1892.977295
18.320000    1893.686401
18.330000    1894.317017
18.340000    1894.998901
18.350000    1895.694336
18.360000    1896.366699
18.370000    1897.078735
18.380000    1897.762817
18.390000    1898.475952
18.400000    1899.159912
18.410000    1899.806152
18.420000    1900.468262
18.430000    1901.077026
18.440000    1901.742065
18.450000    1902.422974
18.460000    1903.101318
18.470000    1903.810059
18.480000    1904.546631
18.490000    1905.254639
18.500000    1905.991577
18.510000    1906.707275
18.520000    1907.428955
18.530000    1908.157349
18.540000    1908.885376
18.550000    1909.645020
18.560000    1910.455200
18.570000    1911.263306
18.580000    1912.018677
18.590000    1912.812988
18.600000    1913.596680
18.610000    1914.323242
18.620000    1915.041992
18.630000    1915.741211
18.640000    1916.461304
18.650000    1917.252930
18.660000    1918.060669
18.670000    1918.934204
18.680000    1919.753906
18.690000    1920.554443
18.700000    1921.324097
18.710000    1922.069336
18.720000    1922.850586
18.730000    1923.573853
18.740000    1924.362793
18.750000    1925.005737
18.760000    1925.643921
18.770000    1926.246094
18.780000    1926.889526
18.790000    1927.494629
18.800000    1928.159790
18.810000    1928.843872
18.820000    1929.557251
18.830000    1930.310059
18.840000    1931.081787
18.850000    1931.847046
18.860000    1932.615112
18.870000    1933.338013
18.880000    1934.004639
18.890000    1934.669800
18.900000    1935.290405
18.910000    1935.933105
18.920000    1936.638672
18.930000    1937.345337
18.940000    1937.965942
18.950000    1938.604370
18.960000    1939.268433
18.970000    1939.940796
18.980000    1940.642822
18.990000    1941.360107
19.000000    1942.055176
19.010000    1942.749512
19.020000    1943.430420
19.030000    1944.096802
19.040000    1944.731079
19.050000    1945.441650
19.060000    1946.219482
19.070000    1947.004272
19.080000    1947.713867
19.090000    1948.477661
19.100000    1949.277710
19.110000    1950.054077
19.120000    1950.913818
19.130000    1951.697021
19.140000    1952.496826
19.150000    1953.319946
19.160000    1954.184814
19.170000    1954.991455
19.180000    1955.810059
19.190000    1956.671631
19.200000    1957.565552
19.210000    1958.410767
19.220000    1959.195679
19.230000    1959.933105
19.240000    1960.685791
19.250000    1961.379028
19.260000    1962.146729
19.270000    1962.967773
19.280000    1963.759033
19.290000    1964.598999
19.300000    1965.431152
19.310000    1966.234009
19.320000    1967.003906
19.330000    1967.785278
19.340000    1968.487793
19.350000    1969.243164
19.360000    1969.957520
19.370000    1970.718750
19.380000    1971.454956
19.390000    1972.156250
19.400000    1972.874146
19.410000    1973.610718
19.420000    1974.414307
19.430000    1975.227173
19.440000    1976.016235
19.450000    1976.774414
19.460000    1977.594238
19.470000    1978.408691
19.480000    1979.189331
19.490000    1980.026245
19.500000    1980.849243
19.510000    1981.606689
19.520000    1982.332764
19.530000    1983.065308
19.540000    1983.805908
19.550000    1984.528198
19.560000    1985.298096
19.570000    1986.107300
19.580000    1986.905396
19.590000    1987.677734
19.600000    1988.447754
19.610000    1989.252686
19.620000    1990.062134
19.630000    1990.886353
19.640000    1991.666382
19.650000    1992.454590
19.660000    1993.238647
19.670000    1994.054810
19.680000    1994.877197
19.690000    1995.657104
19.700000    1996.398560
19.710000    1997.184082
19.720000    1997.997192
19.730000    1998.765381
19.740000    1999.572144
19.750000    2000.243652
19.760000    2000.970215
19.770000    2001.656616
19.780000    2002.338135
19.790000    2003.073853
19.800000    2003.800659
19.810000    2004.483032
19.820000    2005.156250
19.830000    2005.819214
19.840000    2006.455811
19.850000    2007.290894
19.860000    2008.030273
19.870000    2008.792603
19.880000    2009.557251
19.890000    2010.409058
19.900000    2011.251099
19.910000    2012.134644
19.920000    2013.003906
19.930000    2013.823853
19.940000    2014.620972
19.950000    2015.427124
19.960000    2016.199463
19.970000    2016.995972
19.980000    2017.808960
19.990000    2018.570557
20.000000    2019.342773
20.010000    2020.044678
20.020000    2020.804810
20.030000    2021.539551
20.040000    2022.294922
20.050000    2023.051147
20.060000    2023.804810
20.070000    2024.584595
20.080000    2025.330078
20.090000    2026.041260
20.100000    2026.818359
20.110000    2027.561279
20.120000    2028.248779
20.130000    2029.002075
20.140000    2029.734985
20.150000    2030.480835
20.160000    2031.206055
20.170000    2031.984741
20.180000    2032.766357
20.190000    2033.578857
20.200000    2034.484131
20.210000    2035.360474
20.220000    2036.228271
20.230000    2037.125610
20.240000    2038.024780
20.250000    2038.781372
20.260000    2039.570923
20.270000    2040.375977
20.280000    2041.148804
20.290000    2042.011719
20.300000    2042.814819
20.310000    2043.558350
20.320000    2044.384155
20.330000    2045.170288
20.340000    2045.925537
20.350000    2046.736328
20.360000    2047.539185
20.370000    2048.289795
20.380000    2049.016113
20.390000    2049.766113
20.400000    2050.502930
20.410000    2051.228027
20.420000    2051.918701
20.430000    2052.666016
20.440000    2053.426270
20.450000    2054.172119
20.460000    2054.883789
20.470000    2055.543701
20.480000    2056.237305
20.490000    2056.876709
20.500000    2057.557861
20.510000    2058.200439
20.520000    2058.881836
20.530000    2059.590820
20.540000    2060.318848
20.550000    2061.029297
20.560000    2061.696533
20.570000    2062.385010
20.580000    2063.084473
20.590000    2063.810547
20.600000    2064.481689
20.610000    2065.210938
20.620000    2065.895264
20.630000    2066.542480
20.640000    2067.201660
20.650000    2067.825439
20.660000    2068.441895
20.670000    2069.062500
20.680000    2069.760742
20.690000    2070.372803
20.700000    2071.030273
20.710000    2071.646729
20.720000    2072.265137
20.730000    2072.945068
20.740000    2073.602295
20.750000    2074.185547
20.760000    2074.783203
20.770000    2075.428955
20.780000    2076.045654
20.790000    2076.715820
20.800000    2077.355957
20.810000    2078.016357
20.820000    2078.763184
20.830000    2079.424561
20.840000    2079.999023
20.850000    2080.588135
20.860000    2081.258057
20.870000    2081.971924
20.880000    2082.648926
20.890000    2083.340088
20.900000    2084.057373
20.910000    2084.785889
20.920000    2085.501465
20.930000    2086.232910
20.940000    2086.944824
20.950000    2087.570557
20.960000    2088.290771
20.970000    2089.038574
20.980000    2089.806885
20.990000    2090.493408
21.000000    2091.151123
21.010000    2091.784912
21.020000    2092.458008
21.030000    2093.151611
21.040000    2093.739258
21.050000    2094.336914
21.060000    2094.922363
21.070000    2095.481934
21.080000    2096.014893
21.090000    2096.549561
21.100000    2097.085449
21.110000    2097.610840
21.120000    2098.166748
21.130000    2098.772461
21.140000    2099.409912
21.150000    2100.084717
21.160000    2100.698975
21.170000    2101.382324
21.180000    2102.035156
21.190000    2102.694092
21.200000    2103.307129
21.210000    2103.980957
21.220000    2104.606445
21.230000    2105.226074
21.240000    2105.952148
21.250000    2106.644287
21.260000    2107.349121
21.270000    2108.073975
21.280000    2108.810303
21.290000    2109.520508
21.300000    2110.277100
21.310000    2110.968750
21.320000    2111.670654
21.330000    2112.356689
21.340000    2113.001221
21.350000    2113.717041
21.360000    2114.388428
21.370000    2115.090820
21.380000    2115.773682
21.390000    2116.500732
21.400000    2117.304688
21.410000    2118.017822
21.420000    2118.782471
21.430000    2119.478760
21.440000    2120.251953
21.450000    2121.008057
21.460000    2121.815186
21.470000    2122.592285
21.480000    2123.343750
21.490000    2124.109131
21.500000    2124.917725
21.510000    2125.629883
21.520000    2126.405029
21.530000    2127.114990
21.540000    2127.814453
21.550000    2128.494385
21.560000    2129.218018
21.570000    2129.937744
21.580000    2130.685059
21.590000    2131.502441
21.600000    2132.324219
21.610000    2133.127197
21.620000    2133.913330
21.630000    2134.707031
21.640000    2135.520996
21.650000    2136.318359
21.660000    2137.057861
21.670000    2137.793213
21.680000    2138.496094
21.690000    2139.281738
21.700000    2140.046143
21.710000    2140.821533
21.720000    2141.521973
21.730000    2142.322510
21.740000    2143.034424
21.750000    2143.717773
21.760000    2144.400391
21.770000    2145.112061
21.780000    2145.836182
21.790000    2146.501709
21.800000    2147.239014
21.810000    2147.930908
21.820000    2148.571533
21.830000    2149.257812
21.840000    2149.937012
21.850000    2150.630859
21.860000    2151.347168
21.870000    2152.109131
21.880000    2152.870850
21.890000    2153.637207
21.900000    2154.425049
21.910000    2155.150391
21.920000    2155.905762
21.930000    2156.618652
21.940000    2157.337158
21.950000    2158.079834
21.960000    2158.820312
21.970000    2159.540283
21.980000    2160.272217
21.990000    2160.988281
22.000000    2161.645996
22.010000    2162.327637
22.020000    2163.020752
22.030000    2163.687988
22.040000    2164.357422
22.050000    2164.987793
22.060000    2165.586182
22.070000    2166.194092
22.080000    2166.868652
22.090000    2167.559082
22.100000    2168.253662
22.110000    2168.974854
22.120000    2169.790039
22.130000    2170.550293
22.140000    2171.387207
22.150000    2172.164062
22.160000    2173.031982
22.170000    2173.817139
22.180000    2174.557617
22.190000    2175.328613
22.200000    2176.102295
22.210000    2176.864990
22.220000    2177.616943
22.230000    2178.384521
22.240000    2179.132324
22.250000    2179.857178
22.260000    2180.587402
22.270000    2181.298828
22.280000    2182.004639
22.290000    2182.720459
22.300000    2183.392334
22.310000    2184.029297
22.320000    2184.692383
22.330000    2185.275391
22.340000    2185.915039
22.350000    2186.543701
22.360000    2187.183594
22.370000    2187.845947
22.380000    2188.491699
22.390000    2189.173096
22.400000    2189.866943
22.410000    2190.598145
22.420000    2191.316162
22.430000    2192.018799
22.440000    2192.707520
22.450000    2193.397217
22.460000    2194.082520
22.470000    2194.692139
22.480000    2195.268799
22.490000    2195.813232
22.500000    2196.411865
22.510000    2196.958008
22.520000    2197.537598
22.530000    2198.157471
22.540000    2198.764160
22.550000    2199.364746
22.560000    2199.952393
22.570000    2200.529053
22.580000    2201.106934
22.590000    2201.749512
22.600000    2202.421143
22.610000    2203.044678
22.620000    2203.697998
22.630000    2204.347656
22.640000    2204.977295
22.650000    2205.652832
22.660000    2206.240234
22.670000    2206.843262
22.680000    2207.480225
22.690000    2208.053711
22.700000    2208.595215
22.710000    2209.247803
22.720000    2209.871582
22.730000    2210.437988
22.740000    2211.039307
22.750000    2211.641602
22.760000    2212.288818
22.770000    2212.886230
22.780000    2213.534424
22.790000    2214.161865
22.800000    2214.780273
22.810000    2215.387939
22.820000    2216.081543
22.830000    2216.735596
22.840000    2217.361084
22.850000    2217.997803
22.860000    2218.528320
22.870000    2219.081543
22.880000    2219.675049
22.890000    2220.294678
22.900000    2220.919434
22.910000    2221.595459
22.920000    2222.348145
22.930000    2223.045654
22.940000    2223.693359
22.950000    2224.363281
22.960000    2225.075439
22.970000    2225.662354
22.980000    2226.336670
22.990000    2226.948975
23.000000    2227.557617
23.010000    2228.188965
23.020000    2228.907227
23.030000    2229.620850
23.040000    2230.399902
23.050000    2231.152100
23.060000    2231.836182
23.070000    2232.531982
23.080000    2233.222168
23.090000    2233.917480
23.100000    2234.545898
23.110000    2235.163330
23.120000    2235.813232
23.130000    2236.488037
23.140000    2237.206787
23.150000    2237.821777
23.160000    2238.473633
23.170000    2239.121582
23.180000    2239.813721
23.190000    2240.458252
23.200000    2241.150391
23.210000    2241.913086
23.220000    2242.704834
23.230000    2243.447754
23.240000    2244.199707
23.250000    2244.884521
23.260000    2245.571777
23.270000    2246.257324
23.280000    2246.932617
23.290000    2247.675293
23.300000    2248.353271
23.310000    2249.042725
23.320000    2249.750732
23.330000    2250.418701
23.340000    2251.069336
23.350000    2251.732666
23.360000    2252.297363
23.370000    2252.929199
23.380000    2253.600830
23.390000    2254.256836
23.400000    2254.894531
23.410000    2255.486572
23.420000    2256.103516
23.430000    2256.708740
23.440000    2257.307129
23.450000    2257.928955
23.460000    2258.585693
23.470000    2259.228760
23.480000    2259.856201
23.490000    2260.386475
23.500000    2260.941895
23.510000    2261.479980
23.520000    2261.887939
23.530000    2262.318359
23.540000    2262.815918
23.550000    2263.305908
23.560000    2263.788574
23.570000    2264.229492
23.580000    2264.688232
23.590000    2265.205566
23.600000    2265.722412
23.610000    2266.238037
23.620000    2266.822754
23.630000    2267.358398
23.640000    2267.964600
23.650000    2268.452148
23.660000    2268.950684
23.670000    2269.432129
23.680000    2269.960205
23.690000    2270.583740
23.700000    2271.163574
23.710000    2271.786621
23.720000    2272.406250
23.730000    2273.052002
23.740000    2273.600098
23.750000    2274.242676
23.760000    2274.783691
23.770000    2275.317383
23.780000    2275.929443
23.790000    2276.575439
23.800000    2277.168945
23.810000    2277.731445
23.820000    2278.331055
23.830000    2278.863281
23.840000    2279.423340
23.850000    2280.058838
23.860000    2280.642334
23.870000    2281.248047
23.880000    2281.864502
23.890000    2282.479248
23.900000    2283.056396
23.910000    2283.609863
23.920000    2284.201904
23.930000    2284.776855
23.940000    2285.359863
23.950000    2285.931885
23.960000    2286.535645
23.970000    2287.225830
23.980000    2287.849121
23.990000    2288.440674
24.000000    2289.052734
24.010000    2289.654297
24.020000    2290.270752
24.030000    2290.868408
24.040000    2291.502686
24.050000    2292.136719
24.060000    2292.762451
24.070000    2293.458252
24.080000    2294.142578
24.090000    2294.820557
24.100000    2295.438477
24.110000    2296.050537
24.120000    2296.691162
24.130000    2297.235107
24.140000    2297.890381
24.150000    2298.439453
24.160000    2299.048340
24.170000    2299.637207
24.180000    2300.274170
24.190000    2300.935303
24.200000    2301.579834
24.210000    2302.271973
24.220000    2302.985107
24.230000    2303.721191
24.240000    2304.425781
24.250000    2305.105957
24.260000    2305.773682
24.270000    2306.454590
24.280000    2307.121094
24.290000    2307.698730
24.300000    2308.340088
24.310000    2308.920166
24.320000    2309.499512
24.330000    2310.048584
24.340000    2310.615479
24.350000    2311.102295
24.360000    2311.631592
24.370000    2312.129883
24.380000    2312.693359
24.390000    2313.342041
24.400000    2313.995605
24.410000    2314.581299
24.420000    2315.144287
24.430000    2315.736328
24.440000    2316.333252
24.450000    2316.873535
24.460000    2317.500732
24.470000    2318.130615
24.480000    2318.729248
24.490000    2319.302734
24.500000    2319.933350
24.510000    2320.572021
24.520000    2321.164307
24.530000    2321.723145
24.540000    2322.371582
24.550000    2323.000244
24.560000    2323.623535
24.570000    2324.276367
24.580000    2324.909668
24.590000    2325.554199
24.600000    2326.171387
24.610000    2326.790039
24.620000    2327.377197
24.630000    2327.918701
24.640000    2328.511475
24.650000    2329.030762
24.660000    2329.530273
24.670000    2330.004639
24.680000    2330.461182
24.690000    2330.981934
24.700000    2331.525391
24.710000    2332.050781
24.720000    2332.638428
24.730000    2333.181885
24.740000    2333.715332
24.750000    2334.330078
24.760000    2334.953613
24.770000    2335.537842
24.780000    2336.145996
24.790000    2336.771973
24.800000    2337.393066
24.810000    2338.030518
24.820000    2338.672119
24.830000    2339.361572
24.840000    2340.050781
24.850000    2340.738281
24.860000    2341.374268
24.870000    2341.971191
24.880000    2342.686768
24.890000    2343.337158
24.900000    2343.979736
24.910000    2344.651367
24.920000    2345.302002
24.930000    2345.960693
24.940000    2346.560303
24.950000    2347.279785
24.960000    2348.022949
24.970000    2348.684326
24.980000    2349.381592
24.990000    2350.102295
