#  t (ns) MSD (A^2) D = 2.4510e-06 1.08e-08 cm^2/s nu = 8.6624e-01 9.47e-04
0.000000    -0.000422
0.010000    18.188776
0.020000    30.065704
0.030000    40.145603
0.040000    49.079929
0.050000    57.212582
0.060000    64.792412
0.070000    71.864822
0.080000    78.562401
0.090000    84.900734
0.100000    90.946564
0.110000    96.744606
0.120000    102.332909
0.130000    107.747154
0.140000    112.882812
0.150000    117.864716
0.160000    122.599030
0.170000    127.293411
0.180000    131.838196
0.190000    136.286758
0.200000    140.583130
0.210000    144.820831
0.220000    148.949173
0.230000    152.939575
0.240000    156.846573
0.250000    160.699310
0.260000    164.513245
0.270000    168.269684
0.280000    171.947678
0.290000    175.606094
0.300000    179.092728
0.310000    182.671875
0.320000    186.135574
0.330000    189.583939
0.340000    192.973114
0.350000    196.382996
0.360000    199.763031
0.370000    203.139557
0.380000    206.515121
0.390000    209.836243
0.400000    213.181259
0.410000    216.459671
0.420000    219.656464
0.430000    222.831161
0.440000    225.975998
0.450000    229.087448
0.460000    232.130508
0.470000    235.169769
0.480000    238.232040
0.490000    241.266647
0.500000    244.183380
0.510000    247.021118
0.520000    249.877609
0.530000    252.771957
0.540000    255.600601
0.550000    258.461517
0.560000    261.296600
0.570000    264.114899
0.580000    266.840027
0.590000    269.546021
0.600000    272.292877
0.610000    274.930054
0.620000    277.515594
0.630000    280.143707
0.640000    282.797668
0.650000    285.459045
0.660000    288.086151
0.670000    290.735474
0.680000    293.365204
0.690000    296.045807
0.700000    298.768677
0.710000    301.489899
0.720000    304.164825
0.730000    306.757629
0.740000    309.313293
0.750000    311.830597
0.760000    314.298676
0.770000    316.763489
0.780000    319.322174
0.790000    321.750000
0.800000    324.138184
0.810000    326.582489
0.820000    329.039825
0.830000    331.574493
0.840000    334.004211
0.850000    336.437408
0.860000    338.825012
0.870000    341.315857
0.880000    343.756958
0.890000    346.145782
0.900000    348.476746
0.910000    350.899567
0.920000    353.298431
0.930000    355.640289
0.940000    357.997772
0.950000    360.369598
0.960000    362.760803
0.970000    365.072784
0.980000    367.402283
0.990000    369.708710
1.000000    371.998291
1.010000    374.271545
1.020000    376.599274
1.030000    378.952515
1.040000    381.214050
1.050000    383.454926
1.060000    385.683960
1.070000    387.866211
1.080000    390.056946
1.090000    392.290100
1.100000    394.578033
1.110000    396.819885
1.120000    398.962128
1.130000    401.134186
1.140000    403.339905
1.150000    405.559204
1.160000    407.761353
1.170000    409.963165
1.180000    412.151306
1.190000    414.300598
1.200000    416.415588
1.210000    418.503937
1.220000    420.665070
1.230000    422.774109
1.240000    424.899445
1.250000    426.976501
1.260000    429.071106
1.270000    431.130981
1.280000    433.228912
1.290000    435.301178
1.300000    437.332855
1.310000    439.371582
1.320000    441.395538
1.330000    443.432739
1.340000    445.500275
1.350000    447.663971
1.360000    449.819336
1.370000    452.002594
1.380000    454.157867
1.390000    456.239502
1.400000    458.320160
1.410000    460.409180
1.420000    462.521545
1.430000    464.583252
1.440000    466.573944
1.450000    468.578674
1.460000    470.594757
1.470000    472.621857
1.480000    474.714355
1.490000    476.756317
1.500000    478.813934
1.510000    480.888489
1.520000    482.857635
1.530000    484.903259
1.540000    486.984558
1.550000    489.054688
1.560000    491.097900
1.570000    493.183868
1.580000    495.204803
1.590000    497.252533
1.600000    499.257538
1.610000    501.279205
1.620000    503.270569
1.630000    505.292572
1.640000    507.231018
1.650000    509.205139
1.660000    511.171570
1.670000    513.130371
1.680000    515.107971
1.690000    517.056274
1.700000    519.041321
1.710000    521.121704
1.720000    523.167297
1.730000    525.169128
1.740000    527.104065
1.750000    529.098450
1.760000    531.171814
1.770000    533.128052
1.780000    535.131592
1.790000    537.119385
1.800000    539.115295
1.810000    541.134705
1.820000    543.219971
1.830000    545.304260
1.840000    547.370300
1.850000    549.471924
1.860000    551.529907
1.870000    553.579895
1.880000    555.564575
1.890000    557.543701
1.900000    559.556213
1.910000    561.623535
1.920000    563.689453
1.930000    565.713379
1.940000    567.772949
1.950000    569.852600
1.960000    572.060913
1.970000    574.211609
1.980000    576.215759
1.990000    578.270447
2.000000    580.339783
2.010000    582.411804
2.020000    584.597229
2.030000    586.747192
2.040000    588.868591
2.050000    590.954651
2.060000    593.017761
2.070000    595.042175
2.080000    597.038940
2.090000    599.023926
2.100000    600.965820
2.110000    602.954224
2.120000    604.969666
2.130000    606.972961
2.140000    608.906006
2.150000    610.952454
2.160000    612.952148
2.170000    615.040649
2.180000    617.055237
2.190000    619.134277
2.200000    621.131836
2.210000    623.198242
2.220000    625.233276
2.230000    627.247803
2.240000    629.258301
2.250000    631.241882
2.260000    633.260498
2.270000    635.323181
2.280000    637.352783
2.290000    639.329834
2.300000    641.367432
2.310000    643.418274
2.320000    645.467285
2.330000    647.531311
2.340000    649.559326
2.350000    651.594238
2.360000    653.674500
2.370000    655.712708
2.380000    657.784119
2.390000    659.770508
2.400000    661.742554
2.410000    663.644836
2.420000    665.632507
2.430000    667.611877
2.440000    669.668762
2.450000    671.696777
2.460000    673.694092
2.470000    675.689819
2.480000    677.581909
2.490000    679.532654
2.500000    681.411255
2.510000    683.289124
2.520000    685.233276
2.530000    687.125305
2.540000    688.982361
2.550000    690.821289
2.560000    692.699585
2.570000    694.563049
2.580000    696.532043
2.590000    698.439331
2.600000    700.385071
2.610000    702.270020
2.620000    704.181213
2.630000    706.046448
2.640000    707.902100
2.650000    709.770813
2.660000    711.667725
2.670000    713.628357
2.680000    715.572449
2.690000    717.495972
2.700000    719.382874
2.710000    721.309448
2.720000    723.192261
2.730000    724.998901
2.740000    726.870117
2.750000    728.652710
2.760000    730.468750
2.770000    732.273193
2.780000    733.969849
2.790000    735.766174
2.800000    737.599915
2.810000    739.426086
2.820000    741.252991
2.830000    743.137878
2.840000    744.922607
2.850000    746.752930
2.860000    748.549744
2.870000    750.413940
2.880000    752.295898
2.890000    754.118347
2.900000    755.940063
2.910000    757.761658
2.920000    759.598877
2.930000    761.418274
2.940000    763.172180
2.950000    764.943726
2.960000    766.786377
2.970000    768.614807
2.980000    770.492004
2.990000    772.289429
3.000000    774.129578
3.010000    775.986267
3.020000    777.838989
3.030000    779.650574
3.040000    781.436707
3.050000    783.249268
3.060000    785.044067
3.070000    786.821655
3.080000    788.612366
3.090000    790.461121
3.100000    792.282837
3.110000    794.152588
3.120000    796.020935
3.130000    797.815735
3.140000    799.666504
3.150000    801.499268
3.160000    803.310791
3.170000    805.055054
3.180000    806.776733
3.190000    808.559387
3.200000    810.279236
3.210000    812.023071
3.220000    813.774048
3.230000    815.529053
3.240000    817.373413
3.250000    819.179443
3.260000    820.917236
3.270000    822.669250
3.280000    824.364990
3.290000    826.072449
3.300000    827.840820
3.310000    829.557556
3.320000    831.280640
3.330000    833.013428
3.340000    834.723511
3.350000    836.438293
3.360000    838.149597
3.370000    839.898315
3.380000    841.661621
3.390000    843.420715
3.400000    845.195862
3.410000    846.882874
3.420000    848.595764
3.430000    850.369385
3.440000    852.110291
3.450000    853.931030
3.460000    855.821655
3.470000    857.748657
3.480000    859.644775
3.490000    861.419250
3.500000    863.185852
3.510000    864.983521
3.520000    866.776062
3.530000    868.650635
3.540000    870.393005
3.550000    872.150146
3.560000    873.864014
3.570000    875.642822
3.580000    877.397583
3.590000    879.128418
3.600000    880.762390
3.610000    882.456604
3.620000    884.201172
3.630000    885.887329
3.640000    887.589417
3.650000    889.259460
3.660000    890.923462
3.670000    892.578308
3.680000    894.230103
3.690000    895.981018
3.700000    897.631348
3.710000    899.254944
3.720000    900.869202
3.730000    902.607605
3.740000    904.317871
3.750000    905.953369
3.760000    907.627380
3.770000    909.340820
3.780000    911.040649
3.790000    912.743652
3.800000    914.447327
3.810000    916.108032
3.820000    917.763489
3.830000    919.442322
3.840000    921.053101
3.850000    922.706360
3.860000    924.465515
3.870000    926.139404
3.880000    927.788452
3.890000    929.433838
3.900000    931.067078
3.910000    932.744080
3.920000    934.415405
3.930000    936.084778
3.940000    937.788818
3.950000    939.480774
3.960000    941.096497
3.970000    942.688843
3.980000    944.320496
3.990000    945.933350
4.000000    947.454956
4.010000    949.075684
4.020000    950.736572
4.030000    952.448914
4.040000    954.109436
4.050000    955.807617
4.060000    957.474670
4.070000    959.150208
4.080000    960.837097
4.090000    962.523865
4.100000    964.268311
4.110000    965.943726
4.120000    967.651306
4.130000    969.437927
4.140000    971.282288
4.150000    973.035217
4.160000    974.784119
4.170000    976.459473
4.180000    978.190613
4.190000    979.929382
4.200000    981.630493
4.210000    983.363342
4.220000    985.132202
4.230000    986.800537
4.240000    988.409729
4.250000    990.214294
4.260000    991.981262
4.270000    993.721985
4.280000    995.451965
4.290000    997.218079
4.300000    999.019714
4.310000    1000.818970
4.320000    1002.660950
4.330000    1004.444519
4.340000    1006.145142
4.350000    1007.867065
4.360000    1009.591431
4.370000    1011.297119
4.380000    1013.050476
4.390000    1014.796875
4.400000    1016.552185
4.410000    1018.228882
4.420000    1019.890503
4.430000    1021.608337
4.440000    1023.333740
4.450000    1025.012817
4.460000    1026.749146
4.470000    1028.433716
4.480000    1030.126953
4.490000    1031.786011
4.500000    1033.495239
4.510000    1035.279541
4.520000    1037.086304
4.530000    1038.812256
4.540000    1040.552368
4.550000    1042.381958
4.560000    1044.258545
4.570000    1046.153320
4.580000    1048.031982
4.590000    1049.846802
4.600000    1051.633667
4.610000    1053.472534
4.620000    1055.292114
4.630000    1057.053711
4.640000    1058.851318
4.650000    1060.584595
4.660000    1062.299927
4.670000    1063.979980
4.680000    1065.659302
4.690000    1067.370483
4.700000    1069.001465
4.710000    1070.654785
4.720000    1072.223633
4.730000    1073.760132
4.740000    1075.332275
4.750000    1076.852051
4.760000    1078.498047
4.770000    1080.201172
4.780000    1081.815186
4.790000    1083.335571
4.800000    1084.884644
4.810000    1086.469482
4.820000    1088.074097
4.830000    1089.656128
4.840000    1091.255493
4.850000    1092.862183
4.860000    1094.520508
4.870000    1096.132202
4.880000    1097.733521
4.890000    1099.456543
4.900000    1101.218262
4.910000    1102.957031
4.920000    1104.725952
4.930000    1106.485352
4.940000    1108.301025
4.950000    1110.136719
4.960000    1111.910767
4.970000    1113.684326
4.980000    1115.520630
4.990000    1117.331543
5.000000    1119.106934
5.010000    1120.867798
5.020000    1122.658203
5.030000    1124.500610
5.040000    1126.353638
5.050000    1128.083374
5.060000    1129.887451
5.070000    1131.662109
5.080000    1133.386230
5.090000    1135.112427
5.100000    1136.774414
5.110000    1138.371948
5.120000    1139.979248
5.130000    1141.577271
5.140000    1143.119629
5.150000    1144.682251
5.160000    1146.329712
5.170000    1147.920898
5.180000    1149.622070
5.190000    1151.228394
5.200000    1152.884033
5.210000    1154.514160
5.220000    1156.173340
5.230000    1157.867310
5.240000    1159.566528
5.250000    1161.207397
5.260000    1162.789429
5.270000    1164.436279
5.280000    1166.100586
5.290000    1167.691162
5.300000    1169.279541
5.310000    1170.901367
5.320000    1172.562012
5.330000    1174.169678
5.340000    1175.777466
5.350000    1177.385254
5.360000    1178.937256
5.370000    1180.465210
5.380000    1181.982300
5.390000    1183.515503
5.400000    1184.915894
5.410000    1186.363037
5.420000    1187.803955
5.430000    1189.242920
5.440000    1190.808228
5.450000    1192.365112
5.460000    1193.951782
5.470000    1195.515137
5.480000    1197.106445
5.490000    1198.685059
5.500000    1200.276245
5.510000    1201.870361
5.520000    1203.471436
5.530000    1205.093994
5.540000    1206.731934
5.550000    1208.353760
5.560000    1210.061523
5.570000    1211.802979
5.580000    1213.503540
5.590000    1215.199463
5.600000    1216.933838
5.610000    1218.558960
5.620000    1220.208618
5.630000    1221.842773
5.640000    1223.474121
5.650000    1225.084106
5.660000    1226.703979
5.670000    1228.280640
5.680000    1229.921997
5.690000    1231.503906
5.700000    1233.115845
5.710000    1234.709473
5.720000    1236.341431
5.730000    1237.999756
5.740000    1239.620850
5.750000    1241.216675
5.760000    1242.765625
5.770000    1244.354248
5.780000    1245.966064
5.790000    1247.582520
5.800000    1249.254395
5.810000    1250.905151
5.820000    1252.567383
5.830000    1254.177856
5.840000    1255.915771
5.850000    1257.614502
5.860000    1259.288330
5.870000    1261.052979
5.880000    1262.755249
5.890000    1264.444336
5.900000    1266.156372
5.910000    1267.866699
5.920000    1269.493408
5.930000    1271.180664
5.940000    1272.871094
5.950000    1274.525635
5.960000    1276.154297
5.970000    1277.872803
5.980000    1279.627197
5.990000    1281.401001
6.000000    1283.106934
6.010000    1284.751953
6.020000    1286.377808
6.030000    1288.035767
6.040000    1289.664185
6.050000    1291.357178
6.060000    1293.083618
6.070000    1294.760986
6.080000    1296.459229
6.090000    1298.125977
6.100000    1299.843140
6.110000    1301.577271
6.120000    1303.333496
6.130000    1305.001953
6.140000    1306.727295
6.150000    1308.505005
6.160000    1310.204102
6.170000    1311.962769
6.180000    1313.720947
6.190000    1315.511963
6.200000    1317.265747
6.210000    1318.987793
6.220000    1320.725464
6.230000    1322.446045
6.240000    1324.151123
6.250000    1325.886108
6.260000    1327.656006
6.270000    1329.375122
6.280000    1331.156372
6.290000    1332.920654
6.300000    1334.550781
6.310000    1336.162598
6.320000    1337.885010
6.330000    1339.564331
6.340000    1341.237061
6.350000    1342.936157
6.360000    1344.601196
6.370000    1346.295532
6.380000    1348.052612
6.390000    1349.751465
6.400000    1351.447998
6.410000    1353.144897
6.420000    1354.858643
6.430000    1356.561279
6.440000    1358.245850
6.450000    1359.894531
6.460000    1361.429443
6.470000    1363.042236
6.480000    1364.743774
6.490000    1366.377319
6.500000    1368.114868
6.510000    1369.753540
6.520000    1371.480835
6.530000    1373.127930
6.540000    1374.782227
6.550000    1376.518555
6.560000    1378.262207
6.570000    1379.932373
6.580000    1381.662964
6.590000    1383.323975
6.600000    1385.027832
6.610000    1386.699097
6.620000    1388.288574
6.630000    1389.972656
6.640000    1391.762085
6.650000    1393.500244
6.660000    1395.276611
6.670000    1397.062744
6.680000    1398.816406
6.690000    1400.583374
6.700000    1402.288208
6.710000    1404.007446
6.720000    1405.723511
6.730000    1407.332642
6.740000    1408.911255
6.750000    1410.469604
6.760000    1412.037109
6.770000    1413.564697
6.780000    1415.106079
6.790000    1416.601807
6.800000    1418.132324
6.810000    1419.569214
6.820000    1421.022461
6.830000    1422.462158
6.840000    1423.959839
6.850000    1425.517456
6.860000    1427.119263
6.870000    1428.697144
6.880000    1430.329346
6.890000    1431.953369
6.900000    1433.621948
6.910000    1435.309570
6.920000    1436.990967
6.930000    1438.719238
6.940000    1440.465820
6.950000    1442.135986
6.960000    1443.688843
6.970000    1445.289673
6.980000    1446.916626
6.990000    1448.505371
7.000000    1450.134766
7.010000    1451.740845
7.020000    1453.366699
7.030000    1454.980347
7.040000    1456.614868
7.050000    1458.257324
7.060000    1459.956055
7.070000    1461.588135
7.080000    1463.245605
7.090000    1464.886475
7.100000    1466.609863
7.110000    1468.305786
7.120000    1470.045898
7.130000    1471.713989
7.140000    1473.443726
7.150000    1475.096191
7.160000    1476.814941
7.170000    1478.484253
7.180000    1480.200928
7.190000    1481.891846
7.200000    1483.618164
7.210000    1485.325439
7.220000    1487.014648
7.230000    1488.723999
7.240000    1490.368042
7.250000    1492.028442
7.260000    1493.627686
7.270000    1495.246216
7.280000    1496.834473
7.290000    1498.426758
7.300000    1499.975098
7.310000    1501.588745
7.320000    1503.216919
7.330000    1504.877441
7.340000    1506.554077
7.350000    1508.203857
7.360000    1509.823853
7.370000    1511.499023
7.380000    1513.172852
7.390000    1514.767578
7.400000    1516.357910
7.410000    1517.923340
7.420000    1519.386719
7.430000    1520.815674
7.440000    1522.216919
7.450000    1523.648315
7.460000    1525.130493
7.470000    1526.664429
7.480000    1528.180298
7.490000    1529.660400
7.500000    1531.223755
7.510000    1532.681641
7.520000    1534.149048
7.530000    1535.649536
7.540000    1537.217529
7.550000    1538.730591
7.560000    1540.223999
7.570000    1541.776978
7.580000    1543.304810
7.590000    1544.935425
7.600000    1546.571899
7.610000    1548.193359
7.620000    1549.877686
7.630000    1551.479614
7.640000    1552.987061
7.650000    1554.560547
7.660000    1556.153198
7.670000    1557.739868
7.680000    1559.360229
7.690000    1560.946045
7.700000    1562.563599
7.710000    1564.167603
7.720000    1565.776489
7.730000    1567.369751
7.740000    1568.946045
7.750000    1570.583496
7.760000    1572.116577
7.770000    1573.761719
7.780000    1575.310059
7.790000    1576.821167
7.800000    1578.344238
7.810000    1579.855835
7.820000    1581.405518
7.830000    1582.965332
7.840000    1584.592773
7.850000    1586.136230
7.860000    1587.578979
7.870000    1589.024902
7.880000    1590.542969
7.890000    1592.030151
7.900000    1593.589111
7.910000    1595.103516
7.920000    1596.603516
7.930000    1598.157959
7.940000    1599.744995
7.950000    1601.359619
7.960000    1602.967285
7.970000    1604.534424
7.980000    1606.147583
7.990000    1607.732300
8.000000    1609.215942
8.010000    1610.790283
8.020000    1612.351929
8.030000    1613.935913
8.040000    1615.489014
8.050000    1617.058228
8.060000    1618.704102
8.070000    1620.328735
8.080000    1621.963867
8.090000    1623.650757
8.100000    1625.317139
8.110000    1626.909668
8.120000    1628.552124
8.130000    1630.129150
8.140000    1631.689941
8.150000    1633.231689
8.160000    1634.759888
8.170000    1636.346558
8.180000    1637.941406
8.190000    1639.516724
8.200000    1641.124390
8.210000    1642.656860
8.220000    1644.205322
8.230000    1645.833618
8.240000    1647.444824
8.250000    1648.985474
8.260000    1650.609497
8.270000    1652.283569
8.280000    1653.980225
8.290000    1655.627319
8.300000    1657.310913
8.310000    1659.004395
8.320000    1660.801025
8.330000    1662.549561
8.340000    1664.251831
8.350000    1665.820679
8.360000    1667.488647
8.370000    1669.098389
8.380000    1670.699951
8.390000    1672.359985
8.400000    1674.064331
8.410000    1675.613159
8.420000    1677.147461
8.430000    1678.750244
8.440000    1680.387939
8.450000    1682.051147
8.460000    1683.736084
8.470000    1685.460083
8.480000    1687.173462
8.490000    1688.830200
8.500000    1690.532837
8.510000    1692.147949
8.520000    1693.816895
8.530000    1695.509521
8.540000    1697.051514
8.550000    1698.662842
8.560000    1700.322266
8.570000    1701.974243
8.580000    1703.611450
8.590000    1705.210449
8.600000    1706.844604
8.610000    1708.437256
8.620000    1710.057861
8.630000    1711.616821
8.640000    1713.238037
8.650000    1714.838135
8.660000    1716.492676
8.670000    1718.141235
8.680000    1719.791992
8.690000    1721.443970
8.700000    1723.028442
8.710000    1724.581665
8.720000    1726.154907
8.730000    1727.610107
8.740000    1729.213135
8.750000    1730.809326
8.760000    1732.418579
8.770000    1734.001587
8.780000    1735.561279
8.790000    1737.142822
8.800000    1738.820923
8.810000    1740.462402
8.820000    1742.138550
8.830000    1743.712646
8.840000    1745.321899
8.850000    1746.996094
8.860000    1748.604980
8.870000    1750.155151
8.880000    1751.717407
8.890000    1753.259033
8.900000    1754.828735
8.910000    1756.381958
8.920000    1757.902466
8.930000    1759.459595
8.940000    1761.077637
8.950000    1762.742554
8.960000    1764.387695
8.970000    1766.005371
8.980000    1767.614624
8.990000    1769.204102
9.000000    1770.815186
9.010000    1772.261841
9.020000    1773.794189
9.030000    1775.292969
9.040000    1776.871460
9.050000    1778.379395
9.060000    1779.912109
9.070000    1781.448242
9.080000    1783.037720
9.090000    1784.641846
9.100000    1786.315430
9.110000    1787.985229
9.120000    1789.594727
9.130000    1791.239258
9.140000    1792.895752
9.150000    1794.561279
9.160000    1796.181274
9.170000    1797.700073
9.180000    1799.280273
9.190000    1800.815674
9.200000    1802.363647
9.210000    1803.948364
9.220000    1805.473022
9.230000    1807.062744
9.240000    1808.562622
9.250000    1810.139648
9.260000    1811.605347
9.270000    1813.081177
9.280000    1814.571533
9.290000    1816.049683
9.300000    1817.515747
9.310000    1818.976196
9.320000    1820.506836
9.330000    1822.051880
9.340000    1823.654297
9.350000    1825.160278
9.360000    1826.726440
9.370000    1828.247314
9.380000    1829.807373
9.390000    1831.305054
9.400000    1832.849487
9.410000    1834.375244
9.420000    1835.819336
9.430000    1837.249512
9.440000    1838.710815
9.450000    1840.138672
9.460000    1841.634521
9.470000    1843.098145
9.480000    1844.523682
9.490000    1846.020142
9.500000    1847.498413
9.510000    1848.949097
9.520000    1850.374512
9.530000    1851.825317
9.540000    1853.284912
9.550000    1854.749268
9.560000    1856.275024
9.570000    1857.737671
9.580000    1859.227539
9.590000    1860.731079
9.600000    1862.253174
9.610000    1863.803589
9.620000    1865.319946
9.630000    1866.906616
9.640000    1868.424927
9.650000    1869.998779
9.660000    1871.579956
9.670000    1873.120972
9.680000    1874.659790
9.690000    1876.197510
9.700000    1877.615112
9.710000    1879.023315
9.720000    1880.453491
9.730000    1881.833618
9.740000    1883.218506
9.750000    1884.592896
9.760000    1886.028198
9.770000    1887.477417
9.780000    1888.904663
9.790000    1890.328003
9.800000    1891.793213
9.810000    1893.271851
9.820000    1894.702026
9.830000    1896.197266
9.840000    1897.697388
9.850000    1899.154297
9.860000    1900.457886
9.870000    1901.913208
9.880000    1903.344482
9.890000    1904.776001
9.900000    1906.108154
9.910000    1907.445068
9.920000    1908.781982
9.930000    1910.102417
9.940000    1911.437378
9.950000    1912.787964
9.960000    1914.155273
9.970000    1915.569580
9.980000    1916.922852
9.990000    1918.347534
10.000000    1919.767090
10.010000    1921.261841
10.020000    1922.757690
10.030000    1924.291382
10.040000    1925.753174
10.050000    1927.181152
10.060000    1928.664917
10.070000    1930.034546
10.080000    1931.347656
10.090000    1932.824585
10.100000    1934.298584
10.110000    1935.845337
10.120000    1937.341919
10.130000    1938.885498
10.140000    1940.332764
10.150000    1941.803101
10.160000    1943.312378
10.170000    1944.830322
10.180000    1946.361450
10.190000    1947.879761
10.200000    1949.370605
10.210000    1950.836304
10.220000    1952.271973
10.230000    1953.731934
10.240000    1955.226318
10.250000    1956.622070
10.260000    1958.129639
10.270000    1959.715332
10.280000    1961.300049
10.290000    1962.883179
10.300000    1964.499390
10.310000    1966.088989
10.320000    1967.678101
10.330000    1969.155151
10.340000    1970.653076
10.350000    1972.110474
10.360000    1973.640991
10.370000    1975.058960
10.380000    1976.435303
10.390000    1977.836670
10.400000    1979.271240
10.410000    1980.742920
10.420000    1982.301880
10.430000    1983.797119
10.440000    1985.312866
10.450000    1986.792358
10.460000    1988.397095
10.470000    1989.912231
10.480000    1991.485474
10.490000    1993.085083
10.500000    1994.700806
10.510000    1996.242432
10.520000    1997.813599
10.530000    1999.327637
10.540000    2000.986572
10.550000    2002.530640
10.560000    2004.107422
10.570000    2005.569580
10.580000    2007.117065
10.590000    2008.618896
10.600000    2010.152100
10.610000    2011.602661
10.620000    2013.090088
10.630000    2014.636719
10.640000    2016.045044
10.650000    2017.488892
10.660000    2018.972290
10.670000    2020.434448
10.680000    2021.895020
10.690000    2023.406738
10.700000    2024.844116
10.710000    2026.314331
10.720000    2027.761108
10.730000    2029.213257
10.740000    2030.658691
10.750000    2032.144531
10.760000    2033.567139
10.770000    2035.064697
10.780000    2036.534546
10.790000    2038.041992
10.800000    2039.494629
10.810000    2040.834839
10.820000    2042.136475
10.830000    2043.531616
10.840000    2044.871704
10.850000    2046.164917
10.860000    2047.494873
10.870000    2048.800293
10.880000    2050.164795
10.890000    2051.468506
10.900000    2052.722168
10.910000    2054.119629
10.920000    2055.483154
10.930000    2056.774902
10.940000    2058.182861
10.950000    2059.533447
10.960000    2060.932861
10.970000    2062.244873
10.980000    2063.609863
10.990000    2065.035889
11.000000    2066.413574
11.010000    2067.785156
11.020000    2069.227783
11.030000    2070.598145
11.040000    2071.976562
11.050000    2073.426758
11.060000    2074.847656
11.070000    2076.201660
11.080000    2077.594482
11.090000    2078.996094
11.100000    2080.457520
11.110000    2081.926758
11.120000    2083.364014
11.130000    2084.768799
11.140000    2086.189941
11.150000    2087.512939
11.160000    2088.853271
11.170000    2090.121826
11.180000    2091.455078
11.190000    2092.738281
11.200000    2094.067383
11.210000    2095.399414
11.220000    2096.780029
11.230000    2098.076904
11.240000    2099.475586
11.250000    2100.758789
11.260000    2102.134766
11.270000    2103.502686
11.280000    2104.839111
11.290000    2106.171143
11.300000    2107.457031
11.310000    2108.878662
11.320000    2110.214600
11.330000    2111.563721
11.340000    2112.896240
11.350000    2114.240723
11.360000    2115.627197
11.370000    2117.019531
11.380000    2118.330078
11.390000    2119.595947
11.400000    2121.001953
11.410000    2122.348389
11.420000    2123.682129
11.430000    2124.985840
11.440000    2126.267822
11.450000    2127.660156
11.460000    2128.976807
11.470000    2130.295898
11.480000    2131.659180
11.490000    2132.999268
11.500000    2134.260742
11.510000    2135.591064
11.520000    2136.980713
11.530000    2138.374512
11.540000    2139.700439
11.550000    2141.043213
11.560000    2142.327148
11.570000    2143.639160
11.580000    2144.950928
11.590000    2146.228027
11.600000    2147.551758
11.610000    2148.949707
11.620000    2150.356445
11.630000    2151.756592
11.640000    2153.143799
11.650000    2154.531494
11.660000    2155.799805
11.670000    2157.011963
11.680000    2158.223389
11.690000    2159.504150
11.700000    2160.806885
11.710000    2162.105469
11.720000    2163.477295
11.730000    2164.823975
11.740000    2166.252197
11.750000    2167.618164
11.760000    2168.939941
11.770000    2170.278320
11.780000    2171.652100
11.790000    2173.048340
11.800000    2174.318848
11.810000    2175.683594
11.820000    2177.049805
11.830000    2178.310059
11.840000    2179.705322
11.850000    2181.101074
11.860000    2182.433838
11.870000    2183.747803
11.880000    2185.176270
11.890000    2186.560303
11.900000    2187.965820
11.910000    2189.364502
11.920000    2190.788574
11.930000    2192.239258
11.940000    2193.693115
11.950000    2195.187012
11.960000    2196.644531
11.970000    2198.034912
11.980000    2199.436279
11.990000    2200.792236
12.000000    2202.172607
12.010000    2203.509033
12.020000    2204.843018
12.030000    2206.187012
12.040000    2207.497314
12.050000    2208.867432
12.060000    2210.308594
12.070000    2211.901611
12.080000    2213.440430
12.090000    2214.989746
12.100000    2216.518066
12.110000    2218.066406
12.120000    2219.569092
12.130000    2221.114014
12.140000    2222.737305
12.150000    2224.319580
12.160000    2225.934814
12.170000    2227.592529
12.180000    2229.222900
12.190000    2230.838135
12.200000    2232.409912
12.210000    2234.056885
12.220000    2235.709473
12.230000    2237.346680
12.240000    2238.919678
12.250000    2240.543945
12.260000    2242.215576
12.270000    2243.758301
12.280000    2245.276855
12.290000    2246.871094
12.300000    2248.383057
12.310000    2249.847656
12.320000    2251.405762
12.330000    2252.972656
12.340000    2254.573730
12.350000    2256.148682
12.360000    2257.742676
12.370000    2259.365723
12.380000    2261.010254
12.390000    2262.729004
12.400000    2264.419678
12.410000    2266.117676
12.420000    2267.725830
12.430000    2269.311279
12.440000    2270.920898
12.450000    2272.499512
12.460000    2274.110840
12.470000    2275.683350
12.480000    2277.234863
12.490000    2278.694580
12.500000    2280.228271
12.510000    2281.731689
12.520000    2283.205078
12.530000    2284.703857
12.540000    2286.105469
12.550000    2287.589600
12.560000    2289.131104
12.570000    2290.690674
12.580000    2292.204102
12.590000    2293.697266
12.600000    2295.175293
12.610000    2296.669678
12.620000    2298.143066
12.630000    2299.576416
12.640000    2301.122559
12.650000    2302.635742
12.660000    2304.144043
12.670000    2305.662842
12.680000    2307.256592
12.690000    2308.795410
12.700000    2310.333496
12.710000    2311.808350
12.720000    2313.239258
12.730000    2314.749756
12.740000    2316.212646
12.750000    2317.681641
12.760000    2319.101074
12.770000    2320.647461
12.780000    2322.184326
12.790000    2323.760742
12.800000    2325.260254
12.810000    2326.728271
12.820000    2328.104248
12.830000    2329.465088
12.840000    2330.772949
12.850000    2332.173096
12.860000    2333.501465
12.870000    2334.871582
12.880000    2336.256348
12.890000    2337.634033
12.900000    2339.102783
12.910000    2340.507080
12.920000    2341.847900
12.930000    2343.234619
12.940000    2344.712158
12.950000    2346.150879
12.960000    2347.649170
12.970000    2349.080078
12.980000    2350.539062
12.990000    2351.949951
13.000000    2353.450928
13.010000    2354.853027
13.020000    2356.306396
13.030000    2357.661621
13.040000    2359.072266
13.050000    2360.554443
13.060000    2362.091553
13.070000    2363.593750
13.080000    2365.073975
13.090000    2366.428467
13.100000    2367.919189
13.110000    2369.351562
13.120000    2370.794189
13.130000    2372.269531
13.140000    2373.682861
13.150000    2375.165527
13.160000    2376.646973
13.170000    2378.034424
13.180000    2379.432129
13.190000    2380.768066
13.200000    2382.229736
13.210000    2383.705811
13.220000    2385.179443
13.230000    2386.600830
13.240000    2387.956543
13.250000    2389.286133
13.260000    2390.697754
13.270000    2392.073242
13.280000    2393.455322
13.290000    2394.879395
13.300000    2396.290771
13.310000    2397.712158
13.320000    2399.107422
13.330000    2400.483643
13.340000    2401.806152
13.350000    2403.171631
13.360000    2404.515869
13.370000    2405.942383
13.380000    2407.293457
13.390000    2408.540039
13.400000    2409.901611
13.410000    2411.230469
13.420000    2412.533447
13.430000    2413.865967
13.440000    2415.158936
13.450000    2416.502686
13.460000    2417.816895
13.470000    2419.245361
13.480000    2420.657959
13.490000    2422.135254
13.500000    2423.586914
13.510000    2424.971436
13.520000    2426.415771
13.530000    2427.955078
13.540000    2429.435791
13.550000    2430.887939
13.560000    2432.364502
13.570000    2433.772217
13.580000    2435.172119
13.590000    2436.589111
13.600000    2438.001465
13.610000    2439.478760
13.620000    2440.852539
13.630000    2442.261963
13.640000    2443.685059
13.650000    2445.140137
13.660000    2446.501221
13.670000    2447.934326
13.680000    2449.395020
13.690000    2450.855469
13.700000    2452.370850
13.710000    2453.818115
13.720000    2455.222412
13.730000    2456.703369
13.740000    2458.238281
13.750000    2459.662598
13.760000    2460.943604
13.770000    2462.237305
13.780000    2463.544434
13.790000    2464.831299
13.800000    2466.085938
13.810000    2467.422363
13.820000    2468.841309
13.830000    2470.163330
13.840000    2471.514893
13.850000    2472.850830
13.860000    2474.189209
13.870000    2475.530273
13.880000    2476.847656
13.890000    2478.224854
13.900000    2479.560059
13.910000    2480.963867
13.920000    2482.319580
13.930000    2483.706299
13.940000    2485.096924
13.950000    2486.468506
13.960000    2487.840576
13.970000    2489.291504
13.980000    2490.760010
13.990000    2492.224609
14.000000    2493.684814
14.010000    2495.039795
14.020000    2496.376221
14.030000    2497.684814
14.040000    2498.953369
14.050000    2500.306152
14.060000    2501.597656
14.070000    2502.965820
14.080000    2504.271973
14.090000    2505.516602
14.100000    2506.739258
14.110000    2507.851074
14.120000    2508.959473
14.130000    2510.080566
14.140000    2511.225586
14.150000    2512.501953
14.160000    2513.764893
14.170000    2515.180420
14.180000    2516.565674
14.190000    2517.822754
14.200000    2519.162109
14.210000    2520.500244
14.220000    2521.824463
14.230000    2523.218750
14.240000    2524.615234
14.250000    2526.030762
14.260000    2527.385986
14.270000    2528.637939
14.280000    2529.852051
14.290000    2531.119141
14.300000    2532.449707
14.310000    2533.750732
14.320000    2535.076660
14.330000    2536.334473
14.340000    2537.733887
14.350000    2539.075928
14.360000    2540.402588
14.370000    2541.794434
14.380000    2543.174805
14.390000    2544.565918
14.400000    2545.958252
14.410000    2547.337646
14.420000    2548.706787
14.430000    2550.011475
14.440000    2551.362061
14.450000    2552.741455
14.460000    2554.049072
14.470000    2555.322510
14.480000    2556.590332
14.490000    2557.885010
14.500000    2559.180908
14.510000    2560.413086
14.520000    2561.667969
14.530000    2562.968506
14.540000    2564.354736
14.550000    2565.755371
14.560000    2567.096680
14.570000    2568.409180
14.580000    2569.778564
14.590000    2571.220947
14.600000    2572.612549
14.610000    2574.082520
14.620000    2575.511475
14.630000    2576.845703
14.640000    2578.203857
14.650000    2579.595703
14.660000    2580.908936
14.670000    2582.212402
14.680000    2583.575684
14.690000    2584.843018
14.700000    2586.239258
14.710000    2587.602295
14.720000    2588.990967
14.730000    2590.412109
14.740000    2591.788086
14.750000    2593.065430
14.760000    2594.360352
14.770000    2595.719238
14.780000    2597.090332
14.790000    2598.486816
14.800000    2599.885498
14.810000    2601.373291
14.820000    2602.859863
14.830000    2604.311768
14.840000    2605.802734
14.850000    2607.222168
14.860000    2608.724609
14.870000    2610.186523
14.880000    2611.626221
14.890000    2613.106201
14.900000    2614.541016
14.910000    2615.862061
14.920000    2617.253906
14.930000    2618.661621
14.940000    2620.033691
14.950000    2621.406738
14.960000    2622.798584
14.970000    2624.236084
14.980000    2625.743652
14.990000    2627.159912
15.000000    2628.506104
15.010000    2629.840088
15.020000    2631.243652
15.030000    2632.587646
15.040000    2633.960205
15.050000    2635.316406
15.060000    2636.727295
15.070000    2638.098633
15.080000    2639.405518
15.090000    2640.648193
15.100000    2641.804199
15.110000    2642.931152
15.120000    2644.110840
15.130000    2645.299072
15.140000    2646.617920
15.150000    2647.914551
15.160000    2649.166748
15.170000    2650.381348
15.180000    2651.637695
15.190000    2652.990479
15.200000    2654.263184
15.210000    2655.645752
15.220000    2657.018066
15.230000    2658.442383
15.240000    2659.770264
15.250000    2661.210938
15.260000    2662.573486
15.270000    2663.859619
15.280000    2665.184814
15.290000    2666.508789
15.300000    2667.824951
15.310000    2669.254639
15.320000    2670.701660
15.330000    2672.116455
15.340000    2673.466797
15.350000    2674.906250
15.360000    2676.371094
15.370000    2677.824951
15.380000    2679.281738
15.390000    2680.731934
15.400000    2682.267090
15.410000    2683.811523
15.420000    2685.351318
15.430000    2686.863281
15.440000    2688.460938
15.450000    2689.930420
15.460000    2691.567139
15.470000    2693.076172
15.480000    2694.670410
15.490000    2696.299316
15.500000    2697.877686
15.510000    2699.417969
15.520000    2700.940186
15.530000    2702.452393
15.540000    2704.034668
15.550000    2705.553711
15.560000    2706.987793
15.570000    2708.438965
15.580000    2709.931641
15.590000    2711.459717
15.600000    2712.866699
15.610000    2714.317871
15.620000    2715.748535
15.630000    2717.228760
15.640000    2718.709229
15.650000    2720.162598
15.660000    2721.623047
15.670000    2723.086914
15.680000    2724.595703
15.690000    2726.126709
15.700000    2727.636475
15.710000    2729.085449
15.720000    2730.427979
15.730000    2731.754883
15.740000    2733.047852
15.750000    2734.273926
15.760000    2735.591309
15.770000    2736.892334
15.780000    2738.188232
15.790000    2739.489990
15.800000    2740.759766
15.810000    2742.085693
15.820000    2743.368408
15.830000    2744.618164
15.840000    2745.831787
15.850000    2747.063477
15.860000    2748.284912
15.870000    2749.564697
15.880000    2750.826904
15.890000    2752.202881
15.900000    2753.552246
15.910000    2754.899902
15.920000    2756.332275
15.930000    2757.738770
15.940000    2759.113525
15.950000    2760.496582
15.960000    2761.866943
15.970000    2763.165771
15.980000    2764.594238
15.990000    2765.975342
16.000000    2767.415283
16.010000    2768.804932
16.020000    2770.218262
16.030000    2771.585449
16.040000    2772.963379
16.050000    2774.441650
16.060000    2775.840576
16.070000    2777.244629
16.080000    2778.619385
16.090000    2780.032959
16.100000    2781.536133
16.110000    2782.922852
16.120000    2784.277100
16.130000    2785.632568
16.140000    2787.045654
16.150000    2788.559082
16.160000    2790.094727
16.170000    2791.604248
16.180000    2793.133545
16.190000    2794.720459
16.200000    2796.129883
16.210000    2797.538574
16.220000    2798.943848
16.230000    2800.288818
16.240000    2801.669434
16.250000    2803.001953
16.260000    2804.354492
16.270000    2805.686768
16.280000    2807.027588
16.290000    2808.369141
16.300000    2809.693848
16.310000    2811.073975
16.320000    2812.381592
16.330000    2813.656494
16.340000    2814.900635
16.350000    2816.230957
16.360000    2817.498047
16.370000    2818.872070
16.380000    2820.156250
16.390000    2821.496582
16.400000    2822.821045
16.410000    2824.279785
16.420000    2825.712402
16.430000    2827.096680
16.440000    2828.500244
16.450000    2829.891602
16.460000    2831.288330
16.470000    2832.772705
16.480000    2834.295654
16.490000    2835.878662
16.500000    2837.414307
16.510000    2838.926025
16.520000    2840.500488
16.530000    2842.080078
16.540000    2843.558594
16.550000    2845.011230
16.560000    2846.516357
16.570000    2848.086914
16.580000    2849.648926
16.590000    2851.144531
16.600000    2852.664551
16.610000    2854.230469
16.620000    2855.789307
16.630000    2857.297852
16.640000    2858.845947
16.650000    2860.446045
16.660000    2861.982178
16.670000    2863.612549
16.680000    2865.196533
16.690000    2866.741943
16.700000    2868.358887
16.710000    2869.889893
16.720000    2871.438477
16.730000    2872.916504
16.740000    2874.364990
16.750000    2875.831055
16.760000    2877.364014
16.770000    2878.954346
16.780000    2880.432129
16.790000    2881.878906
16.800000    2883.316162
16.810000    2884.832031
16.820000    2886.302246
16.830000    2887.765869
16.840000    2889.282227
16.850000    2890.675293
16.860000    2892.003662
16.870000    2893.311035
16.880000    2894.685303
16.890000    2896.116699
16.900000    2897.537109
16.910000    2898.926270
16.920000    2900.302979
16.930000    2901.666260
16.940000    2903.044678
16.950000    2904.337646
16.960000    2905.750244
16.970000    2907.086914
16.980000    2908.445068
16.990000    2909.800781
17.000000    2911.210449
17.010000    2912.625000
17.020000    2914.065430
17.030000    2915.497803
17.040000    2916.787842
17.050000    2918.194336
17.060000    2919.622803
17.070000    2921.105225
17.080000    2922.625000
17.090000    2924.152832
17.100000    2925.633301
17.110000    2927.039307
17.120000    2928.527100
17.130000    2929.918945
17.140000    2931.461426
17.150000    2932.955811
17.160000    2934.375488
17.170000    2935.821045
17.180000    2937.305664
17.190000    2938.733887
17.200000    2940.256104
17.210000    2941.782227
17.220000    2943.235352
17.230000    2944.678711
17.240000    2946.098389
17.250000    2947.588135
17.260000    2949.077637
17.270000    2950.621094
17.280000    2952.118896
17.290000    2953.672852
17.300000    2955.264648
17.310000    2956.815674
17.320000    2958.418213
17.330000    2960.065674
17.340000    2961.718018
17.350000    2963.468262
17.360000    2965.159912
17.370000    2966.908936
17.380000    2968.558838
17.390000    2970.193848
17.400000    2971.895264
17.410000    2973.631592
17.420000    2975.376465
17.430000    2977.094482
17.440000    2978.838379
17.450000    2980.477295
17.460000    2982.063232
17.470000    2983.559814
17.480000    2985.142822
17.490000    2986.807861
17.500000    2988.468750
17.510000    2990.120117
17.520000    2991.705078
17.530000    2993.269531
17.540000    2994.844971
17.550000    2996.400146
17.560000    2998.015869
17.570000    2999.614746
17.580000    3001.222656
17.590000    3002.918701
17.600000    3004.595459
17.610000    3006.152588
17.620000    3007.651855
17.630000    3009.042480
17.640000    3010.538330
17.650000    3012.046387
17.660000    3013.556152
17.670000    3015.055664
17.680000    3016.534424
17.690000    3017.986816
17.700000    3019.514404
17.710000    3020.937256
17.720000    3022.385498
17.730000    3023.852783
17.740000    3025.325928
17.750000    3026.745605
17.760000    3028.126709
17.770000    3029.566162
17.780000    3030.908691
17.790000    3032.236816
17.800000    3033.617920
17.810000    3035.053467
17.820000    3036.465332
17.830000    3037.868896
17.840000    3039.283691
17.850000    3040.634766
17.860000    3042.069336
17.870000    3043.514893
17.880000    3044.999512
17.890000    3046.425049
17.900000    3047.856689
17.910000    3049.215576
17.920000    3050.643311
17.930000    3052.037598
17.940000    3053.483643
17.950000    3054.952393
17.960000    3056.348145
17.970000    3057.824463
17.980000    3059.339111
17.990000    3060.792480
18.000000    3062.222656
18.010000    3063.566650
18.020000    3064.927490
18.030000    3066.331543
18.040000    3067.738281
18.050000    3069.003174
18.060000    3070.285400
18.070000    3071.602051
18.080000    3073.025391
18.090000    3074.444336
18.100000    3075.844727
18.110000    3077.188721
18.120000    3078.547852
18.130000    3079.921143
18.140000    3081.243164
18.150000    3082.496338
18.160000    3083.761230
18.170000    3085.038330
18.180000    3086.254883
18.190000    3087.519531
18.200000    3088.791504
18.210000    3090.133301
18.220000    3091.551514
18.230000    3093.000000
18.240000    3094.229492
18.250000    3095.510986
18.260000    3096.811768
18.270000    3098.137451
18.280000    3099.506104
18.290000    3100.955566
18.300000    3102.324219
18.310000    3103.659912
18.320000    3105.084961
18.330000    3106.500244
18.340000    3107.924805
18.350000    3109.422607
18.360000    3110.978760
18.370000    3112.469727
18.380000    3114.017578
18.390000    3115.582764
18.400000    3117.094727
18.410000    3118.568604
18.420000    3119.968262
18.430000    3121.357422
18.440000    3122.695068
18.450000    3124.117676
18.460000    3125.420654
18.470000    3126.807861
18.480000    3128.216309
18.490000    3129.626953
18.500000    3130.977539
18.510000    3132.378906
18.520000    3133.724854
18.530000    3135.025635
18.540000    3136.315430
18.550000    3137.685791
18.560000    3139.075928
18.570000    3140.424316
18.580000    3141.792236
18.590000    3143.170654
18.600000    3144.510010
18.610000    3145.769775
18.620000    3147.083252
18.630000    3148.454590
18.640000    3149.867676
18.650000    3151.233398
18.660000    3152.640137
18.670000    3153.987061
18.680000    3155.378418
18.690000    3156.765137
18.700000    3158.211914
18.710000    3159.687012
18.720000    3161.086182
18.730000    3162.511963
18.740000    3163.906982
18.750000    3165.290283
18.760000    3166.720703
18.770000    3168.252197
18.780000    3169.664307
18.790000    3171.103027
18.800000    3172.526611
18.810000    3173.903564
18.820000    3175.419678
18.830000    3176.882080
18.840000    3178.316650
18.850000    3179.805664
18.860000    3181.428955
18.870000    3182.868408
18.880000    3184.366699
18.890000    3185.941650
18.900000    3187.395752
18.910000    3188.880859
18.920000    3190.415283
18.930000    3191.938721
18.940000    3193.436768
18.950000    3194.948242
18.960000    3196.454834
18.970000    3198.051025
18.980000    3199.512939
18.990000    3200.954346
19.000000    3202.417480
19.010000    3203.891357
19.020000    3205.389404
19.030000    3206.806396
19.040000    3208.172119
19.050000    3209.515137
19.060000    3210.840576
19.070000    3212.197266
19.080000    3213.456299
19.090000    3214.669434
19.100000    3215.929443
19.110000    3217.145020
19.120000    3218.419678
19.130000    3219.667969
19.140000    3220.945312
19.150000    3222.224609
19.160000    3223.566650
19.170000    3224.856445
19.180000    3226.151611
19.190000    3227.425293
19.200000    3228.648438
19.210000    3229.931641
19.220000    3231.226807
19.230000    3232.516357
19.240000    3233.822266
19.250000    3235.178955
19.260000    3236.509766
19.270000    3237.783691
19.280000    3239.139893
19.290000    3240.468018
19.300000    3241.888184
19.310000    3243.266357
19.320000    3244.642822
19.330000    3246.048584
19.340000    3247.482666
19.350000    3248.888184
19.360000    3250.260986
19.370000    3251.616699
19.380000    3252.910645
19.390000    3254.214844
19.400000    3255.406250
19.410000    3256.606934
19.420000    3257.879883
19.430000    3259.189697
19.440000    3260.544922
19.450000    3261.818604
19.460000    3263.147705
19.470000    3264.470947
19.480000    3265.708496
19.490000    3267.118164
19.500000    3268.455322
19.510000    3269.843018
19.520000    3271.279053
19.530000    3272.578613
19.540000    3274.048584
19.550000    3275.559814
19.560000    3276.981689
19.570000    3278.271484
19.580000    3279.615234
19.590000    3281.058105
19.600000    3282.389648
19.610000    3283.848145
19.620000    3285.233887
19.630000    3286.575439
19.640000    3287.953369
19.650000    3289.390381
19.660000    3290.765869
19.670000    3292.143799
19.680000    3293.579346
19.690000    3294.981934
19.700000    3296.399902
19.710000    3297.752686
19.720000    3299.270752
19.730000    3300.801025
19.740000    3302.252197
19.750000    3303.719727
19.760000    3305.157715
19.770000    3306.652344
19.780000    3308.206543
19.790000    3309.768799
19.800000    3311.242188
19.810000    3312.667236
19.820000    3314.176514
19.830000    3315.643799
19.840000    3317.210449
19.850000    3318.740723
19.860000    3320.331055
19.870000    3321.841553
19.880000    3323.358643
19.890000    3324.805420
19.900000    3326.331543
19.910000    3327.807617
19.920000    3329.242188
19.930000    3330.704102
19.940000    3332.208008
19.950000    3333.806152
19.960000    3335.381836
19.970000    3336.914062
19.980000    3338.521973
19.990000    3340.047119
20.000000    3341.575195
20.010000    3343.000732
20.020000    3344.455078
20.030000    3346.038818
20.040000    3347.559326
20.050000    3349.158691
20.060000    3350.701416
20.070000    3352.282959
20.080000    3353.867920
20.090000    3355.560059
20.100000    3357.103760
20.110000    3358.695557
20.120000    3360.322021
20.130000    3362.012939
20.140000    3363.628906
20.150000    3365.269531
20.160000    3366.880859
20.170000    3368.501709
20.180000    3370.041260
20.190000    3371.668213
20.200000    3373.318604
20.210000    3374.987793
20.220000    3376.623047
20.230000    3378.199951
20.240000    3379.752930
20.250000    3381.393555
20.260000    3382.936279
20.270000    3384.560059
20.280000    3386.184326
20.290000    3387.820068
20.300000    3389.409424
20.310000    3391.015869
20.320000    3392.634521
20.330000    3394.215820
20.340000    3395.829834
20.350000    3397.469482
20.360000    3399.071289
20.370000    3400.634277
20.380000    3402.126221
20.390000    3403.527832
20.400000    3405.038574
20.410000    3406.391602
20.420000    3407.766846
20.430000    3409.164062
20.440000    3410.561035
20.450000    3412.043457
20.460000    3413.533936
20.470000    3415.002197
20.480000    3416.505371
20.490000    3417.984863
20.500000    3419.497803
20.510000    3421.138184
20.520000    3422.700684
20.530000    3424.298584
20.540000    3425.892334
20.550000    3427.355225
20.560000    3428.806396
20.570000    3430.350342
20.580000    3431.969727
20.590000    3433.561279
20.600000    3435.172363
20.610000    3436.759277
20.620000    3438.337646
20.630000    3439.844727
20.640000    3441.370117
20.650000    3442.966797
20.660000    3444.620605
20.670000    3446.241943
20.680000    3447.812744
20.690000    3449.379395
20.700000    3450.952637
20.710000    3452.599365
20.720000    3454.177734
20.730000    3455.754883
20.740000    3457.372314
20.750000    3458.908203
20.760000    3460.572998
20.770000    3462.365723
20.780000    3464.028809
20.790000    3465.691650
20.800000    3467.284912
20.810000    3468.958984
20.820000    3470.641846
20.830000    3472.447021
20.840000    3474.224121
20.850000    3475.933105
20.860000    3477.611572
20.870000    3479.266357
20.880000    3480.966797
20.890000    3482.726074
20.900000    3484.545410
20.910000    3486.380371
20.920000    3488.135254
20.930000    3489.835693
20.940000    3491.523193
20.950000    3493.321045
20.960000    3495.034668
20.970000    3496.785156
20.980000    3498.516113
20.990000    3500.281006
21.000000    3502.028564
21.010000    3503.845703
21.020000    3505.629395
21.030000    3507.381592
21.040000    3509.217285
21.050000    3510.866211
21.060000    3512.556396
21.070000    3514.218750
21.080000    3515.802490
21.090000    3517.330811
21.100000    3518.919189
21.110000    3520.510498
21.120000    3522.104248
21.130000    3523.628906
21.140000    3525.183594
21.150000    3526.673096
21.160000    3528.203857
21.170000    3529.722656
21.180000    3531.185791
21.190000    3532.639648
21.200000    3534.155762
21.210000    3535.664795
21.220000    3537.186035
21.230000    3538.769287
21.240000    3540.311523
21.250000    3541.867188
21.260000    3543.403564
21.270000    3544.802490
21.280000    3546.333008
21.290000    3547.861328
21.300000    3549.284912
21.310000    3550.732178
21.320000    3552.208252
21.330000    3553.564209
21.340000    3554.957275
21.350000    3556.408691
21.360000    3557.914551
21.370000    3559.360840
21.380000    3560.709229
21.390000    3561.939697
21.400000    3563.233887
21.410000    3564.535645
21.420000    3565.837891
21.430000    3567.233398
21.440000    3568.668457
21.450000    3570.121094
21.460000    3571.577393
21.470000    3573.081299
21.480000    3574.517334
21.490000    3575.810547
21.500000    3577.149902
21.510000    3578.482422
21.520000    3579.851074
21.530000    3581.224609
21.540000    3582.653564
21.550000    3584.065186
21.560000    3585.516602
21.570000    3586.908936
21.580000    3588.315430
21.590000    3589.660400
21.600000    3591.052490
21.610000    3592.439941
21.620000    3593.843750
21.630000    3595.271729
21.640000    3596.747314
21.650000    3598.193115
21.660000    3599.548340
21.670000    3600.954102
21.680000    3602.432617
21.690000    3603.868896
21.700000    3605.441406
21.710000    3607.056885
21.720000    3608.575195
21.730000    3610.040527
21.740000    3611.529297
21.750000    3612.985840
21.760000    3614.510986
21.770000    3616.064941
21.780000    3617.647949
21.790000    3619.212158
21.800000    3620.718994
21.810000    3622.160156
21.820000    3623.686035
21.830000    3625.265381
21.840000    3626.834229
21.850000    3628.438232
21.860000    3630.106934
21.870000    3631.791748
21.880000    3633.338379
21.890000    3634.851074
21.900000    3636.382812
21.910000    3637.786133
21.920000    3639.225098
21.930000    3640.667236
21.940000    3642.051270
21.950000    3643.460205
21.960000    3644.790771
21.970000    3646.081299
21.980000    3647.474854
21.990000    3648.836426
22.000000    3650.227783
22.010000    3651.645020
22.020000    3653.120605
22.030000    3654.611572
22.040000    3656.089355
22.050000    3657.593994
22.060000    3659.144775
22.070000    3660.652344
22.080000    3662.082764
22.090000    3663.535156
22.100000    3665.072021
22.110000    3666.610596
22.120000    3668.059814
22.130000    3669.459473
22.140000    3670.916016
22.150000    3672.430420
22.160000    3673.929199
22.170000    3675.494141
22.180000    3677.106934
22.190000    3678.686768
22.200000    3680.304199
22.210000    3681.860596
22.220000    3683.426025
22.230000    3684.992676
22.240000    3686.528320
22.250000    3688.003174
22.260000    3689.414551
22.270000    3690.739258
22.280000    3692.102295
22.290000    3693.502441
22.300000    3694.942139
22.310000    3696.474609
22.320000    3697.969727
22.330000    3699.429443
22.340000    3700.831055
22.350000    3702.270996
22.360000    3703.633545
22.370000    3705.112549
22.380000    3706.635742
22.390000    3708.197021
22.400000    3709.855713
22.410000    3711.549072
22.420000    3713.154297
22.430000    3714.724854
22.440000    3716.300537
22.450000    3717.912598
22.460000    3719.606934
22.470000    3721.290039
22.480000    3723.009521
22.490000    3724.688232
22.500000    3726.255615
22.510000    3727.923096
22.520000    3729.627197
22.530000    3731.346680
22.540000    3732.928711
22.550000    3734.596191
22.560000    3736.240479
22.570000    3737.968750
22.580000    3739.708984
22.590000    3741.457520
22.600000    3743.186279
22.610000    3745.039062
22.620000    3746.862549
22.630000    3748.691650
22.640000    3750.471191
22.650000    3752.242432
22.660000    3754.013428
22.670000    3755.736328
22.680000    3757.410645
22.690000    3759.083740
22.700000    3760.729248
22.710000    3762.379150
22.720000    3764.148926
22.730000    3765.946045
22.740000    3767.558350
22.750000    3769.174316
22.760000    3770.765869
22.770000    3772.352539
22.780000    3773.949463
22.790000    3775.530518
22.800000    3777.053711
22.810000    3778.670166
22.820000    3780.279785
22.830000    3781.920898
22.840000    3783.516602
22.850000    3784.977783
22.860000    3786.390869
22.870000    3787.925049
22.880000    3789.331787
22.890000    3790.809326
22.900000    3792.259521
22.910000    3793.779297
22.920000    3795.409668
22.930000    3796.952881
22.940000    3798.497070
22.950000    3800.014160
22.960000    3801.518555
22.970000    3803.021484
22.980000    3804.492432
22.990000    3805.867920
23.000000    3807.336914
23.010000    3808.834229
23.020000    3810.423096
23.030000    3812.014404
23.040000    3813.717285
23.050000    3815.253662
23.060000    3816.826416
23.070000    3818.444580
23.080000    3820.039795
23.090000    3821.635986
23.100000    3823.165527
23.110000    3824.729736
23.120000    3826.307129
23.130000    3827.955811
23.140000    3829.561279
23.150000    3831.156006
23.160000    3832.772705
23.170000    3834.327881
23.180000    3835.928955
23.190000    3837.572754
23.200000    3839.193359
23.210000    3840.921143
23.220000    3842.772705
23.230000    3844.470215
23.240000    3846.193115
23.250000    3847.842285
23.260000    3849.649414
23.270000    3851.472656
23.280000    3853.250000
23.290000    3855.025391
23.300000    3856.777100
23.310000    3858.516846
23.320000    3860.292969
23.330000    3862.051270
23.340000    3863.792725
23.350000    3865.603760
23.360000    3867.346924
23.370000    3869.052979
23.380000    3870.737549
23.390000    3872.375000
23.400000    3874.198242
23.410000    3876.004883
23.420000    3877.744629
23.430000    3879.458008
23.440000    3881.229004
23.450000    3882.937012
23.460000    3884.589844
23.470000    3886.348633
23.480000    3888.014893
23.490000    3889.675781
23.500000    3891.324951
23.510000    3892.987061
23.520000    3894.580811
23.530000    3896.184570
23.540000    3897.886963
23.550000    3899.646973
23.560000    3901.312988
23.570000    3903.050781
23.580000    3904.734619
23.590000    3906.479980
23.600000    3908.189941
23.610000    3909.800781
23.620000    3911.329834
23.630000    3912.930664
23.640000    3914.442383
23.650000    3916.016846
23.660000    3917.503662
23.670000    3919.031982
23.680000    3920.541260
23.690000    3921.982910
23.700000    3923.514160
23.710000    3925.068115
23.720000    3926.646729
23.730000    3928.247559
23.740000    3929.782471
23.750000    3931.419434
23.760000    3932.961914
23.770000    3934.552979
23.780000    3936.277588
23.790000    3938.017822
23.800000    3939.796143
23.810000    3941.460449
23.820000    3943.112793
23.830000    3944.739746
23.840000    3946.292480
23.850000    3947.820312
23.860000    3949.353760
23.870000    3950.896240
23.880000    3952.441406
23.890000    3954.131104
23.900000    3955.814453
23.910000    3957.521973
23.920000    3959.137451
23.930000    3960.813721
23.940000    3962.435059
23.950000    3964.033447
23.960000    3965.726807
23.970000    3967.372803
23.980000    3968.958740
23.990000    3970.519287
24.000000    3972.170410
24.010000    3973.739746
24.020000    3975.334961
24.030000    3976.938965
24.040000    3978.587402
24.050000    3980.217285
24.060000    3981.905518
24.070000    3983.523193
24.080000    3985.149902
24.090000    3986.765137
24.100000    3988.351562
24.110000    3989.916748
24.120000    3991.406250
24.130000    3992.971924
24.140000    3994.508545
24.150000    3996.087891
24.160000    3997.631836
24.170000    3999.166748
24.180000    4000.647461
24.190000    4002.080566
24.200000    4003.496094
24.210000    4005.022949
24.220000    4006.454834
24.230000    4007.901855
24.240000    4009.290039
24.250000    4010.752686
24.260000    4012.246094
24.270000    4013.918945
24.280000    4015.540283
24.290000    4017.157471
24.300000    4018.796631
24.310000    4020.395020
24.320000    4021.880859
24.330000    4023.396729
24.340000    4024.967529
24.350000    4026.511475
24.360000    4028.146240
24.370000    4029.715332
24.380000    4031.141357
24.390000    4032.378662
24.400000    4033.834717
24.410000    4035.266113
24.420000    4036.733398
24.430000    4038.250732
24.440000    4039.771729
24.450000    4041.404541
24.460000    4042.904541
24.470000    4044.467773
24.480000    4046.051758
24.490000    4047.528564
24.500000    4049.107910
24.510000    4050.657715
24.520000    4052.177734
24.530000    4053.733398
24.540000    4055.244385
24.550000    4056.742920
24.560000    4058.300781
24.570000    4059.892090
24.580000    4061.413086
24.590000    4062.951172
24.600000    4064.567383
24.610000    4066.139648
24.620000    4067.737549
24.630000    4069.405029
24.640000    4070.967285
24.650000    4072.482910
24.660000    4074.029053
24.670000    4075.521484
24.680000    4077.016113
24.690000    4078.602295
24.700000    4080.147705
24.710000    4081.732910
24.720000    4083.256348
24.730000    4084.717285
24.740000    4086.138428
24.750000    4087.594238
24.760000    4089.116943
24.770000    4090.589600
24.780000    4091.968262
24.790000    4093.295410
24.800000    4094.665039
24.810000    4096.072266
24.820000    4097.515137
24.830000    4099.020996
24.840000    4100.458008
24.850000    4101.976074
24.860000    4103.569336
24.870000    4105.211426
24.880000    4106.838867
24.890000    4108.526855
24.900000    4110.206543
24.910000    4111.682617
24.920000    4113.257812
24.930000    4114.843262
24.940000    4116.320801
24.950000    4117.815430
24.960000    4119.390625
24.970000    4120.964355
24.980000    4122.591797
24.990000    4124.094238
