#  t (ns) MSD (A^2) D = 1.0422e-06 1.05e-08 cm^2/s nu = 6.7534e-01 6.29e-04
0.000000    -0.000123
0.010000    9.883408
0.020000    16.521538
0.030000    22.423155
0.040000    27.845367
0.050000    32.941914
0.060000    37.738697
0.070000    42.252304
0.080000    46.573254
0.090000    50.703239
0.100000    54.713306
0.110000    58.565117
0.120000    62.292175
0.130000    65.910873
0.140000    69.439262
0.150000    72.879868
0.160000    76.173866
0.170000    79.430847
0.180000    82.578224
0.190000    85.673500
0.200000    88.680382
0.210000    91.643005
0.220000    94.471077
0.230000    97.243530
0.240000    99.978371
0.250000    102.723160
0.260000    105.419144
0.270000    108.110901
0.280000    110.678177
0.290000    113.169060
0.300000    115.628517
0.310000    118.075966
0.320000    120.470314
0.330000    122.876892
0.340000    125.266472
0.350000    127.597939
0.360000    129.889420
0.370000    132.142838
0.380000    134.387711
0.390000    136.618408
0.400000    138.809738
0.410000    140.986420
0.420000    143.154648
0.430000    145.282211
0.440000    147.370850
0.450000    149.455414
0.460000    151.511536
0.470000    153.520645
0.480000    155.501221
0.490000    157.522537
0.500000    159.555862
0.510000    161.581146
0.520000    163.625900
0.530000    165.646622
0.540000    167.639679
0.550000    169.582626
0.560000    171.523788
0.570000    173.462234
0.580000    175.337204
0.590000    177.182999
0.600000    179.055084
0.610000    180.903473
0.620000    182.704117
0.630000    184.453995
0.640000    186.225174
0.650000    187.982452
0.660000    189.771561
0.670000    191.519684
0.680000    193.300888
0.690000    195.054871
0.700000    196.796402
0.710000    198.560455
0.720000    200.329407
0.730000    202.089890
0.740000    203.846008
0.750000    205.592102
0.760000    207.341980
0.770000    209.057755
0.780000    210.787277
0.790000    212.462753
0.800000    214.136551
0.810000    215.783829
0.820000    217.392059
0.830000    218.990524
0.840000    220.532516
0.850000    222.107941
0.860000    223.641251
0.870000    225.204407
0.880000    226.765411
0.890000    228.311829
0.900000    229.890732
0.910000    231.494995
0.920000    233.024475
0.930000    234.548538
0.940000    236.089706
0.950000    237.673492
0.960000    239.250931
0.970000    240.835297
0.980000    242.418732
0.990000    243.938141
1.000000    245.448654
1.010000    246.972015
1.020000    248.529373
1.030000    250.085434
1.040000    251.552063
1.050000    252.981735
1.060000    254.450760
1.070000    255.894821
1.080000    257.364227
1.090000    258.799164
1.100000    260.238251
1.110000    261.678680
1.120000    263.070923
1.130000    264.427307
1.140000    265.781128
1.150000    267.131409
1.160000    268.478607
1.170000    269.789276
1.180000    271.174347
1.190000    272.548737
1.200000    273.898376
1.210000    275.260468
1.220000    276.620697
1.230000    278.031097
1.240000    279.436615
1.250000    280.812622
1.260000    282.181976
1.270000    283.539154
1.280000    284.897247
1.290000    286.317657
1.300000    287.693756
1.310000    289.070435
1.320000    290.443512
1.330000    291.795868
1.340000    293.099579
1.350000    294.463684
1.360000    295.830933
1.370000    297.170013
1.380000    298.508057
1.390000    299.851349
1.400000    301.162872
1.410000    302.441315
1.420000    303.696503
1.430000    304.978577
1.440000    306.282623
1.450000    307.578796
1.460000    308.837708
1.470000    310.066498
1.480000    311.311676
1.490000    312.585327
1.500000    313.842102
1.510000    315.124878
1.520000    316.387085
1.530000    317.675171
1.540000    318.995331
1.550000    320.290222
1.560000    321.555847
1.570000    322.846832
1.580000    324.141724
1.590000    325.431793
1.600000    326.692963
1.610000    327.940887
1.620000    329.150604
1.630000    330.358704
1.640000    331.570465
1.650000    332.797882
1.660000    334.050537
1.670000    335.289246
1.680000    336.532410
1.690000    337.768921
1.700000    339.008972
1.710000    340.280060
1.720000    341.514648
1.730000    342.743073
1.740000    344.040649
1.750000    345.309265
1.760000    346.564972
1.770000    347.810089
1.780000    349.067627
1.790000    350.328827
1.800000    351.568512
1.810000    352.784119
1.820000    354.011597
1.830000    355.254852
1.840000    356.521088
1.850000    357.771973
1.860000    359.033142
1.870000    360.250549
1.880000    361.519867
1.890000    362.808777
1.900000    364.089569
1.910000    365.367249
1.920000    366.659851
1.930000    367.957581
1.940000    369.253510
1.950000    370.528015
1.960000    371.820709
1.970000    373.117981
1.980000    374.362732
1.990000    375.621521
2.000000    376.876556
2.010000    378.143402
2.020000    379.407257
2.030000    380.681610
2.040000    381.937225
2.050000    383.205872
2.060000    384.484070
2.070000    385.695312
2.080000    386.869171
2.090000    388.019775
2.100000    389.196106
2.110000    390.370361
2.120000    391.544006
2.130000    392.702209
2.140000    393.828949
2.150000    394.959076
2.160000    396.113678
2.170000    397.269867
2.180000    398.471008
2.190000    399.654327
2.200000    400.834778
2.210000    402.063446
2.220000    403.263580
2.230000    404.497253
2.240000    405.674438
2.250000    406.850739
2.260000    408.023438
2.270000    409.183929
2.280000    410.340454
2.290000    411.483765
2.300000    412.656158
2.310000    413.808807
2.320000    414.987061
2.330000    416.140900
2.340000    417.310059
2.350000    418.450623
2.360000    419.602539
2.370000    420.727478
2.380000    421.870422
2.390000    422.997040
2.400000    424.143127
2.410000    425.332947
2.420000    426.503326
2.430000    427.672852
2.440000    428.838318
2.450000    429.951782
2.460000    431.077393
2.470000    432.195831
2.480000    433.326355
2.490000    434.447937
2.500000    435.644867
2.510000    436.756989
2.520000    437.875122
2.530000    438.999512
2.540000    440.116150
2.550000    441.260406
2.560000    442.366943
2.570000    443.465179
2.580000    444.584900
2.590000    445.648651
2.600000    446.728912
2.610000    447.852844
2.620000    448.951660
2.630000    450.081360
2.640000    451.221893
2.650000    452.347809
2.660000    453.451752
2.670000    454.582031
2.680000    455.707245
2.690000    456.816620
2.700000    457.920685
2.710000    459.022675
2.720000    460.133514
2.730000    461.248688
2.740000    462.336395
2.750000    463.422180
2.760000    464.507935
2.770000    465.562042
2.780000    466.591125
2.790000    467.636780
2.800000    468.692749
2.810000    469.709839
2.820000    470.685760
2.830000    471.655640
2.840000    472.661591
2.850000    473.672302
2.860000    474.713287
2.870000    475.741119
2.880000    476.766327
2.890000    477.782501
2.900000    478.789276
2.910000    479.803467
2.920000    480.832031
2.930000    481.855011
2.940000    482.897552
2.950000    483.977875
2.960000    485.049286
2.970000    486.105530
2.980000    487.136505
2.990000    488.157837
3.000000    489.167511
3.010000    490.191132
3.020000    491.217590
3.030000    492.211090
3.040000    493.182495
3.050000    494.156311
3.060000    495.116821
3.070000    496.093994
3.080000    497.015869
3.090000    497.948761
3.100000    498.909424
3.110000    499.865814
3.120000    500.803497
3.130000    501.771667
3.140000    502.777588
3.150000    503.734589
3.160000    504.706940
3.170000    505.670502
3.180000    506.586334
3.190000    507.529205
3.200000    508.471649
3.210000    509.366577
3.220000    510.266907
3.230000    511.225555
3.240000    512.176208
3.250000    513.127197
3.260000    514.066101
3.270000    515.011902
3.280000    516.010742
3.290000    516.970703
3.300000    517.951782
3.310000    518.931824
3.320000    519.889465
3.330000    520.846252
3.340000    521.822815
3.350000    522.832825
3.360000    523.821472
3.370000    524.819885
3.380000    525.794678
3.390000    526.774597
3.400000    527.763062
3.410000    528.776123
3.420000    529.845581
3.430000    530.887329
3.440000    531.939148
3.450000    532.986633
3.460000    534.036011
3.470000    535.100403
3.480000    536.145264
3.490000    537.212585
3.500000    538.252441
3.510000    539.286011
3.520000    540.260742
3.530000    541.255188
3.540000    542.216003
3.550000    543.220398
3.560000    544.234924
3.570000    545.260071
3.580000    546.262268
3.590000    547.273376
3.600000    548.224487
3.610000    549.186401
3.620000    550.138794
3.630000    551.127441
3.640000    552.076355
3.650000    553.012329
3.660000    553.964600
3.670000    554.893982
3.680000    555.802673
3.690000    556.759705
3.700000    557.707520
3.710000    558.646423
3.720000    559.546509
3.730000    560.453735
3.740000    561.341125
3.750000    562.242859
3.760000    563.155396
3.770000    564.027649
3.780000    564.898743
3.790000    565.803833
3.800000    566.723755
3.810000    567.617554
3.820000    568.526794
3.830000    569.467896
3.840000    570.367188
3.850000    571.281189
3.860000    572.179749
3.870000    573.118835
3.880000    574.095703
3.890000    575.072021
3.900000    575.990295
3.910000    576.927124
3.920000    577.855530
3.930000    578.775513
3.940000    579.680908
3.950000    580.591553
3.960000    581.458862
3.970000    582.327454
3.980000    583.187439
3.990000    584.051758
4.000000    584.913330
4.010000    585.787170
4.020000    586.657349
4.030000    587.555542
4.040000    588.409241
4.050000    589.262634
4.060000    590.121338
4.070000    590.961426
4.080000    591.783569
4.090000    592.573364
4.100000    593.403259
4.110000    594.276550
4.120000    595.158142
4.130000    596.017090
4.140000    596.903381
4.150000    597.767395
4.160000    598.633240
4.170000    599.449951
4.180000    600.326965
4.190000    601.211792
4.200000    602.133545
4.210000    603.060974
4.220000    603.988220
4.230000    604.945801
4.240000    605.900024
4.250000    606.851807
4.260000    607.824768
4.270000    608.750671
4.280000    609.670776
4.290000    610.585327
4.300000    611.482910
4.310000    612.360962
4.320000    613.266785
4.330000    614.244873
4.340000    615.182739
4.350000    616.096619
4.360000    617.022766
4.370000    617.925598
4.380000    618.820862
4.390000    619.717773
4.400000    620.654907
4.410000    621.575378
4.420000    622.541626
4.430000    623.531921
4.440000    624.517700
4.450000    625.469849
4.460000    626.433533
4.470000    627.367432
4.480000    628.336426
4.490000    629.317078
4.500000    630.264648
4.510000    631.167114
4.520000    632.065979
4.530000    632.955627
4.540000    633.873657
4.550000    634.790649
4.560000    635.711914
4.570000    636.621399
4.580000    637.581665
4.590000    638.553833
4.600000    639.534973
4.610000    640.537048
4.620000    641.493103
4.630000    642.407654
4.640000    643.294250
4.650000    644.192444
4.660000    645.141663
4.670000    646.071533
4.680000    646.996765
4.690000    647.900269
4.700000    648.801392
4.710000    649.656372
4.720000    650.545105
4.730000    651.470825
4.740000    652.371155
4.750000    653.266479
4.760000    654.152710
4.770000    655.062256
4.780000    655.935303
4.790000    656.837646
4.800000    657.734924
4.810000    658.590576
4.820000    659.477539
4.830000    660.378967
4.840000    661.244873
4.850000    662.061951
4.860000    662.875000
4.870000    663.742432
4.880000    664.566528
4.890000    665.371765
4.900000    666.176453
4.910000    666.973877
4.920000    667.775146
4.930000    668.591980
4.940000    669.406006
4.950000    670.264099
4.960000    671.143982
4.970000    672.018066
4.980000    672.916321
4.990000    673.851624
5.000000    674.787231
5.010000    675.712280
5.020000    676.646301
5.030000    677.600037
5.040000    678.575867
5.050000    679.525635
5.060000    680.505859
5.070000    681.520691
5.080000    682.518921
5.090000    683.492493
5.100000    684.511536
5.110000    685.501038
5.120000    686.502319
5.130000    687.512451
5.140000    688.478271
5.150000    689.441956
5.160000    690.357056
5.170000    691.285034
5.180000    692.172180
5.190000    693.055420
5.200000    693.914368
5.210000    694.744263
5.220000    695.554932
5.230000    696.396729
5.240000    697.264771
5.250000    698.109192
5.260000    698.930786
5.270000    699.785278
5.280000    700.612610
5.290000    701.430786
5.300000    702.254822
5.310000    703.079651
5.320000    703.928772
5.330000    704.790222
5.340000    705.625488
5.350000    706.456848
5.360000    707.356628
5.370000    708.240479
5.380000    709.153198
5.390000    710.031250
5.400000    710.890442
5.410000    711.772339
5.420000    712.689392
5.430000    713.651245
5.440000    714.599670
5.450000    715.520508
5.460000    716.503479
5.470000    717.460205
5.480000    718.382751
5.490000    719.271179
5.500000    720.140198
5.510000    721.059265
5.520000    721.988586
5.530000    722.883362
5.540000    723.731995
5.550000    724.623047
5.560000    725.498291
5.570000    726.336670
5.580000    727.218933
5.590000    728.065002
5.600000    728.939575
5.610000    729.802856
5.620000    730.696533
5.630000    731.578369
5.640000    732.467834
5.650000    733.333069
5.660000    734.235291
5.670000    735.123779
5.680000    735.953857
5.690000    736.770874
5.700000    737.608276
5.710000    738.443604
5.720000    739.319336
5.730000    740.216492
5.740000    741.093384
5.750000    742.009399
5.760000    742.924500
5.770000    743.814148
5.780000    744.734619
5.790000    745.637634
5.800000    746.543823
5.810000    747.404541
5.820000    748.277222
5.830000    749.101074
5.840000    749.964783
5.850000    750.790833
5.860000    751.637878
5.870000    752.442932
5.880000    753.240356
5.890000    754.048523
5.900000    754.890320
5.910000    755.704285
5.920000    756.585327
5.930000    757.460205
5.940000    758.278503
5.950000    759.156128
5.960000    759.984802
5.970000    760.854126
5.980000    761.740784
5.990000    762.576416
6.000000    763.380615
6.010000    764.226501
6.020000    765.091370
6.030000    765.922913
6.040000    766.765503
6.050000    767.575500
6.060000    768.387695
6.070000    769.196960
6.080000    770.017273
6.090000    770.856689
6.100000    771.687683
6.110000    772.535706
6.120000    773.391479
6.130000    774.277527
6.140000    775.145935
6.150000    776.025330
6.160000    776.907654
6.170000    777.818359
6.180000    778.703247
6.190000    779.591064
6.200000    780.441345
6.210000    781.322266
6.220000    782.164062
6.230000    783.023132
6.240000    783.902100
6.250000    784.819641
6.260000    785.736816
6.270000    786.634155
6.280000    787.546448
6.290000    788.452942
6.300000    789.365540
6.310000    790.250488
6.320000    791.158813
6.330000    792.086060
6.340000    792.987427
6.350000    793.874084
6.360000    794.747192
6.370000    795.640259
6.380000    796.543396
6.390000    797.422424
6.400000    798.341553
6.410000    799.221008
6.420000    800.115173
6.430000    801.008179
6.440000    801.870789
6.450000    802.781555
6.460000    803.663635
6.470000    804.535645
6.480000    805.398254
6.490000    806.236938
6.500000    807.103088
6.510000    808.033142
6.520000    808.929077
6.530000    809.817322
6.540000    810.705383
6.550000    811.564575
6.560000    812.418701
6.570000    813.318542
6.580000    814.210632
6.590000    815.110901
6.600000    815.954956
6.610000    816.818176
6.620000    817.613892
6.630000    818.429749
6.640000    819.243835
6.650000    820.056824
6.660000    820.879028
6.670000    821.729614
6.680000    822.577759
6.690000    823.419312
6.700000    824.298950
6.710000    825.146790
6.720000    826.015381
6.730000    826.866089
6.740000    827.717651
6.750000    828.525085
6.760000    829.356506
6.770000    830.210754
6.780000    831.068115
6.790000    831.940186
6.800000    832.784424
6.810000    833.708008
6.820000    834.656921
6.830000    835.573181
6.840000    836.489502
6.850000    837.385193
6.860000    838.266968
6.870000    839.150879
6.880000    840.070129
6.890000    840.994507
6.900000    841.951721
6.910000    842.879944
6.920000    843.799866
6.930000    844.740417
6.940000    845.679382
6.950000    846.566345
6.960000    847.466370
6.970000    848.390259
6.980000    849.312622
6.990000    850.226257
7.000000    851.106445
7.010000    851.967407
7.020000    852.877808
7.030000    853.756653
7.040000    854.574585
7.050000    855.412415
7.060000    856.302795
7.070000    857.118591
7.080000    857.913269
7.090000    858.698303
7.100000    859.479919
7.110000    860.296021
7.120000    861.109863
7.130000    861.927429
7.140000    862.758179
7.150000    863.566040
7.160000    864.372070
7.170000    865.179565
7.180000    866.002502
7.190000    866.843994
7.200000    867.663147
7.210000    868.495117
7.220000    869.292908
7.230000    870.118225
7.240000    870.981506
7.250000    871.813293
7.260000    872.670959
7.270000    873.519653
7.280000    874.366455
7.290000    875.160767
7.300000    875.972229
7.310000    876.737427
7.320000    877.559998
7.330000    878.301636
7.340000    879.056335
7.350000    879.807617
7.360000    880.585388
7.370000    881.351013
7.380000    882.104309
7.390000    882.855408
7.400000    883.628723
7.410000    884.452209
7.420000    885.235718
7.430000    886.040710
7.440000    886.826782
7.450000    887.649109
7.460000    888.476501
7.470000    889.348694
7.480000    890.181641
7.490000    890.999023
7.500000    891.773132
7.510000    892.588501
7.520000    893.384644
7.530000    894.200562
7.540000    895.012024
7.550000    895.790161
7.560000    896.556335
7.570000    897.329712
7.580000    898.146545
7.590000    898.944458
7.600000    899.781921
7.610000    900.594666
7.620000    901.434570
7.630000    902.264099
7.640000    903.110168
7.650000    903.989990
7.660000    904.825928
7.670000    905.644348
7.680000    906.469788
7.690000    907.281128
7.700000    908.106262
7.710000    908.954285
7.720000    909.763123
7.730000    910.541870
7.740000    911.315857
7.750000    912.088562
7.760000    912.921143
7.770000    913.768494
7.780000    914.605286
7.790000    915.461670
7.800000    916.290955
7.810000    917.130310
7.820000    917.988708
7.830000    918.780334
7.840000    919.548340
7.850000    920.342834
7.860000    921.136047
7.870000    921.931458
7.880000    922.770508
7.890000    923.576172
7.900000    924.430420
7.910000    925.265503
7.920000    926.034912
7.930000    926.826538
7.940000    927.654846
7.950000    928.486755
7.960000    929.317017
7.970000    930.126099
7.980000    930.931458
7.990000    931.749268
8.000000    932.552612
8.010000    933.384583
8.020000    934.186035
8.030000    935.005676
8.040000    935.841553
8.050000    936.661438
8.060000    937.483521
8.070000    938.288879
8.080000    939.086853
8.090000    939.902039
8.100000    940.733887
8.110000    941.521179
8.120000    942.351074
8.130000    943.187805
8.140000    944.076111
8.150000    944.984009
8.160000    945.893005
8.170000    946.825317
8.180000    947.702637
8.190000    948.546326
8.200000    949.428345
8.210000    950.360596
8.220000    951.244324
8.230000    952.124329
8.240000    953.014832
8.250000    953.884521
8.260000    954.757690
8.270000    955.616943
8.280000    956.445312
8.290000    957.301331
8.300000    958.166077
8.310000    958.989990
8.320000    959.839478
8.330000    960.706116
8.340000    961.562988
8.350000    962.413391
8.360000    963.264709
8.370000    964.085388
8.380000    964.898987
8.390000    965.744141
8.400000    966.587463
8.410000    967.409851
8.420000    968.242676
8.430000    969.026611
8.440000    969.855347
8.450000    970.677551
8.460000    971.523254
8.470000    972.348999
8.480000    973.200562
8.490000    973.987610
8.500000    974.876587
8.510000    975.743042
8.520000    976.619080
8.530000    977.436890
8.540000    978.278259
8.550000    979.116821
8.560000    979.953186
8.570000    980.743408
8.580000    981.561707
8.590000    982.429138
8.600000    983.287231
8.610000    984.122986
8.620000    985.005371
8.630000    985.897827
8.640000    986.749329
8.650000    987.615417
8.660000    988.418213
8.670000    989.245789
8.680000    990.106201
8.690000    990.957703
8.700000    991.777771
8.710000    992.621765
8.720000    993.447632
8.730000    994.239136
8.740000    995.027954
8.750000    995.801270
8.760000    996.597290
8.770000    997.384888
8.780000    998.149902
8.790000    998.914001
8.800000    999.711487
8.810000    1000.507874
8.820000    1001.323669
8.830000    1002.140259
8.840000    1002.935730
8.850000    1003.771484
8.860000    1004.596741
8.870000    1005.416443
8.880000    1006.188599
8.890000    1006.990295
8.900000    1007.801270
8.910000    1008.564392
8.920000    1009.349854
8.930000    1010.156189
8.940000    1010.945984
8.950000    1011.700134
8.960000    1012.431580
8.970000    1013.168579
8.980000    1013.910706
8.990000    1014.692261
9.000000    1015.456604
9.010000    1016.215393
9.020000    1017.003174
9.030000    1017.819153
9.040000    1018.627319
9.050000    1019.384216
9.060000    1020.204102
9.070000    1021.029480
9.080000    1021.829590
9.090000    1022.634338
9.100000    1023.450073
9.110000    1024.270020
9.120000    1025.058105
9.130000    1025.865356
9.140000    1026.728271
9.150000    1027.573242
9.160000    1028.438721
9.170000    1029.281860
9.180000    1030.143555
9.190000    1031.006836
9.200000    1031.813599
9.210000    1032.629150
9.220000    1033.505005
9.230000    1034.311523
9.240000    1035.095215
9.250000    1035.888794
9.260000    1036.684570
9.270000    1037.491455
9.280000    1038.350952
9.290000    1039.152344
9.300000    1039.951416
9.310000    1040.738770
9.320000    1041.562012
9.330000    1042.371094
9.340000    1043.163452
9.350000    1043.955078
9.360000    1044.717529
9.370000    1045.465942
9.380000    1046.179565
9.390000    1046.858032
9.400000    1047.539429
9.410000    1048.227051
9.420000    1048.931152
9.430000    1049.640259
9.440000    1050.390503
9.450000    1051.114624
9.460000    1051.826294
9.470000    1052.580566
9.480000    1053.362549
9.490000    1054.108765
9.500000    1054.874756
9.510000    1055.659302
9.520000    1056.440918
9.530000    1057.217529
9.540000    1057.991943
9.550000    1058.781982
9.560000    1059.524780
9.570000    1060.323608
9.580000    1061.123291
9.590000    1061.931030
9.600000    1062.703979
9.610000    1063.460327
9.620000    1064.213257
9.630000    1064.932983
9.640000    1065.665283
9.650000    1066.406006
9.660000    1067.120483
9.670000    1067.806763
9.680000    1068.474976
9.690000    1069.194214
9.700000    1069.847290
9.710000    1070.525879
9.720000    1071.206543
9.730000    1071.861572
9.740000    1072.531982
9.750000    1073.178833
9.760000    1073.815430
9.770000    1074.481689
9.780000    1075.161133
9.790000    1075.795898
9.800000    1076.436890
9.810000    1077.099854
9.820000    1077.787109
9.830000    1078.431641
9.840000    1079.112549
9.850000    1079.745117
9.860000    1080.378784
9.870000    1081.010986
9.880000    1081.659424
9.890000    1082.291138
9.900000    1082.936646
9.910000    1083.569946
9.920000    1084.217651
9.930000    1084.866699
9.940000    1085.516724
9.950000    1086.132080
9.960000    1086.767578
9.970000    1087.418091
9.980000    1088.043701
9.990000    1088.672485
10.000000    1089.352661
10.010000    1090.014893
10.020000    1090.675415
10.030000    1091.359741
10.040000    1091.986450
10.050000    1092.625366
10.060000    1093.245850
10.070000    1093.918823
10.080000    1094.560303
10.090000    1095.191528
10.100000    1095.861084
10.110000    1096.536621
10.120000    1097.222900
10.130000    1097.891357
10.140000    1098.577026
10.150000    1099.239136
10.160000    1099.919678
10.170000    1100.577637
10.180000    1101.250000
10.190000    1101.930054
10.200000    1102.632202
10.210000    1103.306519
10.220000    1103.959961
10.230000    1104.646973
10.240000    1105.316650
10.250000    1106.020508
10.260000    1106.693726
10.270000    1107.417969
10.280000    1108.116211
10.290000    1108.830322
10.300000    1109.534546
10.310000    1110.272095
10.320000    1111.039551
10.330000    1111.781494
10.340000    1112.548584
10.350000    1113.320679
10.360000    1114.077881
10.370000    1114.863525
10.380000    1115.628418
10.390000    1116.359253
10.400000    1117.076782
10.410000    1117.819458
10.420000    1118.551758
10.430000    1119.319092
10.440000    1120.089722
10.450000    1120.829102
10.460000    1121.637329
10.470000    1122.443604
10.480000    1123.177856
10.490000    1123.969238
10.500000    1124.706909
10.510000    1125.457397
10.520000    1126.205078
10.530000    1126.938843
10.540000    1127.725098
10.550000    1128.499878
10.560000    1129.241699
10.570000    1130.014404
10.580000    1130.811646
10.590000    1131.623535
10.600000    1132.442261
10.610000    1133.235229
10.620000    1134.033081
10.630000    1134.821777
10.640000    1135.642090
10.650000    1136.478271
10.660000    1137.310303
10.670000    1138.121216
10.680000    1138.930420
10.690000    1139.754395
10.700000    1140.551270
10.710000    1141.327515
10.720000    1142.162842
10.730000    1143.000732
10.740000    1143.825439
10.750000    1144.704346
10.760000    1145.571533
10.770000    1146.438599
10.780000    1147.272461
10.790000    1148.085205
10.800000    1148.918701
10.810000    1149.693359
10.820000    1150.510620
10.830000    1151.308105
10.840000    1152.123169
10.850000    1152.968018
10.860000    1153.775024
10.870000    1154.554810
10.880000    1155.396118
10.890000    1156.232300
10.900000    1157.089355
10.910000    1157.961060
10.920000    1158.826904
10.930000    1159.664307
10.940000    1160.523071
10.950000    1161.313232
10.960000    1162.150146
10.970000    1163.023315
10.980000    1163.823853
10.990000    1164.646118
11.000000    1165.502930
11.010000    1166.339966
11.020000    1167.168335
11.030000    1167.987793
11.040000    1168.826172
11.050000    1169.634033
11.060000    1170.436401
11.070000    1171.233521
11.080000    1172.052856
11.090000    1172.894165
11.100000    1173.734009
11.110000    1174.561646
11.120000    1175.416504
11.130000    1176.211914
11.140000    1177.030884
11.150000    1177.856567
11.160000    1178.685303
11.170000    1179.541382
11.180000    1180.384766
11.190000    1181.265869
11.200000    1182.111084
11.210000    1182.968262
11.220000    1183.816406
11.230000    1184.681519
11.240000    1185.552490
11.250000    1186.412598
11.260000    1187.304565
11.270000    1188.199097
11.280000    1189.083130
11.290000    1189.933228
11.300000    1190.739380
11.310000    1191.586792
11.320000    1192.409912
11.330000    1193.234741
11.340000    1194.020508
11.350000    1194.790283
11.360000    1195.616211
11.370000    1196.434692
11.380000    1197.323608
11.390000    1198.195435
11.400000    1198.982300
11.410000    1199.818481
11.420000    1200.665039
11.430000    1201.525757
11.440000    1202.386108
11.450000    1203.222046
11.460000    1204.069336
11.470000    1204.906982
11.480000    1205.732056
11.490000    1206.557495
11.500000    1207.381592
11.510000    1208.224854
11.520000    1209.097412
11.530000    1209.954956
11.540000    1210.849609
11.550000    1211.721069
11.560000    1212.578003
11.570000    1213.414673
11.580000    1214.255859
11.590000    1215.106201
11.600000    1215.974365
11.610000    1216.806641
11.620000    1217.648682
11.630000    1218.475342
11.640000    1219.311646
11.650000    1220.135010
11.660000    1220.956055
11.670000    1221.764771
11.680000    1222.584351
11.690000    1223.439941
11.700000    1224.289551
11.710000    1225.143066
11.720000    1225.971558
11.730000    1226.824707
11.740000    1227.672119
11.750000    1228.520142
11.760000    1229.371948
11.770000    1230.222168
11.780000    1231.041992
11.790000    1231.896118
11.800000    1232.733154
11.810000    1233.570923
11.820000    1234.409668
11.830000    1235.217163
11.840000    1236.022461
11.850000    1236.872070
11.860000    1237.708374
11.870000    1238.518555
11.880000    1239.326538
11.890000    1240.170410
11.900000    1240.983154
11.910000    1241.783203
11.920000    1242.605225
11.930000    1243.436523
11.940000    1244.249268
11.950000    1245.077148
11.960000    1245.907715
11.970000    1246.674805
11.980000    1247.523193
11.990000    1248.361816
12.000000    1249.217163
12.010000    1250.058105
12.020000    1250.877808
12.030000    1251.698242
12.040000    1252.559814
12.050000    1253.402588
12.060000    1254.242676
12.070000    1255.016602
12.080000    1255.829346
12.090000    1256.666748
12.100000    1257.479980
12.110000    1258.300293
12.120000    1259.109253
12.130000    1259.928589
12.140000    1260.802002
12.150000    1261.645142
12.160000    1262.500610
12.170000    1263.335815
12.180000    1264.126831
12.190000    1264.956909
12.200000    1265.834106
12.210000    1266.702515
12.220000    1267.572021
12.230000    1268.399902
12.240000    1269.239136
12.250000    1270.053955
12.260000    1270.866333
12.270000    1271.667236
12.280000    1272.489868
12.290000    1273.348633
12.300000    1274.139526
12.310000    1274.960693
12.320000    1275.803589
12.330000    1276.639282
12.340000    1277.477539
12.350000    1278.311890
12.360000    1279.198120
12.370000    1280.078857
12.380000    1280.910645
12.390000    1281.737183
12.400000    1282.602783
12.410000    1283.502808
12.420000    1284.383179
12.430000    1285.246704
12.440000    1286.081055
12.450000    1286.925537
12.460000    1287.790771
12.470000    1288.602051
12.480000    1289.416382
12.490000    1290.240479
12.500000    1291.077271
12.510000    1291.880127
12.520000    1292.720093
12.530000    1293.501099
12.540000    1294.332520
12.550000    1295.175781
12.560000    1296.019043
12.570000    1296.887695
12.580000    1297.733032
12.590000    1298.611816
12.600000    1299.463867
12.610000    1300.319458
12.620000    1301.124634
12.630000    1301.937866
12.640000    1302.737549
12.650000    1303.505859
12.660000    1304.328247
12.670000    1305.114990
12.680000    1305.922729
12.690000    1306.795044
12.700000    1307.662964
12.710000    1308.501099
12.720000    1309.353027
12.730000    1310.206909
12.740000    1311.048584
12.750000    1311.922852
12.760000    1312.774292
12.770000    1313.596191
12.780000    1314.384521
12.790000    1315.145996
12.800000    1315.926636
12.810000    1316.713867
12.820000    1317.467529
12.830000    1318.178955
12.840000    1318.917969
12.850000    1319.644897
12.860000    1320.384766
12.870000    1321.156616
12.880000    1321.912109
12.890000    1322.698364
12.900000    1323.543823
12.910000    1324.390869
12.920000    1325.227051
12.930000    1326.025635
12.940000    1326.813965
12.950000    1327.608521
12.960000    1328.395508
12.970000    1329.201172
12.980000    1329.993042
12.990000    1330.780518
13.000000    1331.543823
13.010000    1332.298462
13.020000    1333.092529
13.030000    1333.892700
13.040000    1334.650391
13.050000    1335.371460
13.060000    1336.042603
13.070000    1336.779785
13.080000    1337.526855
13.090000    1338.307495
13.100000    1339.092529
13.110000    1339.881714
13.120000    1340.663696
13.130000    1341.422974
13.140000    1342.259644
13.150000    1343.041382
13.160000    1343.844360
13.170000    1344.616699
13.180000    1345.359375
13.190000    1346.153320
13.200000    1346.944092
13.210000    1347.719238
13.220000    1348.478149
13.230000    1349.250122
13.240000    1350.025879
13.250000    1350.765747
13.260000    1351.510254
13.270000    1352.342896
13.280000    1353.188965
13.290000    1354.047607
13.300000    1354.899048
13.310000    1355.744263
13.320000    1356.620117
13.330000    1357.468506
13.340000    1358.308716
13.350000    1359.152222
13.360000    1359.997559
13.370000    1360.882080
13.380000    1361.780151
13.390000    1362.637085
13.400000    1363.458374
13.410000    1364.279053
13.420000    1365.121460
13.430000    1365.964844
13.440000    1366.818481
13.450000    1367.655273
13.460000    1368.529785
13.470000    1369.357178
13.480000    1370.138306
13.490000    1370.937012
13.500000    1371.733154
13.510000    1372.496460
13.520000    1373.263672
13.530000    1374.070923
13.540000    1374.873413
13.550000    1375.660645
13.560000    1376.401978
13.570000    1377.188965
13.580000    1377.954468
13.590000    1378.762939
13.600000    1379.544067
13.610000    1380.316162
13.620000    1381.114014
13.630000    1381.915161
13.640000    1382.659546
13.650000    1383.450073
13.660000    1384.241577
13.670000    1385.051392
13.680000    1385.874878
13.690000    1386.696777
13.700000    1387.481201
13.710000    1388.281860
13.720000    1389.074463
13.730000    1389.867676
13.740000    1390.630249
13.750000    1391.423462
13.760000    1392.215698
13.770000    1393.020020
13.780000    1393.844604
13.790000    1394.632568
13.800000    1395.397095
13.810000    1396.158081
13.820000    1396.910522
13.830000    1397.659302
13.840000    1398.402222
13.850000    1399.208374
13.860000    1399.983887
13.870000    1400.767822
13.880000    1401.566406
13.890000    1402.352417
13.900000    1403.189087
13.910000    1404.020386
13.920000    1404.820068
13.930000    1405.594849
13.940000    1406.388794
13.950000    1407.244507
13.960000    1408.069580
13.970000    1408.917236
13.980000    1409.720703
13.990000    1410.512207
14.000000    1411.317749
14.010000    1412.126099
14.020000    1412.971924
14.030000    1413.827393
14.040000    1414.709595
14.050000    1415.564941
14.060000    1416.423828
14.070000    1417.309082
14.080000    1418.186401
14.090000    1419.010986
14.100000    1419.805176
14.110000    1420.610474
14.120000    1421.410034
14.130000    1422.268311
14.140000    1423.061157
14.150000    1423.880371
14.160000    1424.733398
14.170000    1425.621460
14.180000    1426.521362
14.190000    1427.417603
14.200000    1428.282227
14.210000    1429.185669
14.220000    1430.056641
14.230000    1430.947021
14.240000    1431.809814
14.250000    1432.657715
14.260000    1433.447388
14.270000    1434.269043
14.280000    1435.072388
14.290000    1435.944458
14.300000    1436.715942
14.310000    1437.431641
14.320000    1438.201782
14.330000    1439.000244
14.340000    1439.789185
14.350000    1440.561523
14.360000    1441.298096
14.370000    1442.060425
14.380000    1442.770752
14.390000    1443.481079
14.400000    1444.264282
14.410000    1445.031250
14.420000    1445.807373
14.430000    1446.576782
14.440000    1447.291748
14.450000    1448.024292
14.460000    1448.794434
14.470000    1449.547241
14.480000    1450.302246
14.490000    1451.052368
14.500000    1451.842285
14.510000    1452.608398
14.520000    1453.395142
14.530000    1454.180054
14.540000    1455.005127
14.550000    1455.822144
14.560000    1456.595703
14.570000    1457.345703
14.580000    1458.121948
14.590000    1458.892334
14.600000    1459.634277
14.610000    1460.412964
14.620000    1461.154419
14.630000    1461.908325
14.640000    1462.657837
14.650000    1463.442383
14.660000    1464.257935
14.670000    1465.019287
14.680000    1465.741821
14.690000    1466.524414
14.700000    1467.322144
14.710000    1468.075317
14.720000    1468.836914
14.730000    1469.632690
14.740000    1470.428955
14.750000    1471.200317
14.760000    1472.003296
14.770000    1472.777832
14.780000    1473.508545
14.790000    1474.219971
14.800000    1474.973755
14.810000    1475.714600
14.820000    1476.472046
14.830000    1477.245728
14.840000    1477.986572
14.850000    1478.704712
14.860000    1479.458496
14.870000    1480.238892
14.880000    1480.976807
14.890000    1481.708984
14.900000    1482.412354
14.910000    1483.164795
14.920000    1483.833374
14.930000    1484.502319
14.940000    1485.171753
14.950000    1485.808228
14.960000    1486.465088
14.970000    1487.062134
14.980000    1487.667236
14.990000    1488.289551
15.000000    1488.926636
15.010000    1489.554810
15.020000    1490.195679
15.030000    1490.845215
15.040000    1491.466431
15.050000    1492.052490
15.060000    1492.678101
15.070000    1493.363037
15.080000    1494.017944
15.090000    1494.652954
15.100000    1495.260010
15.110000    1495.893066
15.120000    1496.465942
15.130000    1497.075684
15.140000    1497.655762
15.150000    1498.206909
15.160000    1498.729126
15.170000    1499.316040
15.180000    1499.866577
15.190000    1500.462158
15.200000    1501.067871
15.210000    1501.630005
15.220000    1502.213257
15.230000    1502.810791
15.240000    1503.478516
15.250000    1504.186157
15.260000    1504.864746
15.270000    1505.505127
15.280000    1506.102905
15.290000    1506.768799
15.300000    1507.461426
15.310000    1508.137451
15.320000    1508.803589
15.330000    1509.478027
15.340000    1510.134155
15.350000    1510.756348
15.360000    1511.399414
15.370000    1512.035645
15.380000    1512.750610
15.390000    1513.493896
15.400000    1514.253052
15.410000    1515.037842
15.420000    1515.817871
15.430000    1516.556396
15.440000    1517.351440
15.450000    1518.144531
15.460000    1518.917358
15.470000    1519.710327
15.480000    1520.428223
15.490000    1521.167358
15.500000    1521.913452
15.510000    1522.618286
15.520000    1523.338867
15.530000    1524.109131
15.540000    1524.839600
15.550000    1525.594360
15.560000    1526.348145
15.570000    1527.102539
15.580000    1527.899780
15.590000    1528.703247
15.600000    1529.491333
15.610000    1530.272827
15.620000    1531.035400
15.630000    1531.774292
15.640000    1532.515137
15.650000    1533.303223
15.660000    1534.073608
15.670000    1534.871704
15.680000    1535.648926
15.690000    1536.469604
15.700000    1537.277710
15.710000    1538.154175
15.720000    1538.988892
15.730000    1539.841309
15.740000    1540.724243
15.750000    1541.572754
15.760000    1542.389404
15.770000    1543.130737
15.780000    1543.899048
15.790000    1544.639771
15.800000    1545.405396
15.810000    1546.123047
15.820000    1546.788940
15.830000    1547.452637
15.840000    1548.147827
15.850000    1548.806519
15.860000    1549.486694
15.870000    1550.152954
15.880000    1550.790771
15.890000    1551.496460
15.900000    1552.235718
15.910000    1552.977661
15.920000    1553.729370
15.930000    1554.521118
15.940000    1555.243286
15.950000    1555.965088
15.960000    1556.676147
15.970000    1557.349365
15.980000    1558.014893
15.990000    1558.656372
16.000000    1559.313965
16.010000    1560.027344
16.020000    1560.679932
16.030000    1561.292969
16.040000    1561.951904
16.050000    1562.598389
16.060000    1563.263184
16.070000    1563.889526
16.080000    1564.507690
16.090000    1565.111572
16.100000    1565.711670
16.110000    1566.350952
16.120000    1566.947266
16.130000    1567.580078
16.140000    1568.140503
16.150000    1568.749512
16.160000    1569.392700
16.170000    1570.002197
16.180000    1570.611694
16.190000    1571.224609
16.200000    1571.794556
16.210000    1572.409180
16.220000    1573.039307
16.230000    1573.649902
16.240000    1574.284668
16.250000    1574.886719
16.260000    1575.513184
16.270000    1576.055664
16.280000    1576.626587
16.290000    1577.186768
16.300000    1577.782837
16.310000    1578.353394
16.320000    1578.952393
16.330000    1579.564209
16.340000    1580.155884
16.350000    1580.739624
16.360000    1581.348145
16.370000    1581.975342
16.380000    1582.568726
16.390000    1583.158325
16.400000    1583.759888
16.410000    1584.372925
16.420000    1585.007568
16.430000    1585.685059
16.440000    1586.330200
16.450000    1586.986572
16.460000    1587.611084
16.470000    1588.243164
16.480000    1588.819092
16.490000    1589.397095
16.500000    1589.994995
16.510000    1590.554321
16.520000    1591.131836
16.530000    1591.750244
16.540000    1592.399414
16.550000    1593.016357
16.560000    1593.583618
16.570000    1594.186768
16.580000    1594.767090
16.590000    1595.338867
16.600000    1595.947021
16.610000    1596.562256
16.620000    1597.114990
16.630000    1597.675537
16.640000    1598.238037
16.650000    1598.793579
16.660000    1599.326416
16.670000    1599.884766
16.680000    1600.467529
16.690000    1601.006592
16.700000    1601.562012
16.710000    1602.096436
16.720000    1602.621460
16.730000    1603.186157
16.740000    1603.788330
16.750000    1604.416504
16.760000    1605.012817
16.770000    1605.571167
16.780000    1606.173828
16.790000    1606.760742
16.800000    1607.351318
16.810000    1607.863403
16.820000    1608.422119
16.830000    1609.000854
16.840000    1609.599487
16.850000    1610.145752
16.860000    1610.772949
16.870000    1611.333984
16.880000    1611.912109
16.890000    1612.490845
16.900000    1613.062256
16.910000    1613.611450
16.920000    1614.132080
16.930000    1614.595825
16.940000    1615.065186
16.950000    1615.518799
16.960000    1615.987549
16.970000    1616.451294
16.980000    1616.954346
16.990000    1617.465454
17.000000    1617.947510
17.010000    1618.410278
17.020000    1618.896729
17.030000    1619.399536
17.040000    1619.937622
17.050000    1620.490112
17.060000    1621.062744
17.070000    1621.661499
17.080000    1622.260498
17.090000    1622.907715
17.100000    1623.605713
17.110000    1624.274170
17.120000    1624.952271
17.130000    1625.648926
17.140000    1626.312622
17.150000    1626.989380
17.160000    1627.688110
17.170000    1628.395142
17.180000    1629.109375
17.190000    1629.854248
17.200000    1630.555908
17.210000    1631.287720
17.220000    1632.022461
17.230000    1632.794556
17.240000    1633.512695
17.250000    1634.254395
17.260000    1634.950684
17.270000    1635.694702
17.280000    1636.459595
17.290000    1637.152710
17.300000    1637.805664
17.310000    1638.453979
17.320000    1639.098877
17.330000    1639.700317
17.340000    1640.351685
17.350000    1640.978394
17.360000    1641.637939
17.370000    1642.301025
17.380000    1642.995972
17.390000    1643.692993
17.400000    1644.436401
17.410000    1645.205566
17.420000    1645.963135
17.430000    1646.691040
17.440000    1647.484863
17.450000    1648.265503
17.460000    1649.028564
17.470000    1649.827515
17.480000    1650.600952
17.490000    1651.362549
17.500000    1652.098877
17.510000    1652.895264
17.520000    1653.685303
17.530000    1654.443604
17.540000    1655.216064
17.550000    1655.986694
17.560000    1656.775757
17.570000    1657.560913
17.580000    1658.290527
17.590000    1659.022339
17.600000    1659.753784
17.610000    1660.498901
17.620000    1661.223389
17.630000    1661.984863
17.640000    1662.693359
17.650000    1663.386719
17.660000    1664.061523
17.670000    1664.748291
17.680000    1665.407959
17.690000    1666.081787
17.700000    1666.722534
17.710000    1667.403564
17.720000    1668.036499
17.730000    1668.660645
17.740000    1669.269165
17.750000    1669.877197
17.760000    1670.517822
17.770000    1671.156860
17.780000    1671.756836
17.790000    1672.425293
17.800000    1673.052856
17.810000    1673.656372
17.820000    1674.285278
17.830000    1674.908447
17.840000    1675.550781
17.850000    1676.200317
17.860000    1676.855225
17.870000    1677.443604
17.880000    1678.023560
17.890000    1678.589233
17.900000    1679.151245
17.910000    1679.747925
17.920000    1680.299194
17.930000    1680.875854
17.940000    1681.488159
17.950000    1682.115112
17.960000    1682.748901
17.970000    1683.413940
17.980000    1684.062622
17.990000    1684.718140
18.000000    1685.318970
18.010000    1685.918091
18.020000    1686.563110
18.030000    1687.266479
18.040000    1687.928589
18.050000    1688.586670
18.060000    1689.238281
18.070000    1689.875122
18.080000    1690.535522
18.090000    1691.241455
18.100000    1691.955078
18.110000    1692.655640
18.120000    1693.344482
18.130000    1694.034302
18.140000    1694.673950
18.150000    1695.356079
18.160000    1696.003662
18.170000    1696.596680
18.180000    1697.200439
18.190000    1697.829468
18.200000    1698.468506
18.210000    1699.118530
18.220000    1699.769897
18.230000    1700.416016
18.240000    1701.064209
18.250000    1701.699829
18.260000    1702.320679
18.270000    1702.908569
18.280000    1703.497192
18.290000    1704.091064
18.300000    1704.706299
18.310000    1705.270020
18.320000    1705.885864
18.330000    1706.492554
18.340000    1707.073608
18.350000    1707.660400
18.360000    1708.238525
18.370000    1708.760254
18.380000    1709.262573
18.390000    1709.780273
18.400000    1710.333984
18.410000    1710.819946
18.420000    1711.372314
18.430000    1711.926025
18.440000    1712.436890
18.450000    1712.991943
18.460000    1713.517578
18.470000    1714.059692
18.480000    1714.598877
18.490000    1715.121460
18.500000    1715.653809
18.510000    1716.172607
18.520000    1716.675903
18.530000    1717.197998
18.540000    1717.723267
18.550000    1718.277710
18.560000    1718.865601
18.570000    1719.388794
18.580000    1719.928955
18.590000    1720.439087
18.600000    1720.941772
18.610000    1721.434448
18.620000    1721.923096
18.630000    1722.399292
18.640000    1722.890747
18.650000    1723.465820
18.660000    1724.072998
18.670000    1724.669678
18.680000    1725.319580
18.690000    1725.965210
18.700000    1726.561646
18.710000    1727.166992
18.720000    1727.775757
18.730000    1728.460815
18.740000    1729.098145
18.750000    1729.728149
18.760000    1730.242065
18.770000    1730.790405
18.780000    1731.374390
18.790000    1731.993042
18.800000    1732.650635
18.810000    1733.353027
18.820000    1734.057617
18.830000    1734.729858
18.840000    1735.415283
18.850000    1736.094727
18.860000    1736.746582
18.870000    1737.415771
18.880000    1738.108643
18.890000    1738.742554
18.900000    1739.385010
18.910000    1740.005615
18.920000    1740.548828
18.930000    1741.196655
18.940000    1741.860596
18.950000    1742.572144
18.960000    1743.266479
18.970000    1743.939941
18.980000    1744.671265
18.990000    1745.356689
19.000000    1746.075439
19.010000    1746.749268
19.020000    1747.479004
19.030000    1748.223877
19.040000    1749.000000
19.050000    1749.691772
19.060000    1750.402954
19.070000    1751.056641
19.080000    1751.725098
19.090000    1752.396362
19.100000    1753.115356
19.110000    1753.842163
19.120000    1754.525269
19.130000    1755.193359
19.140000    1755.883911
19.150000    1756.536011
19.160000    1757.246094
19.170000    1757.911743
19.180000    1758.548828
19.190000    1759.177246
19.200000    1759.767212
19.210000    1760.390625
19.220000    1760.970093
19.230000    1761.584229
19.240000    1762.173218
19.250000    1762.796631
19.260000    1763.404175
19.270000    1763.977051
19.280000    1764.574951
19.290000    1765.201172
19.300000    1765.838013
19.310000    1766.522461
19.320000    1767.208740
19.330000    1767.942139
19.340000    1768.755859
19.350000    1769.523926
19.360000    1770.348022
19.370000    1771.152222
19.380000    1771.937866
19.390000    1772.750854
19.400000    1773.550659
19.410000    1774.327271
19.420000    1775.108765
19.430000    1775.864380
19.440000    1776.601196
19.450000    1777.312500
19.460000    1778.003540
19.470000    1778.647217
19.480000    1779.271973
19.490000    1779.850464
19.500000    1780.456421
19.510000    1781.088257
19.520000    1781.760620
19.530000    1782.369995
19.540000    1782.972656
19.550000    1783.583862
19.560000    1784.174683
19.570000    1784.775635
19.580000    1785.493408
19.590000    1786.186768
19.600000    1786.828247
19.610000    1787.460205
19.620000    1788.136597
19.630000    1788.771851
19.640000    1789.379150
19.650000    1790.026855
19.660000    1790.603638
19.670000    1791.199341
19.680000    1791.842285
19.690000    1792.506348
19.700000    1793.113892
19.710000    1793.675537
19.720000    1794.302856
19.730000    1794.867065
19.740000    1795.434692
19.750000    1796.069092
19.760000    1796.754883
19.770000    1797.376343
19.780000    1798.000732
19.790000    1798.664917
19.800000    1799.266968
19.810000    1799.880127
19.820000    1800.438232
19.830000    1800.974365
19.840000    1801.547241
19.850000    1802.118408
19.860000    1802.698975
19.870000    1803.252319
19.880000    1803.815186
19.890000    1804.377197
19.900000    1804.967407
19.910000    1805.500977
19.920000    1806.052246
19.930000    1806.572998
19.940000    1807.072388
19.950000    1807.581543
19.960000    1808.097656
19.970000    1808.641968
19.980000    1809.188232
19.990000    1809.791382
20.000000    1810.355469
20.010000    1810.909058
20.020000    1811.434326
20.030000    1812.025879
20.040000    1812.625732
20.050000    1813.194824
20.060000    1813.756836
20.070000    1814.358398
20.080000    1814.966675
20.090000    1815.597290
20.100000    1816.224609
20.110000    1816.802368
20.120000    1817.387207
20.130000    1817.972046
20.140000    1818.533081
20.150000    1819.087280
20.160000    1819.720703
20.170000    1820.257568
20.180000    1820.834473
20.190000    1821.435425
20.200000    1822.000366
20.210000    1822.588379
20.220000    1823.143433
20.230000    1823.718994
20.240000    1824.271973
20.250000    1824.743042
20.260000    1825.235229
20.270000    1825.760742
20.280000    1826.268921
20.290000    1826.776733
20.300000    1827.308472
20.310000    1827.796875
20.320000    1828.268311
20.330000    1828.770020
20.340000    1829.274048
20.350000    1829.775757
20.360000    1830.256226
20.370000    1830.715210
20.380000    1831.225586
20.390000    1831.740845
20.400000    1832.256836
20.410000    1832.802002
20.420000    1833.351929
20.430000    1833.895874
20.440000    1834.466431
20.450000    1835.033447
20.460000    1835.602417
20.470000    1836.122070
20.480000    1836.644287
20.490000    1837.187256
20.500000    1837.692749
20.510000    1838.202026
20.520000    1838.758667
20.530000    1839.243042
20.540000    1839.721436
20.550000    1840.196899
20.560000    1840.710693
20.570000    1841.141235
20.580000    1841.628906
20.590000    1842.134155
20.600000    1842.658325
20.610000    1843.184326
20.620000    1843.735962
20.630000    1844.217529
20.640000    1844.725952
20.650000    1845.214844
20.660000    1845.720459
20.670000    1846.208008
20.680000    1846.673340
20.690000    1847.172852
20.700000    1847.662842
20.710000    1848.158691
20.720000    1848.656616
20.730000    1849.159424
20.740000    1849.613770
20.750000    1850.087769
20.760000    1850.604370
20.770000    1851.102051
20.780000    1851.556152
20.790000    1851.986816
20.800000    1852.427124
20.810000    1852.904541
20.820000    1853.411499
20.830000    1853.927612
20.840000    1854.423462
20.850000    1854.977661
20.860000    1855.516113
20.870000    1856.092407
20.880000    1856.683960
20.890000    1857.319580
20.900000    1857.899658
20.910000    1858.474243
20.920000    1859.096436
20.930000    1859.686890
20.940000    1860.240967
20.950000    1860.773682
20.960000    1861.300049
20.970000    1861.812622
20.980000    1862.298828
20.990000    1862.848389
21.000000    1863.345459
21.010000    1863.843384
21.020000    1864.308228
21.030000    1864.828125
21.040000    1865.349976
21.050000    1865.874146
21.060000    1866.384277
21.070000    1866.905884
21.080000    1867.432617
21.090000    1867.977295
21.100000    1868.509644
21.110000    1869.072998
21.120000    1869.654663
21.130000    1870.245605
21.140000    1870.818604
21.150000    1871.398315
21.160000    1871.982910
21.170000    1872.535156
21.180000    1873.084229
21.190000    1873.623047
21.200000    1874.198975
21.210000    1874.779785
21.220000    1875.423218
21.230000    1876.039429
21.240000    1876.656372
21.250000    1877.250732
21.260000    1877.839233
21.270000    1878.421509
21.280000    1879.032471
21.290000    1879.632080
21.300000    1880.279419
21.310000    1880.939087
21.320000    1881.609741
21.330000    1882.224121
21.340000    1882.850952
21.350000    1883.549316
21.360000    1884.225342
21.370000    1884.911133
21.380000    1885.653442
21.390000    1886.411255
21.400000    1887.113403
21.410000    1887.856079
21.420000    1888.605713
21.430000    1889.304810
21.440000    1889.956055
21.450000    1890.596069
21.460000    1891.249268
21.470000    1891.863159
21.480000    1892.486450
21.490000    1893.181152
21.500000    1893.823853
21.510000    1894.494873
21.520000    1895.130249
21.530000    1895.746460
21.540000    1896.410156
21.550000    1897.078003
21.560000    1897.747559
21.570000    1898.410034
21.580000    1899.107056
21.590000    1899.842285
21.600000    1900.575317
21.610000    1901.281006
21.620000    1901.938354
21.630000    1902.637207
21.640000    1903.347656
21.650000    1904.067749
21.660000    1904.775635
21.670000    1905.455322
21.680000    1906.111450
21.690000    1906.751099
21.700000    1907.364136
21.710000    1907.956909
21.720000    1908.538452
21.730000    1909.103516
21.740000    1909.601807
21.750000    1910.099976
21.760000    1910.612915
21.770000    1911.144043
21.780000    1911.698486
21.790000    1912.299072
21.800000    1912.933960
21.810000    1913.575195
21.820000    1914.173828
21.830000    1914.791626
21.840000    1915.414551
21.850000    1915.997681
21.860000    1916.645996
21.870000    1917.315430
21.880000    1917.953247
21.890000    1918.611450
21.900000    1919.230835
21.910000    1919.811646
21.920000    1920.332397
21.930000    1920.820068
21.940000    1921.323486
21.950000    1921.811157
21.960000    1922.339966
21.970000    1922.819702
21.980000    1923.303345
21.990000    1923.765381
22.000000    1924.265625
22.010000    1924.788696
22.020000    1925.334717
22.030000    1925.824707
22.040000    1926.419678
22.050000    1927.007324
22.060000    1927.568726
22.070000    1928.110474
22.080000    1928.598145
22.090000    1929.090210
22.100000    1929.584961
22.110000    1930.056519
22.120000    1930.543457
22.130000    1931.035889
22.140000    1931.513916
22.150000    1931.943115
22.160000    1932.368896
22.170000    1932.822998
22.180000    1933.259766
22.190000    1933.711182
22.200000    1934.138794
22.210000    1934.597778
22.220000    1935.003296
22.230000    1935.483032
22.240000    1935.927246
22.250000    1936.338257
22.260000    1936.753052
22.270000    1937.193115
22.280000    1937.653931
22.290000    1938.185669
22.300000    1938.696777
22.310000    1939.228271
22.320000    1939.717163
22.330000    1940.262085
22.340000    1940.855225
22.350000    1941.438599
22.360000    1942.029053
22.370000    1942.626099
22.380000    1943.196899
22.390000    1943.774048
22.400000    1944.350586
22.410000    1944.880981
22.420000    1945.432495
22.430000    1945.922241
22.440000    1946.450806
22.450000    1946.986206
22.460000    1947.500488
22.470000    1948.043701
22.480000    1948.550171
22.490000    1949.079590
22.500000    1949.662354
22.510000    1950.191772
22.520000    1950.735352
22.530000    1951.257324
22.540000    1951.740967
22.550000    1952.204224
22.560000    1952.676025
22.570000    1953.136108
22.580000    1953.603516
22.590000    1954.072998
22.600000    1954.557617
22.610000    1955.075684
22.620000    1955.591797
22.630000    1956.045776
22.640000    1956.520264
22.650000    1956.966431
22.660000    1957.383423
22.670000    1957.844482
22.680000    1958.299316
22.690000    1958.782471
22.700000    1959.233276
22.710000    1959.686768
22.720000    1960.167358
22.730000    1960.679932
22.740000    1961.213867
22.750000    1961.707031
22.760000    1962.253418
22.770000    1962.821167
22.780000    1963.346191
22.790000    1963.848877
22.800000    1964.392700
22.810000    1964.903076
22.820000    1965.464111
22.830000    1966.004639
22.840000    1966.541016
22.850000    1967.134644
22.860000    1967.702271
22.870000    1968.302490
22.880000    1968.911743
22.890000    1969.456665
22.900000    1970.065430
22.910000    1970.668945
22.920000    1971.310425
22.930000    1971.895508
22.940000    1972.475708
22.950000    1973.024902
22.960000    1973.533203
22.970000    1974.027466
22.980000    1974.506836
22.990000    1974.989258
23.000000    1975.509155
23.010000    1976.015869
23.020000    1976.576050
23.030000    1977.161987
23.040000    1977.714722
23.050000    1978.326172
23.060000    1978.924805
23.070000    1979.482544
23.080000    1980.053101
23.090000    1980.623535
23.100000    1981.212769
23.110000    1981.839844
23.120000    1982.439575
23.130000    1983.029419
23.140000    1983.642090
23.150000    1984.207397
23.160000    1984.770386
23.170000    1985.319214
23.180000    1985.814819
23.190000    1986.399292
23.200000    1986.931641
23.210000    1987.507202
23.220000    1988.037354
23.230000    1988.600952
23.240000    1989.184570
23.250000    1989.794434
23.260000    1990.392212
23.270000    1990.976074
23.280000    1991.563232
23.290000    1992.140381
23.300000    1992.684326
23.310000    1993.254028
23.320000    1993.851074
23.330000    1994.455566
23.340000    1995.041016
23.350000    1995.590210
23.360000    1996.050781
23.370000    1996.582031
23.380000    1997.138794
23.390000    1997.672363
23.400000    1998.241211
23.410000    1998.796387
23.420000    1999.278931
23.430000    1999.795654
23.440000    2000.325195
23.450000    2000.916260
23.460000    2001.470337
23.470000    2002.087280
23.480000    2002.638550
23.490000    2003.142334
23.500000    2003.694214
23.510000    2004.259644
23.520000    2004.848267
23.530000    2005.386963
23.540000    2005.959595
23.550000    2006.503174
23.560000    2007.029053
23.570000    2007.536499
23.580000    2008.091309
23.590000    2008.611450
23.600000    2009.102417
23.610000    2009.592773
23.620000    2010.044678
23.630000    2010.557739
23.640000    2011.067017
23.650000    2011.591553
23.660000    2012.131470
23.670000    2012.635986
23.680000    2013.157959
23.690000    2013.686523
23.700000    2014.247559
23.710000    2014.787476
23.720000    2015.300171
23.730000    2015.797607
23.740000    2016.317627
23.750000    2016.834473
23.760000    2017.365967
23.770000    2017.829102
23.780000    2018.360229
23.790000    2018.943604
23.800000    2019.552368
23.810000    2020.173584
23.820000    2020.763672
23.830000    2021.310425
23.840000    2021.864624
23.850000    2022.361816
23.860000    2022.862427
23.870000    2023.316040
23.880000    2023.793091
23.890000    2024.232544
23.900000    2024.711670
23.910000    2025.182495
23.920000    2025.630005
23.930000    2026.119019
23.940000    2026.583740
23.950000    2027.012573
23.960000    2027.432007
23.970000    2027.875610
23.980000    2028.305420
23.990000    2028.779541
24.000000    2029.201660
24.010000    2029.652466
24.020000    2030.108765
24.030000    2030.579346
24.040000    2031.098389
24.050000    2031.640503
24.060000    2032.147705
24.070000    2032.641357
24.080000    2033.164429
24.090000    2033.642822
24.100000    2034.145996
24.110000    2034.671875
24.120000    2035.250122
24.130000    2035.786011
24.140000    2036.331909
24.150000    2036.817627
24.160000    2037.392090
24.170000    2038.011353
24.180000    2038.621216
24.190000    2039.205200
24.200000    2039.742798
24.210000    2040.316284
24.220000    2040.877197
24.230000    2041.432739
24.240000    2041.978882
24.250000    2042.537109
24.260000    2043.104370
24.270000    2043.677734
24.280000    2044.264893
24.290000    2044.823120
24.300000    2045.446167
24.310000    2046.047974
24.320000    2046.680298
24.330000    2047.354126
24.340000    2048.020996
24.350000    2048.653564
24.360000    2049.288574
24.370000    2049.942871
24.380000    2050.650391
24.390000    2051.375488
24.400000    2052.112793
24.410000    2052.788330
24.420000    2053.497803
24.430000    2054.177979
24.440000    2054.894775
24.450000    2055.595215
24.460000    2056.284180
24.470000    2056.977783
24.480000    2057.714111
24.490000    2058.460449
24.500000    2059.187256
24.510000    2059.918945
24.520000    2060.662842
24.530000    2061.426758
24.540000    2062.169678
24.550000    2062.983643
24.560000    2063.816406
24.570000    2064.639160
24.580000    2065.465088
24.590000    2066.307129
24.600000    2067.100586
24.610000    2067.925049
24.620000    2068.697266
24.630000    2069.480225
24.640000    2070.267822
24.650000    2071.075195
24.660000    2071.869629
24.670000    2072.696533
24.680000    2073.492432
24.690000    2074.303711
24.700000    2075.105957
24.710000    2075.887695
24.720000    2076.666504
24.730000    2077.360596
24.740000    2078.041260
24.750000    2078.721436
24.760000    2079.484131
24.770000    2080.213379
24.780000    2080.900879
24.790000    2081.648926
24.800000    2082.371094
24.810000    2083.127441
24.820000    2083.883789
24.830000    2084.666016
24.840000    2085.437012
24.850000    2086.181885
24.860000    2086.923584
24.870000    2087.636230
24.880000    2088.305176
24.890000    2089.002197
24.900000    2089.682617
24.910000    2090.393555
24.920000    2091.052246
24.930000    2091.767578
24.940000    2092.550537
24.950000    2093.331299
24.960000    2094.075684
24.970000    2094.856201
24.980000    2095.689453
24.990000    2096.500977
