#  t (ns) MSD (A^2) D = 2.2349e-06 1.38e-08 cm^2/s nu = 9.2003e-01 8.36e-04
0.000000    -0.000201
0.010000    13.701842
0.020000    22.927275
0.030000    30.987696
0.040000    38.290966
0.050000    44.992962
0.060000    51.294861
0.070000    57.201653
0.080000    62.773209
0.090000    68.083412
0.100000    73.176704
0.110000    78.028519
0.120000    82.736992
0.130000    87.308411
0.140000    91.701538
0.150000    95.958847
0.160000    100.025505
0.170000    103.956764
0.180000    107.800354
0.190000    111.547523
0.200000    115.152824
0.210000    118.689064
0.220000    122.134644
0.230000    125.494896
0.240000    128.884430
0.250000    132.210480
0.260000    135.510757
0.270000    138.774719
0.280000    141.964264
0.290000    145.180023
0.300000    148.385178
0.310000    151.496567
0.320000    154.581360
0.330000    157.562057
0.340000    160.593964
0.350000    163.477524
0.360000    166.331604
0.370000    169.175415
0.380000    171.980896
0.390000    174.799133
0.400000    177.637268
0.410000    180.451294
0.420000    183.240952
0.430000    185.954605
0.440000    188.658722
0.450000    191.319885
0.460000    193.984634
0.470000    196.574478
0.480000    199.199966
0.490000    201.808884
0.500000    204.434616
0.510000    206.975830
0.520000    209.542908
0.530000    212.078003
0.540000    214.660950
0.550000    217.202606
0.560000    219.640366
0.570000    222.035538
0.580000    224.413940
0.590000    226.763489
0.600000    229.125244
0.610000    231.428223
0.620000    233.718491
0.630000    236.080780
0.640000    238.420792
0.650000    240.698853
0.660000    242.958755
0.670000    245.251404
0.680000    247.525146
0.690000    249.754990
0.700000    251.935150
0.710000    254.102661
0.720000    256.300476
0.730000    258.474548
0.740000    260.654358
0.750000    262.828308
0.760000    264.980652
0.770000    267.185577
0.780000    269.317535
0.790000    271.477692
0.800000    273.646210
0.810000    275.875427
0.820000    278.064850
0.830000    280.303314
0.840000    282.549072
0.850000    284.761017
0.860000    286.935516
0.870000    289.084991
0.880000    291.219818
0.890000    293.402557
0.900000    295.547821
0.910000    297.670532
0.920000    299.731873
0.930000    301.796387
0.940000    303.809418
0.950000    305.818817
0.960000    307.819946
0.970000    309.797211
0.980000    311.741608
0.990000    313.655182
1.000000    315.575836
1.010000    317.538239
1.020000    319.519653
1.030000    321.478821
1.040000    323.432343
1.050000    325.325531
1.060000    327.212341
1.070000    329.119263
1.080000    330.980194
1.090000    332.859161
1.100000    334.816559
1.110000    336.725250
1.120000    338.655579
1.130000    340.578644
1.140000    342.483887
1.150000    344.377167
1.160000    346.320923
1.170000    348.210449
1.180000    350.145508
1.190000    352.104187
1.200000    354.017395
1.210000    355.945923
1.220000    357.869446
1.230000    359.760437
1.240000    361.734070
1.250000    363.654388
1.260000    365.550659
1.270000    367.489777
1.280000    369.383820
1.290000    371.288757
1.300000    373.203979
1.310000    375.114044
1.320000    376.998993
1.330000    378.865845
1.340000    380.725616
1.350000    382.606842
1.360000    384.504669
1.370000    386.394867
1.380000    388.243347
1.390000    390.103455
1.400000    391.946228
1.410000    393.854279
1.420000    395.740143
1.430000    397.694458
1.440000    399.635162
1.450000    401.516174
1.460000    403.405762
1.470000    405.264709
1.480000    407.083954
1.490000    408.894196
1.500000    410.713959
1.510000    412.449310
1.520000    414.132233
1.530000    415.797058
1.540000    417.518829
1.550000    419.210999
1.560000    420.949280
1.570000    422.708405
1.580000    424.402557
1.590000    426.104340
1.600000    427.855164
1.610000    429.599335
1.620000    431.350616
1.630000    433.136200
1.640000    434.865204
1.650000    436.581512
1.660000    438.248962
1.670000    439.962311
1.680000    441.594788
1.690000    443.305145
1.700000    444.949982
1.710000    446.606842
1.720000    448.268707
1.730000    449.909058
1.740000    451.601746
1.750000    453.282196
1.760000    454.943329
1.770000    456.653961
1.780000    458.320038
1.790000    459.947662
1.800000    461.633423
1.810000    463.251801
1.820000    464.887482
1.830000    466.554504
1.840000    468.175018
1.850000    469.799377
1.860000    471.379578
1.870000    472.974884
1.880000    474.585693
1.890000    476.200256
1.900000    477.788086
1.910000    479.304779
1.920000    480.845428
1.930000    482.479553
1.940000    484.111633
1.950000    485.649628
1.960000    487.141449
1.970000    488.735840
1.980000    490.324829
1.990000    491.903900
2.000000    493.425873
2.010000    494.943115
2.020000    496.431763
2.030000    497.914307
2.040000    499.371399
2.050000    500.827209
2.060000    502.273285
2.070000    503.744965
2.080000    505.225250
2.090000    506.686829
2.100000    508.184631
2.110000    509.659607
2.120000    511.120270
2.130000    512.519043
2.140000    513.926086
2.150000    515.349548
2.160000    516.787842
2.170000    518.256836
2.180000    519.677917
2.190000    521.123352
2.200000    522.544678
2.210000    523.925964
2.220000    525.345520
2.230000    526.812866
2.240000    528.265198
2.250000    529.677429
2.260000    531.136475
2.270000    532.535278
2.280000    533.907227
2.290000    535.330444
2.300000    536.769043
2.310000    538.297668
2.320000    539.733765
2.330000    541.177124
2.340000    542.619934
2.350000    544.049927
2.360000    545.451294
2.370000    546.890076
2.380000    548.307068
2.390000    549.666992
2.400000    551.059021
2.410000    552.485291
2.420000    553.921326
2.430000    555.313049
2.440000    556.694641
2.450000    558.079041
2.460000    559.453674
2.470000    560.830383
2.480000    562.236755
2.490000    563.615356
2.500000    564.906860
2.510000    566.189331
2.520000    567.541809
2.530000    568.907410
2.540000    570.208740
2.550000    571.529846
2.560000    572.843506
2.570000    574.229736
2.580000    575.542114
2.590000    576.851807
2.600000    578.158936
2.610000    579.435730
2.620000    580.743652
2.630000    582.075623
2.640000    583.458740
2.650000    584.856750
2.660000    586.231384
2.670000    587.554993
2.680000    588.870483
2.690000    590.247253
2.700000    591.596375
2.710000    592.968628
2.720000    594.343689
2.730000    595.671814
2.740000    597.087769
2.750000    598.510315
2.760000    599.896606
2.770000    601.309082
2.780000    602.711426
2.790000    604.167175
2.800000    605.606934
2.810000    607.033630
2.820000    608.446472
2.830000    609.840698
2.840000    611.289551
2.850000    612.669067
2.860000    614.019165
2.870000    615.363464
2.880000    616.705811
2.890000    618.079041
2.900000    619.473694
2.910000    620.895935
2.920000    622.360413
2.930000    623.859253
2.940000    625.363708
2.950000    626.822693
2.960000    628.302673
2.970000    629.774414
2.980000    631.257812
2.990000    632.698792
3.000000    634.137756
3.010000    635.568970
3.020000    637.034973
3.030000    638.533203
3.040000    640.042725
3.050000    641.514465
3.060000    642.953491
3.070000    644.338562
3.080000    645.704773
3.090000    647.049744
3.100000    648.394104
3.110000    649.791077
3.120000    651.151611
3.130000    652.546936
3.140000    653.930054
3.150000    655.326111
3.160000    656.725220
3.170000    658.122559
3.180000    659.485046
3.190000    660.790588
3.200000    662.130432
3.210000    663.509705
3.220000    664.905884
3.230000    666.321167
3.240000    667.720093
3.250000    669.099609
3.260000    670.489380
3.270000    671.866150
3.280000    673.280701
3.290000    674.671753
3.300000    676.103821
3.310000    677.606018
3.320000    679.059753
3.330000    680.531921
3.340000    682.018860
3.350000    683.482849
3.360000    684.850952
3.370000    686.257996
3.380000    687.635742
3.390000    688.961304
3.400000    690.311890
3.410000    691.646545
3.420000    692.993896
3.430000    694.361023
3.440000    695.645874
3.450000    696.969360
3.460000    698.260986
3.470000    699.555481
3.480000    700.848389
3.490000    702.143982
3.500000    703.434204
3.510000    704.777649
3.520000    706.131165
3.530000    707.483765
3.540000    708.853943
3.550000    710.177063
3.560000    711.491821
3.570000    712.813416
3.580000    714.156738
3.590000    715.434082
3.600000    716.680115
3.610000    717.929382
3.620000    719.171570
3.630000    720.413391
3.640000    721.690796
3.650000    722.935730
3.660000    724.151306
3.670000    725.432068
3.680000    726.739075
3.690000    727.996399
3.700000    729.280212
3.710000    730.531555
3.720000    731.771179
3.730000    733.078552
3.740000    734.376526
3.750000    735.685852
3.760000    736.999329
3.770000    738.289917
3.780000    739.511780
3.790000    740.744141
3.800000    741.998962
3.810000    743.190552
3.820000    744.360596
3.830000    745.506287
3.840000    746.638977
3.850000    747.765930
3.860000    748.886597
3.870000    749.990173
3.880000    751.088318
3.890000    752.147827
3.900000    753.210815
3.910000    754.318237
3.920000    755.382874
3.930000    756.467896
3.940000    757.579590
3.950000    758.678528
3.960000    759.791321
3.970000    760.945740
3.980000    762.061951
3.990000    763.231323
4.000000    764.409546
4.010000    765.630737
4.020000    766.859192
4.030000    768.052979
4.040000    769.221008
4.050000    770.446289
4.060000    771.698120
4.070000    772.854431
4.080000    773.986572
4.090000    775.129272
4.100000    776.238770
4.110000    777.352295
4.120000    778.443420
4.130000    779.507874
4.140000    780.619080
4.150000    781.675964
4.160000    782.773438
4.170000    783.883362
4.180000    785.031311
4.190000    786.154480
4.200000    787.272827
4.210000    788.434204
4.220000    789.615845
4.230000    790.710022
4.240000    791.822205
4.250000    792.913147
4.260000    794.007019
4.270000    795.050720
4.280000    796.107605
4.290000    797.174255
4.300000    798.193787
4.310000    799.304260
4.320000    800.432861
4.330000    801.544189
4.340000    802.632446
4.350000    803.703430
4.360000    804.764404
4.370000    805.829895
4.380000    806.944458
4.390000    808.040710
4.400000    809.177185
4.410000    810.276855
4.420000    811.403320
4.430000    812.548645
4.440000    813.735901
4.450000    814.921692
4.460000    816.115173
4.470000    817.280640
4.480000    818.438110
4.490000    819.619080
4.500000    820.836975
4.510000    822.050537
4.520000    823.285278
4.530000    824.460571
4.540000    825.585388
4.550000    826.729370
4.560000    827.950012
4.570000    829.214355
4.580000    830.507507
4.590000    831.755371
4.600000    833.028625
4.610000    834.245911
4.620000    835.479797
4.630000    836.657776
4.640000    837.862854
4.650000    839.024170
4.660000    840.193787
4.670000    841.455139
4.680000    842.670715
4.690000    843.903137
4.700000    845.060608
4.710000    846.168945
4.720000    847.329346
4.730000    848.474792
4.740000    849.669861
4.750000    850.924072
4.760000    852.193665
4.770000    853.445007
4.780000    854.672485
4.790000    855.877380
4.800000    857.079041
4.810000    858.311340
4.820000    859.537170
4.830000    860.765198
4.840000    861.994873
4.850000    863.224548
4.860000    864.417358
4.870000    865.602295
4.880000    866.776367
4.890000    867.928711
4.900000    869.111877
4.910000    870.297791
4.920000    871.520691
4.930000    872.779358
4.940000    874.011353
4.950000    875.201904
4.960000    876.419373
4.970000    877.664490
4.980000    878.883972
4.990000    880.146851
5.000000    881.412170
5.010000    882.677673
5.020000    883.973267
5.030000    885.263550
5.040000    886.581909
5.050000    887.863159
5.060000    889.109924
5.070000    890.372559
5.080000    891.555542
5.090000    892.727966
5.100000    893.924622
5.110000    895.150757
5.120000    896.288025
5.130000    897.505310
5.140000    898.675293
5.150000    899.851624
5.160000    901.055725
5.170000    902.363464
5.180000    903.640137
5.190000    904.887024
5.200000    906.173645
5.210000    907.497864
5.220000    908.766785
5.230000    909.999817
5.240000    911.243896
5.250000    912.491150
5.260000    913.729004
5.270000    914.971741
5.280000    916.270203
5.290000    917.507446
5.300000    918.702454
5.310000    919.972412
5.320000    921.257629
5.330000    922.595093
5.340000    923.910461
5.350000    925.212708
5.360000    926.489258
5.370000    927.757446
5.380000    929.079895
5.390000    930.382812
5.400000    931.618408
5.410000    932.892029
5.420000    934.195190
5.430000    935.507690
5.440000    936.853882
5.450000    938.178711
5.460000    939.531799
5.470000    940.791870
5.480000    942.013733
5.490000    943.287903
5.500000    944.545837
5.510000    945.736633
5.520000    946.973816
5.530000    948.170166
5.540000    949.380310
5.550000    950.548401
5.560000    951.762573
5.570000    952.973938
5.580000    954.202820
5.590000    955.396179
5.600000    956.619385
5.610000    957.835999
5.620000    958.981018
5.630000    960.201599
5.640000    961.419739
5.650000    962.641541
5.660000    963.876648
5.670000    965.131226
5.680000    966.331665
5.690000    967.539490
5.700000    968.715515
5.710000    969.933838
5.720000    971.129944
5.730000    972.393555
5.740000    973.650635
5.750000    974.882629
5.760000    976.124329
5.770000    977.261108
5.780000    978.391479
5.790000    979.578430
5.800000    980.714661
5.810000    981.889465
5.820000    983.117920
5.830000    984.314148
5.840000    985.590088
5.850000    986.860474
5.860000    988.084778
5.870000    989.331909
5.880000    990.589661
5.890000    991.852478
5.900000    993.146606
5.910000    994.474121
5.920000    995.798706
5.930000    997.082397
5.940000    998.370972
5.950000    999.645203
5.960000    1000.895996
5.970000    1002.191895
5.980000    1003.501343
5.990000    1004.795410
6.000000    1006.119568
6.010000    1007.495728
6.020000    1008.914124
6.030000    1010.328918
6.040000    1011.725769
6.050000    1013.144104
6.060000    1014.500488
6.070000    1015.820496
6.080000    1017.133972
6.090000    1018.460693
6.100000    1019.784180
6.110000    1021.122070
6.120000    1022.467651
6.130000    1023.800964
6.140000    1025.161865
6.150000    1026.530029
6.160000    1027.938232
6.170000    1029.339355
6.180000    1030.760620
6.190000    1032.181763
6.200000    1033.571045
6.210000    1034.951904
6.220000    1036.316284
6.230000    1037.622314
6.240000    1038.946533
6.250000    1040.261841
6.260000    1041.568481
6.270000    1042.880981
6.280000    1044.261230
6.290000    1045.585938
6.300000    1046.971924
6.310000    1048.329346
6.320000    1049.637817
6.330000    1050.942383
6.340000    1052.217651
6.350000    1053.504639
6.360000    1054.811646
6.370000    1056.079956
6.380000    1057.394775
6.390000    1058.661499
6.400000    1059.951782
6.410000    1061.231567
6.420000    1062.538696
6.430000    1063.759033
6.440000    1064.956177
6.450000    1066.111572
6.460000    1067.316895
6.470000    1068.541992
6.480000    1069.767456
6.490000    1071.025635
6.500000    1072.324463
6.510000    1073.619263
6.520000    1074.884277
6.530000    1076.210815
6.540000    1077.510620
6.550000    1078.815674
6.560000    1080.103638
6.570000    1081.373413
6.580000    1082.656616
6.590000    1083.982056
6.600000    1085.312378
6.610000    1086.625244
6.620000    1087.898804
6.630000    1089.154663
6.640000    1090.498901
6.650000    1091.852295
6.660000    1093.120117
6.670000    1094.445923
6.680000    1095.713989
6.690000    1096.997559
6.700000    1098.313232
6.710000    1099.579102
6.720000    1100.909302
6.730000    1102.240479
6.740000    1103.593872
6.750000    1104.898560
6.760000    1106.187256
6.770000    1107.493652
6.780000    1108.838013
6.790000    1110.240967
6.800000    1111.628418
6.810000    1112.984375
6.820000    1114.300049
6.830000    1115.620239
6.840000    1116.944214
6.850000    1118.273682
6.860000    1119.625854
6.870000    1120.945801
6.880000    1122.269531
6.890000    1123.609253
6.900000    1124.987305
6.910000    1126.368164
6.920000    1127.751099
6.930000    1129.173462
6.940000    1130.532959
6.950000    1131.887085
6.960000    1133.257690
6.970000    1134.650269
6.980000    1136.042480
6.990000    1137.380615
7.000000    1138.744873
7.010000    1140.074829
7.020000    1141.442993
7.030000    1142.750366
7.040000    1144.099854
7.050000    1145.406738
7.060000    1146.633789
7.070000    1147.839966
7.080000    1149.166138
7.090000    1150.440552
7.100000    1151.786499
7.110000    1153.125732
7.120000    1154.432739
7.130000    1155.734619
7.140000    1156.993896
7.150000    1158.311890
7.160000    1159.634644
7.170000    1160.989502
7.180000    1162.293091
7.190000    1163.624390
7.200000    1164.944580
7.210000    1166.214722
7.220000    1167.498413
7.230000    1168.838379
7.240000    1170.152466
7.250000    1171.479004
7.260000    1172.828491
7.270000    1174.153931
7.280000    1175.444702
7.290000    1176.717651
7.300000    1177.991943
7.310000    1179.302368
7.320000    1180.593628
7.330000    1181.923340
7.340000    1183.216919
7.350000    1184.549805
7.360000    1185.954712
7.370000    1187.325073
7.380000    1188.650879
7.390000    1190.006592
7.400000    1191.361206
7.410000    1192.651611
7.420000    1193.930298
7.430000    1195.186890
7.440000    1196.429932
7.450000    1197.682861
7.460000    1198.923950
7.470000    1200.140747
7.480000    1201.349243
7.490000    1202.596558
7.500000    1203.770630
7.510000    1205.001587
7.520000    1206.234375
7.530000    1207.447388
7.540000    1208.656738
7.550000    1209.876831
7.560000    1211.118408
7.570000    1212.377075
7.580000    1213.652466
7.590000    1214.973145
7.600000    1216.256592
7.610000    1217.497314
7.620000    1218.807739
7.630000    1220.124878
7.640000    1221.472290
7.650000    1222.729492
7.660000    1223.947510
7.670000    1225.159790
7.680000    1226.424194
7.690000    1227.704468
7.700000    1228.946533
7.710000    1230.224609
7.720000    1231.553223
7.730000    1232.786743
7.740000    1234.060303
7.750000    1235.308472
7.760000    1236.619629
7.770000    1237.877686
7.780000    1239.129517
7.790000    1240.373657
7.800000    1241.603516
7.810000    1242.815796
7.820000    1244.043335
7.830000    1245.170288
7.840000    1246.315796
7.850000    1247.501709
7.860000    1248.715820
7.870000    1249.930420
7.880000    1251.124023
7.890000    1252.358032
7.900000    1253.583862
7.910000    1254.829346
7.920000    1256.079834
7.930000    1257.320435
7.940000    1258.574707
7.950000    1259.822876
7.960000    1261.123535
7.970000    1262.422119
7.980000    1263.779419
7.990000    1265.111328
8.000000    1266.448853
8.010000    1267.821045
8.020000    1269.191406
8.030000    1270.607178
8.040000    1271.980469
8.050000    1273.312256
8.060000    1274.743530
8.070000    1276.219116
8.080000    1277.600830
8.090000    1278.921021
8.100000    1280.220215
8.110000    1281.536499
8.120000    1282.802002
8.130000    1284.034546
8.140000    1285.286743
8.150000    1286.587036
8.160000    1287.885986
8.170000    1289.163086
8.180000    1290.431152
8.190000    1291.668213
8.200000    1292.947266
8.210000    1294.206421
8.220000    1295.388672
8.230000    1296.594604
8.240000    1297.803711
8.250000    1298.976196
8.260000    1300.159912
8.270000    1301.341309
8.280000    1302.526001
8.290000    1303.776489
8.300000    1305.042358
8.310000    1306.300293
8.320000    1307.536987
8.330000    1308.782471
8.340000    1310.048218
8.350000    1311.259033
8.360000    1312.472046
8.370000    1313.731567
8.380000    1314.960449
8.390000    1316.221924
8.400000    1317.374512
8.410000    1318.525024
8.420000    1319.732910
8.430000    1320.932373
8.440000    1322.166626
8.450000    1323.420288
8.460000    1324.649902
8.470000    1325.923096
8.480000    1327.120117
8.490000    1328.392578
8.500000    1329.682373
8.510000    1331.009033
8.520000    1332.266602
8.530000    1333.506470
8.540000    1334.770630
8.550000    1336.007935
8.560000    1337.259766
8.570000    1338.510742
8.580000    1339.791870
8.590000    1341.057495
8.600000    1342.296021
8.610000    1343.505615
8.620000    1344.810303
8.630000    1346.091309
8.640000    1347.405273
8.650000    1348.741333
8.660000    1350.079712
8.670000    1351.357056
8.680000    1352.638672
8.690000    1353.916504
8.700000    1355.197510
8.710000    1356.533936
8.720000    1357.841919
8.730000    1359.154419
8.740000    1360.440796
8.750000    1361.707520
8.760000    1362.952759
8.770000    1364.215942
8.780000    1365.486328
8.790000    1366.778809
8.800000    1368.041382
8.810000    1369.283936
8.820000    1370.559326
8.830000    1371.799683
8.840000    1373.029175
8.850000    1374.230591
8.860000    1375.469727
8.870000    1376.737549
8.880000    1377.911987
8.890000    1379.163818
8.900000    1380.385742
8.910000    1381.630737
8.920000    1382.811157
8.930000    1384.040527
8.940000    1385.324951
8.950000    1386.567139
8.960000    1387.807007
8.970000    1389.041748
8.980000    1390.227783
8.990000    1391.439697
9.000000    1392.622803
9.010000    1393.829102
9.020000    1395.054443
9.030000    1396.291016
9.040000    1397.602661
9.050000    1398.867676
9.060000    1400.160645
9.070000    1401.448608
9.080000    1402.727051
9.090000    1404.001099
9.100000    1405.299805
9.110000    1406.629150
9.120000    1407.957397
9.130000    1409.244751
9.140000    1410.604248
9.150000    1411.920044
9.160000    1413.244629
9.170000    1414.559814
9.180000    1415.843750
9.190000    1417.105957
9.200000    1418.405396
9.210000    1419.717041
9.220000    1421.035278
9.230000    1422.363525
9.240000    1423.654419
9.250000    1424.896484
9.260000    1426.182373
9.270000    1427.453735
9.280000    1428.742065
9.290000    1430.074951
9.300000    1431.401733
9.310000    1432.743164
9.320000    1434.010620
9.330000    1435.314087
9.340000    1436.640991
9.350000    1437.957886
9.360000    1439.248047
9.370000    1440.574463
9.380000    1441.895752
9.390000    1443.239868
9.400000    1444.651367
9.410000    1445.984009
9.420000    1447.327759
9.430000    1448.637939
9.440000    1449.911621
9.450000    1451.212524
9.460000    1452.567017
9.470000    1453.887207
9.480000    1455.258057
9.490000    1456.560425
9.500000    1457.936890
9.510000    1459.254883
9.520000    1460.537109
9.530000    1461.899414
9.540000    1463.279663
9.550000    1464.635986
9.560000    1466.014404
9.570000    1467.358398
9.580000    1468.760010
9.590000    1470.210571
9.600000    1471.577026
9.610000    1472.913574
9.620000    1474.265625
9.630000    1475.592773
9.640000    1476.986816
9.650000    1478.334961
9.660000    1479.670166
9.670000    1481.017212
9.680000    1482.337769
9.690000    1483.640991
9.700000    1484.959961
9.710000    1486.221680
9.720000    1487.471680
9.730000    1488.713867
9.740000    1489.960815
9.750000    1491.165649
9.760000    1492.432495
9.770000    1493.659424
9.780000    1494.884766
9.790000    1496.151123
9.800000    1497.390259
9.810000    1498.744507
9.820000    1500.168945
9.830000    1501.573975
9.840000    1502.929932
9.850000    1504.220337
9.860000    1505.521118
9.870000    1506.878418
9.880000    1508.233521
9.890000    1509.632324
9.900000    1510.979004
9.910000    1512.374512
9.920000    1513.811890
9.930000    1515.235962
9.940000    1516.614136
9.950000    1517.916870
9.960000    1519.230469
9.970000    1520.554199
9.980000    1521.911865
9.990000    1523.308350
10.000000    1524.682251
10.010000    1526.042969
10.020000    1527.370728
10.030000    1528.645752
10.040000    1529.986084
10.050000    1531.267090
10.060000    1532.603882
10.070000    1533.879272
10.080000    1535.200928
10.090000    1536.491943
10.100000    1537.786865
10.110000    1539.084839
10.120000    1540.410645
10.130000    1541.748047
10.140000    1543.071655
10.150000    1544.425659
10.160000    1545.802246
10.170000    1547.202393
10.180000    1548.505615
10.190000    1549.897095
10.200000    1551.351318
10.210000    1552.726196
10.220000    1554.060669
10.230000    1555.408936
10.240000    1556.731323
10.250000    1558.099243
10.260000    1559.469116
10.270000    1560.793579
10.280000    1562.093018
10.290000    1563.394653
10.300000    1564.683105
10.310000    1565.965820
10.320000    1567.190674
10.330000    1568.490356
10.340000    1569.777954
10.350000    1571.014771
10.360000    1572.240723
10.370000    1573.468628
10.380000    1574.711792
10.390000    1575.969482
10.400000    1577.239624
10.410000    1578.511841
10.420000    1579.794067
10.430000    1581.163940
10.440000    1582.489258
10.450000    1583.792847
10.460000    1585.093262
10.470000    1586.462769
10.480000    1587.810791
10.490000    1589.185669
10.500000    1590.477295
10.510000    1591.809326
10.520000    1593.150024
10.530000    1594.466431
10.540000    1595.819580
10.550000    1597.187134
10.560000    1598.579102
10.570000    1599.977173
10.580000    1601.301758
10.590000    1602.609253
10.600000    1603.941284
10.610000    1605.251709
10.620000    1606.548706
10.630000    1607.889160
10.640000    1609.280273
10.650000    1610.709839
10.660000    1612.075195
10.670000    1613.482178
10.680000    1614.917847
10.690000    1616.375122
10.700000    1617.759766
10.710000    1619.133301
10.720000    1620.468506
10.730000    1621.770020
10.740000    1623.103516
10.750000    1624.435791
10.760000    1625.789795
10.770000    1627.094238
10.780000    1628.445923
10.790000    1629.821289
10.800000    1631.200806
10.810000    1632.608032
10.820000    1634.037231
10.830000    1635.490234
10.840000    1636.889038
10.850000    1638.218750
10.860000    1639.534424
10.870000    1640.875488
10.880000    1642.197144
10.890000    1643.547363
10.900000    1644.814209
10.910000    1646.165283
10.920000    1647.543579
10.930000    1648.945557
10.940000    1650.371460
10.950000    1651.802124
10.960000    1653.180542
10.970000    1654.583496
10.980000    1656.011353
10.990000    1657.419800
11.000000    1658.839966
11.010000    1660.257446
11.020000    1661.623413
11.030000    1662.979736
11.040000    1664.335083
11.050000    1665.692871
11.060000    1667.007202
11.070000    1668.311035
11.080000    1669.663452
11.090000    1671.006226
11.100000    1672.246948
11.110000    1673.596924
11.120000    1674.901978
11.130000    1676.227051
11.140000    1677.508057
11.150000    1678.789185
11.160000    1680.105713
11.170000    1681.497925
11.180000    1682.903198
11.190000    1684.360352
11.200000    1685.850708
11.210000    1687.302979
11.220000    1688.765991
11.230000    1690.173706
11.240000    1691.567505
11.250000    1692.901245
11.260000    1694.229614
11.270000    1695.555298
11.280000    1696.955933
11.290000    1698.342896
11.300000    1699.732544
11.310000    1701.113647
11.320000    1702.531982
11.330000    1703.915771
11.340000    1705.347046
11.350000    1706.769409
11.360000    1708.213379
11.370000    1709.666382
11.380000    1711.105347
11.390000    1712.539185
11.400000    1713.901367
11.410000    1715.288086
11.420000    1716.600952
11.430000    1717.957153
11.440000    1719.257080
11.450000    1720.539307
11.460000    1721.894775
11.470000    1723.269165
11.480000    1724.577515
11.490000    1725.908447
11.500000    1727.270508
11.510000    1728.593872
11.520000    1729.875244
11.530000    1731.228271
11.540000    1732.523804
11.550000    1733.841064
11.560000    1735.119995
11.570000    1736.415405
11.580000    1737.758667
11.590000    1739.125366
11.600000    1740.447510
11.610000    1741.775146
11.620000    1743.137695
11.630000    1744.503784
11.640000    1745.807373
11.650000    1747.067627
11.660000    1748.357910
11.670000    1749.660889
11.680000    1750.984009
11.690000    1752.249756
11.700000    1753.542603
11.710000    1754.781128
11.720000    1756.037964
11.730000    1757.281128
11.740000    1758.591064
11.750000    1759.912964
11.760000    1761.234375
11.770000    1762.548340
11.780000    1763.847168
11.790000    1765.232056
11.800000    1766.568115
11.810000    1767.862793
11.820000    1769.229858
11.830000    1770.640503
11.840000    1772.086548
11.850000    1773.475464
11.860000    1774.905884
11.870000    1776.296753
11.880000    1777.638672
11.890000    1778.997192
11.900000    1780.413330
11.910000    1781.817993
11.920000    1783.223755
11.930000    1784.667603
11.940000    1786.153442
11.950000    1787.583984
11.960000    1789.023560
11.970000    1790.487549
11.980000    1791.952637
11.990000    1793.305054
12.000000    1794.666870
12.010000    1796.071411
12.020000    1797.435303
12.030000    1798.743774
12.040000    1800.048584
12.050000    1801.410034
12.060000    1802.770142
12.070000    1804.093750
12.080000    1805.414795
12.090000    1806.773682
12.100000    1808.140625
12.110000    1809.490234
12.120000    1810.874146
12.130000    1812.229126
12.140000    1813.588745
12.150000    1814.902954
12.160000    1816.215210
12.170000    1817.516357
12.180000    1818.845337
12.190000    1820.189087
12.200000    1821.528198
12.210000    1822.886841
12.220000    1824.240967
12.230000    1825.627686
12.240000    1827.029053
12.250000    1828.403076
12.260000    1829.786987
12.270000    1831.136719
12.280000    1832.510254
12.290000    1833.897217
12.300000    1835.246216
12.310000    1836.591309
12.320000    1837.889404
12.330000    1839.159790
12.340000    1840.529541
12.350000    1841.873291
12.360000    1843.261230
12.370000    1844.641357
12.380000    1845.940796
12.390000    1847.284668
12.400000    1848.636597
12.410000    1849.995605
12.420000    1851.382935
12.430000    1852.749268
12.440000    1854.105713
12.450000    1855.470215
12.460000    1856.850098
12.470000    1858.309326
12.480000    1859.641602
12.490000    1861.025879
12.500000    1862.428833
12.510000    1863.792358
12.520000    1865.137573
12.530000    1866.518799
12.540000    1867.813110
12.550000    1869.127930
12.560000    1870.559570
12.570000    1871.968628
12.580000    1873.302124
12.590000    1874.688110
12.600000    1876.141968
12.610000    1877.610718
12.620000    1879.171509
12.630000    1880.666992
12.640000    1882.222656
12.650000    1883.721802
12.660000    1885.232788
12.670000    1886.718262
12.680000    1888.176147
12.690000    1889.623657
12.700000    1891.072266
12.710000    1892.506836
12.720000    1893.900757
12.730000    1895.340210
12.740000    1896.795776
12.750000    1898.239014
12.760000    1899.659424
12.770000    1901.094116
12.780000    1902.493408
12.790000    1903.914307
12.800000    1905.343018
12.810000    1906.750610
12.820000    1908.155151
12.830000    1909.565430
12.840000    1910.950439
12.850000    1912.387695
12.860000    1913.802246
12.870000    1915.203125
12.880000    1916.557983
12.890000    1917.996948
12.900000    1919.452759
12.910000    1920.879272
12.920000    1922.382935
12.930000    1923.849731
12.940000    1925.316406
12.950000    1926.779297
12.960000    1928.240479
12.970000    1929.680298
12.980000    1931.046265
12.990000    1932.454590
13.000000    1933.906494
13.010000    1935.383179
13.020000    1936.885498
13.030000    1938.405029
13.040000    1939.937134
13.050000    1941.521484
13.060000    1943.079468
13.070000    1944.619995
13.080000    1946.175781
13.090000    1947.647095
13.100000    1949.106567
13.110000    1950.604370
13.120000    1952.067139
13.130000    1953.469360
13.140000    1954.917114
13.150000    1956.374512
13.160000    1957.825928
13.170000    1959.295166
13.180000    1960.712891
13.190000    1962.123657
13.200000    1963.535278
13.210000    1964.955078
13.220000    1966.354004
13.230000    1967.825684
13.240000    1969.290771
13.250000    1970.732544
13.260000    1972.179565
13.270000    1973.622070
13.280000    1975.098877
13.290000    1976.575073
13.300000    1978.015259
13.310000    1979.394043
13.320000    1980.790283
13.330000    1982.195068
13.340000    1983.615845
13.350000    1984.990723
13.360000    1986.363281
13.370000    1987.753906
13.380000    1989.111328
13.390000    1990.527832
13.400000    1991.948242
13.410000    1993.315674
13.420000    1994.684448
13.430000    1996.052490
13.440000    1997.432129
13.450000    1998.805786
13.460000    2000.169922
13.470000    2001.528198
13.480000    2002.893921
13.490000    2004.229858
13.500000    2005.629028
13.510000    2006.983887
13.520000    2008.312134
13.530000    2009.626465
13.540000    2010.939819
13.550000    2012.177246
13.560000    2013.405273
13.570000    2014.662598
13.580000    2015.950684
13.590000    2017.250610
13.600000    2018.461182
13.610000    2019.735718
13.620000    2021.004761
13.630000    2022.194214
13.640000    2023.455444
13.650000    2024.649902
13.660000    2025.896851
13.670000    2027.217285
13.680000    2028.489258
13.690000    2029.694946
13.700000    2030.968872
13.710000    2032.249268
13.720000    2033.576782
13.730000    2034.908447
13.740000    2036.248413
13.750000    2037.632690
13.760000    2039.037354
13.770000    2040.453491
13.780000    2041.864990
13.790000    2043.295410
13.800000    2044.756714
13.810000    2046.177246
13.820000    2047.624512
13.830000    2049.042480
13.840000    2050.482422
13.850000    2051.895020
13.860000    2053.270996
13.870000    2054.699707
13.880000    2056.100830
13.890000    2057.522461
13.900000    2058.975342
13.910000    2060.388184
13.920000    2061.763916
13.930000    2063.093018
13.940000    2064.385254
13.950000    2065.708008
13.960000    2067.060059
13.970000    2068.371826
13.980000    2069.745361
13.990000    2071.112549
14.000000    2072.480713
14.010000    2073.802734
14.020000    2075.189209
14.030000    2076.613037
14.040000    2077.913818
14.050000    2079.255859
14.060000    2080.598145
14.070000    2081.959473
14.080000    2083.269531
14.090000    2084.633057
14.100000    2086.057373
14.110000    2087.406250
14.120000    2088.735596
14.130000    2090.093994
14.140000    2091.407471
14.150000    2092.821289
14.160000    2094.152588
14.170000    2095.531738
14.180000    2096.853516
14.190000    2098.170166
14.200000    2099.540771
14.210000    2100.793945
14.220000    2102.067871
14.230000    2103.360107
14.240000    2104.713379
14.250000    2106.128174
14.260000    2107.506836
14.270000    2108.812744
14.280000    2110.161133
14.290000    2111.510498
14.300000    2112.871826
14.310000    2114.196289
14.320000    2115.474365
14.330000    2116.792969
14.340000    2118.066406
14.350000    2119.374512
14.360000    2120.746338
14.370000    2122.056641
14.380000    2123.348145
14.390000    2124.634521
14.400000    2125.989990
14.410000    2127.349609
14.420000    2128.627930
14.430000    2129.928467
14.440000    2131.280518
14.450000    2132.599365
14.460000    2133.866211
14.470000    2135.148193
14.480000    2136.391357
14.490000    2137.716064
14.500000    2139.093506
14.510000    2140.427002
14.520000    2141.710205
14.530000    2142.958252
14.540000    2144.252197
14.550000    2145.523682
14.560000    2146.808838
14.570000    2148.032227
14.580000    2149.290527
14.590000    2150.538818
14.600000    2151.821777
14.610000    2153.149170
14.620000    2154.418945
14.630000    2155.777344
14.640000    2157.117676
14.650000    2158.399170
14.660000    2159.697266
14.670000    2160.982910
14.680000    2162.264893
14.690000    2163.543945
14.700000    2164.860352
14.710000    2166.225098
14.720000    2167.575195
14.730000    2168.877197
14.740000    2170.178223
14.750000    2171.492432
14.760000    2172.853027
14.770000    2174.157959
14.780000    2175.505615
14.790000    2176.906982
14.800000    2178.270508
14.810000    2179.610840
14.820000    2181.008789
14.830000    2182.424316
14.840000    2183.789551
14.850000    2185.197021
14.860000    2186.579102
14.870000    2187.972168
14.880000    2189.396973
14.890000    2190.791016
14.900000    2192.229004
14.910000    2193.639404
14.920000    2195.079102
14.930000    2196.519287
14.940000    2197.943604
14.950000    2199.380859
14.960000    2200.859619
14.970000    2202.237549
14.980000    2203.682129
14.990000    2205.063477
15.000000    2206.434082
15.010000    2207.845459
15.020000    2209.302002
15.030000    2210.729736
15.040000    2212.061035
15.050000    2213.418213
15.060000    2214.783691
15.070000    2216.166992
15.080000    2217.539062
15.090000    2218.885986
15.100000    2220.255371
15.110000    2221.604248
15.120000    2223.015137
15.130000    2224.389160
15.140000    2225.774170
15.150000    2227.128174
15.160000    2228.546631
15.170000    2230.014648
15.180000    2231.456055
15.190000    2232.938965
15.200000    2234.479492
15.210000    2236.032959
15.220000    2237.527100
15.230000    2238.970215
15.240000    2240.491699
15.250000    2241.996094
15.260000    2243.429932
15.270000    2244.912354
15.280000    2246.404297
15.290000    2247.883789
15.300000    2249.382324
15.310000    2250.900635
15.320000    2252.444824
15.330000    2253.927979
15.340000    2255.445068
15.350000    2256.939697
15.360000    2258.387695
15.370000    2259.920410
15.380000    2261.445801
15.390000    2262.922119
15.400000    2264.436768
15.410000    2265.949219
15.420000    2267.484619
15.430000    2268.992920
15.440000    2270.507812
15.450000    2272.038574
15.460000    2273.510986
15.470000    2275.012939
15.480000    2276.583496
15.490000    2278.168457
15.500000    2279.749268
15.510000    2281.290527
15.520000    2282.797852
15.530000    2284.317383
15.540000    2285.815186
15.550000    2287.319092
15.560000    2288.811035
15.570000    2290.291748
15.580000    2291.794434
15.590000    2293.179688
15.600000    2294.575439
15.610000    2295.940430
15.620000    2297.360840
15.630000    2298.889648
15.640000    2300.416748
15.650000    2301.918213
15.660000    2303.391357
15.670000    2304.879639
15.680000    2306.367432
15.690000    2307.858398
15.700000    2309.445312
15.710000    2311.040283
15.720000    2312.656982
15.730000    2314.284668
15.740000    2315.873291
15.750000    2317.405762
15.760000    2318.972412
15.770000    2320.599609
15.780000    2322.175781
15.790000    2323.757568
15.800000    2325.316895
15.810000    2326.905518
15.820000    2328.477051
15.830000    2330.062500
15.840000    2331.602295
15.850000    2333.182861
15.860000    2334.793701
15.870000    2336.385010
15.880000    2337.973633
15.890000    2339.509766
15.900000    2341.044922
15.910000    2342.635498
15.920000    2344.156494
15.930000    2345.746582
15.940000    2347.227295
15.950000    2348.733887
15.960000    2350.222412
15.970000    2351.737793
15.980000    2353.253906
15.990000    2354.685547
16.000000    2356.117432
16.010000    2357.531494
16.020000    2359.004639
16.030000    2360.411621
16.040000    2361.787598
16.050000    2363.127686
16.060000    2364.511475
16.070000    2365.908936
16.080000    2367.259766
16.090000    2368.635254
16.100000    2370.022705
16.110000    2371.404297
16.120000    2372.822266
16.130000    2374.302246
16.140000    2375.715332
16.150000    2377.131104
16.160000    2378.564453
16.170000    2380.030029
16.180000    2381.459961
16.190000    2382.958008
16.200000    2384.495605
16.210000    2386.055908
16.220000    2387.540527
16.230000    2389.099854
16.240000    2390.698975
16.250000    2392.298096
16.260000    2393.879150
16.270000    2395.450928
16.280000    2397.070801
16.290000    2398.660889
16.300000    2400.182617
16.310000    2401.679688
16.320000    2403.116455
16.330000    2404.558350
16.340000    2406.007324
16.350000    2407.473145
16.360000    2408.896729
16.370000    2410.349365
16.380000    2411.805664
16.390000    2413.212158
16.400000    2414.625977
16.410000    2416.049072
16.420000    2417.550781
16.430000    2419.084229
16.440000    2420.664795
16.450000    2422.243652
16.460000    2423.786133
16.470000    2425.359131
16.480000    2426.864502
16.490000    2428.369629
16.500000    2429.864990
16.510000    2431.295898
16.520000    2432.745361
16.530000    2434.223389
16.540000    2435.648438
16.550000    2437.031250
16.560000    2438.456055
16.570000    2439.878906
16.580000    2441.249756
16.590000    2442.572510
16.600000    2443.912109
16.610000    2445.219727
16.620000    2446.584961
16.630000    2447.947998
16.640000    2449.407715
16.650000    2450.875244
16.660000    2452.249023
16.670000    2453.622314
16.680000    2455.052002
16.690000    2456.372559
16.700000    2457.805664
16.710000    2459.093018
16.720000    2460.502441
16.730000    2461.856201
16.740000    2463.210205
16.750000    2464.497559
16.760000    2465.912354
16.770000    2467.260498
16.780000    2468.667236
16.790000    2469.986816
16.800000    2471.364746
16.810000    2472.711670
16.820000    2474.065674
16.830000    2475.420654
16.840000    2476.828857
16.850000    2478.276611
16.860000    2479.633545
16.870000    2481.074463
16.880000    2482.443359
16.890000    2483.793213
16.900000    2485.156006
16.910000    2486.593262
16.920000    2487.995605
16.930000    2489.376465
16.940000    2490.741943
16.950000    2492.110596
16.960000    2493.426025
16.970000    2494.801758
16.980000    2496.151367
16.990000    2497.515869
17.000000    2498.887207
17.010000    2500.229248
17.020000    2501.579590
17.030000    2502.884033
17.040000    2504.129883
17.050000    2505.371338
17.060000    2506.555176
17.070000    2507.791016
17.080000    2509.044678
17.090000    2510.295166
17.100000    2511.647949
17.110000    2513.035645
17.120000    2514.399414
17.130000    2515.763916
17.140000    2517.142578
17.150000    2518.499268
17.160000    2519.810303
17.170000    2521.143555
17.180000    2522.478271
17.190000    2523.755615
17.200000    2525.060303
17.210000    2526.374512
17.220000    2527.685791
17.230000    2529.046143
17.240000    2530.409668
17.250000    2531.731689
17.260000    2533.087402
17.270000    2534.489502
17.280000    2535.813965
17.290000    2537.167969
17.300000    2538.465332
17.310000    2539.764648
17.320000    2541.145020
17.330000    2542.457031
17.340000    2543.756104
17.350000    2545.112305
17.360000    2546.509033
17.370000    2547.809814
17.380000    2549.102051
17.390000    2550.442383
17.400000    2551.735596
17.410000    2553.045654
17.420000    2554.306885
17.430000    2555.651367
17.440000    2557.011963
17.450000    2558.345215
17.460000    2559.586182
17.470000    2560.836914
17.480000    2562.151611
17.490000    2563.435059
17.500000    2564.729248
17.510000    2566.048340
17.520000    2567.344727
17.530000    2568.569580
17.540000    2569.789551
17.550000    2570.991699
17.560000    2572.206543
17.570000    2573.373535
17.580000    2574.584717
17.590000    2575.858398
17.600000    2577.175781
17.610000    2578.502686
17.620000    2579.824219
17.630000    2581.081055
17.640000    2582.272949
17.650000    2583.488037
17.660000    2584.676514
17.670000    2585.958496
17.680000    2587.272949
17.690000    2588.555908
17.700000    2589.891602
17.710000    2591.235596
17.720000    2592.534912
17.730000    2593.822754
17.740000    2595.103027
17.750000    2596.477295
17.760000    2597.828857
17.770000    2599.214355
17.780000    2600.666992
17.790000    2602.160889
17.800000    2603.545410
17.810000    2604.904785
17.820000    2606.336670
17.830000    2607.657959
17.840000    2609.044189
17.850000    2610.386719
17.860000    2611.735107
17.870000    2613.044678
17.880000    2614.375732
17.890000    2615.666016
17.900000    2617.072998
17.910000    2618.457031
17.920000    2619.781494
17.930000    2621.089844
17.940000    2622.415771
17.950000    2623.654541
17.960000    2624.941406
17.970000    2626.298828
17.980000    2627.595459
17.990000    2628.931396
18.000000    2630.248535
18.010000    2631.627686
18.020000    2633.035400
18.030000    2634.414307
18.040000    2635.796387
18.050000    2637.161865
18.060000    2638.519287
18.070000    2639.868408
18.080000    2641.262939
18.090000    2642.660645
18.100000    2644.046143
18.110000    2645.523682
18.120000    2646.839844
18.130000    2648.176025
18.140000    2649.519531
18.150000    2650.886230
18.160000    2652.298584
18.170000    2653.666992
18.180000    2655.024902
18.190000    2656.365479
18.200000    2657.709229
18.210000    2659.110840
18.220000    2660.507812
18.230000    2661.941406
18.240000    2663.327881
18.250000    2664.794434
18.260000    2666.192139
18.270000    2667.535156
18.280000    2668.950439
18.290000    2670.448486
18.300000    2671.917480
18.310000    2673.321289
18.320000    2674.743652
18.330000    2676.162598
18.340000    2677.530762
18.350000    2678.885254
18.360000    2680.271729
18.370000    2681.523193
18.380000    2682.835449
18.390000    2684.214355
18.400000    2685.623047
18.410000    2686.914062
18.420000    2688.238281
18.430000    2689.546631
18.440000    2690.899170
18.450000    2692.163574
18.460000    2693.442871
18.470000    2694.658691
18.480000    2695.947266
18.490000    2697.188965
18.500000    2698.493896
18.510000    2699.766113
18.520000    2700.998779
18.530000    2702.250732
18.540000    2703.514160
18.550000    2704.772461
18.560000    2706.111572
18.570000    2707.399170
18.580000    2708.747070
18.590000    2710.087158
18.600000    2711.488037
18.610000    2712.951416
18.620000    2714.352783
18.630000    2715.790771
18.640000    2717.189453
18.650000    2718.638428
18.660000    2720.031250
18.670000    2721.341797
18.680000    2722.714355
18.690000    2724.119385
18.700000    2725.555176
18.710000    2726.997803
18.720000    2728.514404
18.730000    2730.017334
18.740000    2731.491943
18.750000    2732.901367
18.760000    2734.260010
18.770000    2735.558594
18.780000    2736.883545
18.790000    2738.159668
18.800000    2739.499756
18.810000    2740.849609
18.820000    2742.319580
18.830000    2743.683594
18.840000    2745.115967
18.850000    2746.570557
18.860000    2747.989502
18.870000    2749.366943
18.880000    2750.709961
18.890000    2752.131348
18.900000    2753.475586
18.910000    2754.875000
18.920000    2756.291260
18.930000    2757.694092
18.940000    2759.048828
18.950000    2760.446533
18.960000    2761.869141
18.970000    2763.291016
18.980000    2764.730225
18.990000    2766.131348
19.000000    2767.509277
19.010000    2768.795410
19.020000    2770.060303
19.030000    2771.378174
19.040000    2772.663818
19.050000    2773.986572
19.060000    2775.316650
19.070000    2776.589355
19.080000    2777.869385
19.090000    2779.238281
19.100000    2780.635254
19.110000    2781.942871
19.120000    2783.186279
19.130000    2784.508057
19.140000    2785.895752
19.150000    2787.312012
19.160000    2788.721436
19.170000    2790.090576
19.180000    2791.520508
19.190000    2792.862549
19.200000    2794.285889
19.210000    2795.695801
19.220000    2797.071533
19.230000    2798.352539
19.240000    2799.683594
19.250000    2800.946045
19.260000    2802.177246
19.270000    2803.449707
19.280000    2804.753662
19.290000    2806.048340
19.300000    2807.395264
19.310000    2808.669678
19.320000    2810.015381
19.330000    2811.428955
19.340000    2812.811523
19.350000    2814.167236
19.360000    2815.460693
19.370000    2816.769775
19.380000    2818.049561
19.390000    2819.350342
19.400000    2820.662842
19.410000    2822.070068
19.420000    2823.417236
19.430000    2824.827148
19.440000    2826.255615
19.450000    2827.689941
19.460000    2829.052734
19.470000    2830.480713
19.480000    2831.970459
19.490000    2833.407471
19.500000    2834.803467
19.510000    2836.198242
19.520000    2837.581055
19.530000    2839.007812
19.540000    2840.405518
19.550000    2841.769043
19.560000    2843.074219
19.570000    2844.426270
19.580000    2845.742432
19.590000    2847.089600
19.600000    2848.405273
19.610000    2849.802246
19.620000    2851.124023
19.630000    2852.444580
19.640000    2853.733154
19.650000    2855.111084
19.660000    2856.481201
19.670000    2857.813477
19.680000    2859.154053
19.690000    2860.502197
19.700000    2861.822021
19.710000    2863.078857
19.720000    2864.374756
19.730000    2865.665039
19.740000    2867.023926
19.750000    2868.388184
19.760000    2869.746826
19.770000    2871.166504
19.780000    2872.610107
19.790000    2874.000000
19.800000    2875.357178
19.810000    2876.755615
19.820000    2878.108154
19.830000    2879.509521
19.840000    2880.850586
19.850000    2882.231934
19.860000    2883.711914
19.870000    2885.196777
19.880000    2886.719971
19.890000    2888.125977
19.900000    2889.582520
19.910000    2891.022949
19.920000    2892.397705
19.930000    2893.829102
19.940000    2895.226807
19.950000    2896.677490
19.960000    2898.100342
19.970000    2899.556641
19.980000    2900.987061
19.990000    2902.395996
20.000000    2903.813477
20.010000    2905.321289
20.020000    2906.770508
20.030000    2908.251709
20.040000    2909.701904
20.050000    2911.169189
20.060000    2912.592285
20.070000    2914.067871
20.080000    2915.482178
20.090000    2916.889404
20.100000    2918.292725
20.110000    2919.690186
20.120000    2921.019775
20.130000    2922.345215
20.140000    2923.728027
20.150000    2925.184326
20.160000    2926.603516
20.170000    2928.002686
20.180000    2929.420654
20.190000    2930.836182
20.200000    2932.233398
20.210000    2933.658936
20.220000    2935.065918
20.230000    2936.423584
20.240000    2937.810791
20.250000    2939.189453
20.260000    2940.559326
20.270000    2941.936279
20.280000    2943.285889
20.290000    2944.602051
20.300000    2945.994385
20.310000    2947.391602
20.320000    2948.757324
20.330000    2950.169434
20.340000    2951.584229
20.350000    2952.974609
20.360000    2954.392578
20.370000    2955.841064
20.380000    2957.294678
20.390000    2958.730469
20.400000    2960.198486
20.410000    2961.613281
20.420000    2963.112793
20.430000    2964.633789
20.440000    2966.164307
20.450000    2967.644287
20.460000    2969.055176
20.470000    2970.495361
20.480000    2971.998047
20.490000    2973.500000
20.500000    2974.885010
20.510000    2976.300049
20.520000    2977.753174
20.530000    2979.175049
20.540000    2980.584961
20.550000    2982.008789
20.560000    2983.400879
20.570000    2984.836670
20.580000    2986.230957
20.590000    2987.662842
20.600000    2989.104492
20.610000    2990.575439
20.620000    2992.044434
20.630000    2993.481201
20.640000    2994.953857
20.650000    2996.406494
20.660000    2997.901611
20.670000    2999.275635
20.680000    3000.693848
20.690000    3002.122070
20.700000    3003.480713
20.710000    3004.903564
20.720000    3006.241455
20.730000    3007.547363
20.740000    3008.896973
20.750000    3010.326904
20.760000    3011.717529
20.770000    3013.110840
20.780000    3014.546143
20.790000    3015.960938
20.800000    3017.266846
20.810000    3018.532715
20.820000    3019.816895
20.830000    3021.158447
20.840000    3022.503662
20.850000    3023.844482
20.860000    3025.297607
20.870000    3026.768066
20.880000    3028.177979
20.890000    3029.535400
20.900000    3030.886963
20.910000    3032.189697
20.920000    3033.564209
20.930000    3034.912354
20.940000    3036.289551
20.950000    3037.656738
20.960000    3039.044434
20.970000    3040.370605
20.980000    3041.704590
20.990000    3043.083252
21.000000    3044.584961
21.010000    3046.027344
21.020000    3047.398438
21.030000    3048.763916
21.040000    3050.089844
21.050000    3051.455566
21.060000    3052.831299
21.070000    3054.200439
21.080000    3055.561768
21.090000    3056.940430
21.100000    3058.289307
21.110000    3059.604004
21.120000    3060.876953
21.130000    3062.133789
21.140000    3063.484863
21.150000    3064.778320
21.160000    3066.003662
21.170000    3067.223389
21.180000    3068.509277
21.190000    3069.875000
21.200000    3071.228516
21.210000    3072.537842
21.220000    3073.942139
21.230000    3075.394531
21.240000    3076.796143
21.250000    3078.161133
21.260000    3079.595947
21.270000    3080.929932
21.280000    3082.226562
21.290000    3083.519775
21.300000    3084.764160
21.310000    3086.048096
21.320000    3087.318848
21.330000    3088.653320
21.340000    3090.010010
21.350000    3091.312012
21.360000    3092.637451
21.370000    3093.925049
21.380000    3095.170410
21.390000    3096.488525
21.400000    3097.791260
21.410000    3099.011230
21.420000    3100.239502
21.430000    3101.506592
21.440000    3102.764160
21.450000    3103.931396
21.460000    3105.123779
21.470000    3106.354492
21.480000    3107.620361
21.490000    3108.894775
21.500000    3110.154053
21.510000    3111.445068
21.520000    3112.727539
21.530000    3114.049805
21.540000    3115.294189
21.550000    3116.503418
21.560000    3117.781982
21.570000    3119.102783
21.580000    3120.445312
21.590000    3121.772461
21.600000    3123.133545
21.610000    3124.501465
21.620000    3125.806641
21.630000    3127.091064
21.640000    3128.363037
21.650000    3129.761963
21.660000    3131.187988
21.670000    3132.529785
21.680000    3133.852783
21.690000    3135.200928
21.700000    3136.532715
21.710000    3137.822754
21.720000    3139.125488
21.730000    3140.349121
21.740000    3141.573975
21.750000    3142.848389
21.760000    3144.083984
21.770000    3145.282715
21.780000    3146.542236
21.790000    3147.731445
21.800000    3148.908203
21.810000    3150.140869
21.820000    3151.363037
21.830000    3152.629150
21.840000    3153.917480
21.850000    3155.289307
21.860000    3156.488037
21.870000    3157.641113
21.880000    3158.760010
21.890000    3159.947998
21.900000    3161.097656
21.910000    3162.237305
21.920000    3163.414307
21.930000    3164.595947
21.940000    3165.753418
21.950000    3166.900635
21.960000    3168.117920
21.970000    3169.260498
21.980000    3170.458740
21.990000    3171.645020
22.000000    3172.884277
22.010000    3174.111572
22.020000    3175.387939
22.030000    3176.561768
22.040000    3177.718506
22.050000    3178.871826
22.060000    3180.053711
22.070000    3181.268555
22.080000    3182.555664
22.090000    3183.781250
22.100000    3184.992432
22.110000    3186.164795
22.120000    3187.354248
22.130000    3188.578613
22.140000    3189.755859
22.150000    3190.926514
22.160000    3192.119629
22.170000    3193.360840
22.180000    3194.608887
22.190000    3195.785400
22.200000    3196.902100
22.210000    3198.112061
22.220000    3199.238525
22.230000    3200.397949
22.240000    3201.544678
22.250000    3202.719971
22.260000    3203.881836
22.270000    3205.072754
22.280000    3206.314941
22.290000    3207.534424
22.300000    3208.789551
22.310000    3210.036865
22.320000    3211.296387
22.330000    3212.497803
22.340000    3213.781006
22.350000    3214.994141
22.360000    3216.164062
22.370000    3217.407715
22.380000    3218.575684
22.390000    3219.812256
22.400000    3220.874023
22.410000    3222.084229
22.420000    3223.341309
22.430000    3224.658691
22.440000    3225.931885
22.450000    3227.139648
22.460000    3228.329590
22.470000    3229.658447
22.480000    3230.950195
22.490000    3232.153076
22.500000    3233.358154
22.510000    3234.530273
22.520000    3235.735352
22.530000    3236.931152
22.540000    3238.115479
22.550000    3239.392334
22.560000    3240.760742
22.570000    3242.089844
22.580000    3243.436035
22.590000    3244.804443
22.600000    3246.110596
22.610000    3247.352539
22.620000    3248.663574
22.630000    3249.919434
22.640000    3251.104248
22.650000    3252.249268
22.660000    3253.418945
22.670000    3254.501465
22.680000    3255.617432
22.690000    3256.697510
22.700000    3257.769531
22.710000    3258.922607
22.720000    3260.094971
22.730000    3261.281006
22.740000    3262.432861
22.750000    3263.518799
22.760000    3264.575195
22.770000    3265.716553
22.780000    3266.875488
22.790000    3268.103027
22.800000    3269.282471
22.810000    3270.524414
22.820000    3271.795898
22.830000    3272.999756
22.840000    3274.207520
22.850000    3275.365479
22.860000    3276.502686
22.870000    3277.585205
22.880000    3278.623047
22.890000    3279.657471
22.900000    3280.653320
22.910000    3281.669678
22.920000    3282.729248
22.930000    3283.843506
22.940000    3284.922119
22.950000    3286.081543
22.960000    3287.259766
22.970000    3288.356445
22.980000    3289.530273
22.990000    3290.663818
23.000000    3291.808838
23.010000    3292.977051
23.020000    3294.169434
23.030000    3295.367676
23.040000    3296.464600
23.050000    3297.569824
23.060000    3298.692871
23.070000    3299.809570
23.080000    3300.902832
23.090000    3302.056396
23.100000    3303.253174
23.110000    3304.521240
23.120000    3305.711426
23.130000    3306.956787
23.140000    3308.206543
23.150000    3309.365234
23.160000    3310.552002
23.170000    3311.725830
23.180000    3312.927246
23.190000    3314.078369
23.200000    3315.258301
23.210000    3316.430908
23.220000    3317.621094
23.230000    3318.784180
23.240000    3320.020996
23.250000    3321.208496
23.260000    3322.389893
23.270000    3323.506836
23.280000    3324.672119
23.290000    3325.804932
23.300000    3326.937744
23.310000    3328.036133
23.320000    3329.177490
23.330000    3330.272705
23.340000    3331.385254
23.350000    3332.588135
23.360000    3333.725342
23.370000    3334.867188
23.380000    3336.051514
23.390000    3337.281982
23.400000    3338.497314
23.410000    3339.697754
23.420000    3340.888184
23.430000    3342.105957
23.440000    3343.343750
23.450000    3344.672363
23.460000    3345.852295
23.470000    3347.118408
23.480000    3348.329346
23.490000    3349.522949
23.500000    3350.721191
23.510000    3351.888428
23.520000    3352.976807
23.530000    3354.063232
23.540000    3355.119629
23.550000    3356.212646
23.560000    3357.318848
23.570000    3358.319092
23.580000    3359.361084
23.590000    3360.490234
23.600000    3361.562256
23.610000    3362.630859
23.620000    3363.696045
23.630000    3364.656250
23.640000    3365.640381
23.650000    3366.645996
23.660000    3367.633789
23.670000    3368.543457
23.680000    3369.436035
23.690000    3370.362793
23.700000    3371.334961
23.710000    3372.256836
23.720000    3373.179932
23.730000    3373.995850
23.740000    3374.815430
23.750000    3375.710449
23.760000    3376.552734
23.770000    3377.520508
23.780000    3378.482666
23.790000    3379.377197
23.800000    3380.271240
23.810000    3381.175049
23.820000    3382.086670
23.830000    3383.016602
23.840000    3383.922607
23.850000    3384.911621
23.860000    3385.868652
23.870000    3386.792236
23.880000    3387.750732
23.890000    3388.722900
23.900000    3389.692139
23.910000    3390.654297
23.920000    3391.654541
23.930000    3392.665039
23.940000    3393.636230
23.950000    3394.653320
23.960000    3395.658203
23.970000    3396.568359
23.980000    3397.495850
23.990000    3398.519043
24.000000    3399.486572
24.010000    3400.501953
24.020000    3401.552979
24.030000    3402.573242
24.040000    3403.541992
24.050000    3404.568115
24.060000    3405.554199
24.070000    3406.538086
24.080000    3407.607178
24.090000    3408.723145
24.100000    3409.750244
24.110000    3410.813965
24.120000    3411.847412
24.130000    3412.869141
24.140000    3413.924561
24.150000    3414.912354
24.160000    3415.999756
24.170000    3417.036621
24.180000    3418.037109
24.190000    3419.066650
24.200000    3420.103760
24.210000    3421.218750
24.220000    3422.433838
24.230000    3423.523926
24.240000    3424.605225
24.250000    3425.722168
24.260000    3426.888428
24.270000    3428.077637
24.280000    3429.218262
24.290000    3430.366455
24.300000    3431.407959
24.310000    3432.515381
24.320000    3433.568848
24.330000    3434.586670
24.340000    3435.632324
24.350000    3436.725586
24.360000    3437.882568
24.370000    3439.018066
24.380000    3440.059082
24.390000    3441.088867
24.400000    3442.051514
24.410000    3443.020508
24.420000    3443.947754
24.430000    3444.863525
24.440000    3445.756592
24.450000    3446.641602
24.460000    3447.562500
24.470000    3448.521240
24.480000    3449.521729
24.490000    3450.551514
24.500000    3451.503906
24.510000    3452.424805
24.520000    3453.283691
24.530000    3454.209961
24.540000    3455.097412
24.550000    3455.954834
24.560000    3456.897705
24.570000    3457.879150
24.580000    3458.827393
24.590000    3459.745117
24.600000    3460.648682
24.610000    3461.590820
24.620000    3462.462402
24.630000    3463.353516
24.640000    3464.290039
24.650000    3465.199463
24.660000    3466.158691
24.670000    3467.162354
24.680000    3468.154541
24.690000    3469.178955
24.700000    3470.165771
24.710000    3471.184570
24.720000    3472.218262
24.730000    3473.305908
24.740000    3474.425049
24.750000    3475.413818
24.760000    3476.424072
24.770000    3477.403809
24.780000    3478.356934
24.790000    3479.256592
24.800000    3480.255859
24.810000    3481.162354
24.820000    3482.135742
24.830000    3483.157227
24.840000    3484.184814
24.850000    3485.226562
24.860000    3486.242432
24.870000    3487.219482
24.880000    3488.150879
24.890000    3489.068115
24.900000    3490.069824
24.910000    3490.967041
24.920000    3491.875732
24.930000    3492.772949
24.940000    3493.653564
24.950000    3494.598145
24.960000    3495.577148
24.970000    3496.536865
24.980000    3497.610840
24.990000    3498.648926
