#  t (ns) MSD (A^2) D = 2.4730e-06 2.28e-08 cm^2/s nu = 9.0907e-01 1.27e-03
0.000000    -0.000129
0.010000    15.150317
0.020000    25.199833
0.030000    33.801052
0.040000    41.415108
0.050000    48.395939
0.060000    54.818348
0.070000    60.784386
0.080000    66.378967
0.090000    71.720772
0.100000    76.854942
0.110000    81.732834
0.120000    86.446640
0.130000    90.978584
0.140000    95.226158
0.150000    99.441650
0.160000    103.482246
0.170000    107.365738
0.180000    111.145683
0.190000    114.849030
0.200000    118.408882
0.210000    121.897400
0.220000    125.330589
0.230000    128.687607
0.240000    131.923645
0.250000    135.146347
0.260000    138.248779
0.270000    141.303452
0.280000    144.360809
0.290000    147.324448
0.300000    150.314423
0.310000    153.248703
0.320000    156.110703
0.330000    158.996124
0.340000    161.840439
0.350000    164.721802
0.360000    167.521973
0.370000    170.281616
0.380000    172.963760
0.390000    175.631271
0.400000    178.262177
0.410000    180.924118
0.420000    183.588898
0.430000    186.278046
0.440000    188.937836
0.450000    191.581146
0.460000    194.204803
0.470000    196.775085
0.480000    199.317856
0.490000    201.810593
0.500000    204.339371
0.510000    206.839783
0.520000    209.364975
0.530000    211.885651
0.540000    214.358353
0.550000    216.841171
0.560000    219.281281
0.570000    221.783600
0.580000    224.219223
0.590000    226.621353
0.600000    229.006027
0.610000    231.357071
0.620000    233.678635
0.630000    235.994232
0.640000    238.308258
0.650000    240.606644
0.660000    242.868317
0.670000    245.187241
0.680000    247.456940
0.690000    249.751312
0.700000    252.032288
0.710000    254.237030
0.720000    256.457123
0.730000    258.708038
0.740000    260.970276
0.750000    263.143921
0.760000    265.359009
0.770000    267.548950
0.780000    269.716858
0.790000    271.942474
0.800000    274.165710
0.810000    276.345367
0.820000    278.489655
0.830000    280.597748
0.840000    282.792175
0.850000    284.923096
0.860000    287.069824
0.870000    289.207611
0.880000    291.319641
0.890000    293.452057
0.900000    295.479187
0.910000    297.590881
0.920000    299.582977
0.930000    301.574768
0.940000    303.541382
0.950000    305.520142
0.960000    307.526733
0.970000    309.544800
0.980000    311.497162
0.990000    313.534790
1.000000    315.511627
1.010000    317.556488
1.020000    319.581909
1.030000    321.651306
1.040000    323.694183
1.050000    325.723236
1.060000    327.793549
1.070000    329.794006
1.080000    331.840179
1.090000    333.836182
1.100000    335.848755
1.110000    337.867889
1.120000    339.891846
1.130000    341.861511
1.140000    343.869324
1.150000    345.795990
1.160000    347.736938
1.170000    349.675964
1.180000    351.597778
1.190000    353.603180
1.200000    355.587738
1.210000    357.495575
1.220000    359.383331
1.230000    361.287720
1.240000    363.199158
1.250000    365.131378
1.260000    367.005096
1.270000    368.947388
1.280000    370.845520
1.290000    372.759796
1.300000    374.698853
1.310000    376.663330
1.320000    378.662933
1.330000    380.590240
1.340000    382.484802
1.350000    384.369537
1.360000    386.228699
1.370000    388.044250
1.380000    389.936188
1.390000    391.736359
1.400000    393.486633
1.410000    395.396790
1.420000    397.223755
1.430000    398.975464
1.440000    400.753204
1.450000    402.525848
1.460000    404.270996
1.470000    406.074677
1.480000    407.930786
1.490000    409.771667
1.500000    411.622681
1.510000    413.521912
1.520000    415.343475
1.530000    417.193176
1.540000    419.063995
1.550000    420.857452
1.560000    422.627625
1.570000    424.451263
1.580000    426.170837
1.590000    427.939148
1.600000    429.759277
1.610000    431.452179
1.620000    433.105499
1.630000    434.791443
1.640000    436.492401
1.650000    438.168396
1.660000    439.818695
1.670000    441.435272
1.680000    443.083344
1.690000    444.744446
1.700000    446.416138
1.710000    448.073334
1.720000    449.693481
1.730000    451.387024
1.740000    453.052612
1.750000    454.710449
1.760000    456.443787
1.770000    458.194946
1.780000    459.955109
1.790000    461.731201
1.800000    463.543152
1.810000    465.360870
1.820000    467.112122
1.830000    468.856842
1.840000    470.610260
1.850000    472.460083
1.860000    474.262543
1.870000    476.073853
1.880000    477.945801
1.890000    479.746368
1.900000    481.535095
1.910000    483.341400
1.920000    485.145203
1.930000    486.894867
1.940000    488.585754
1.950000    490.298981
1.960000    492.006012
1.970000    493.703430
1.980000    495.439880
1.990000    497.154572
2.000000    498.843323
2.010000    500.462952
2.020000    502.103821
2.030000    503.774933
2.040000    505.389404
2.050000    506.988037
2.060000    508.592316
2.070000    510.265747
2.080000    512.043396
2.090000    513.860168
2.100000    515.650635
2.110000    517.389221
2.120000    519.090698
2.130000    520.852051
2.140000    522.555969
2.150000    524.224854
2.160000    525.923584
2.170000    527.650208
2.180000    529.334961
2.190000    530.988586
2.200000    532.681885
2.210000    534.331726
2.220000    535.914856
2.230000    537.549316
2.240000    539.209351
2.250000    540.846619
2.260000    542.499939
2.270000    544.161926
2.280000    545.836365
2.290000    547.540466
2.300000    549.244324
2.310000    550.955261
2.320000    552.639160
2.330000    554.403564
2.340000    556.109253
2.350000    557.793762
2.360000    559.511169
2.370000    561.252625
2.380000    562.936279
2.390000    564.653320
2.400000    566.254089
2.410000    567.843689
2.420000    569.454590
2.430000    571.088928
2.440000    572.662598
2.450000    574.217224
2.460000    575.814026
2.470000    577.449097
2.480000    579.057434
2.490000    580.688110
2.500000    582.399414
2.510000    584.062805
2.520000    585.802368
2.530000    587.483459
2.540000    589.167236
2.550000    590.854980
2.560000    592.534180
2.570000    594.222900
2.580000    595.861755
2.590000    597.504761
2.600000    599.147400
2.610000    600.822205
2.620000    602.529724
2.630000    604.222778
2.640000    605.916748
2.650000    607.634338
2.660000    609.212585
2.670000    610.803589
2.680000    612.410034
2.690000    614.053284
2.700000    615.669739
2.710000    617.272644
2.720000    618.863770
2.730000    620.449951
2.740000    622.071228
2.750000    623.607910
2.760000    625.126221
2.770000    626.719910
2.780000    628.249084
2.790000    629.768555
2.800000    631.326538
2.810000    632.888550
2.820000    634.431335
2.830000    635.911926
2.840000    637.471375
2.850000    639.067078
2.860000    640.672852
2.870000    642.236328
2.880000    643.831848
2.890000    645.390564
2.900000    646.981628
2.910000    648.567627
2.920000    650.090759
2.930000    651.659424
2.940000    653.179504
2.950000    654.709534
2.960000    656.315796
2.970000    657.882629
2.980000    659.467896
2.990000    661.031738
3.000000    662.612305
3.010000    664.240234
3.020000    665.849121
3.030000    667.467041
3.040000    669.118225
3.050000    670.710876
3.060000    672.328186
3.070000    673.860779
3.080000    675.456543
3.090000    676.975891
3.100000    678.519470
3.110000    679.995178
3.120000    681.439270
3.130000    682.941956
3.140000    684.427917
3.150000    685.989319
3.160000    687.560364
3.170000    689.142456
3.180000    690.701172
3.190000    692.216553
3.200000    693.836365
3.210000    695.536682
3.220000    697.218384
3.230000    698.876099
3.240000    700.513062
3.250000    702.191711
3.260000    703.849609
3.270000    705.437378
3.280000    707.051941
3.290000    708.671387
3.300000    710.230530
3.310000    711.893555
3.320000    713.591919
3.330000    715.270630
3.340000    716.938354
3.350000    718.642700
3.360000    720.302246
3.370000    721.943604
3.380000    723.628113
3.390000    725.315918
3.400000    726.986572
3.410000    728.639954
3.420000    730.318420
3.430000    732.011047
3.440000    733.666504
3.450000    735.368408
3.460000    737.076477
3.470000    738.777100
3.480000    740.379822
3.490000    741.986694
3.500000    743.608643
3.510000    745.285950
3.520000    746.930481
3.530000    748.551636
3.540000    750.176880
3.550000    751.783569
3.560000    753.347290
3.570000    754.949158
3.580000    756.528137
3.590000    758.036072
3.600000    759.574463
3.610000    761.092712
3.620000    762.685547
3.630000    764.321472
3.640000    765.906372
3.650000    767.505737
3.660000    769.070557
3.670000    770.601746
3.680000    772.131409
3.690000    773.692810
3.700000    775.226257
3.710000    776.776428
3.720000    778.298645
3.730000    779.848572
3.740000    781.347534
3.750000    782.818665
3.760000    784.317383
3.770000    785.758545
3.780000    787.234924
3.790000    788.769775
3.800000    790.306396
3.810000    791.845276
3.820000    793.418823
3.830000    794.981812
3.840000    796.482788
3.850000    797.959290
3.860000    799.477295
3.870000    801.073730
3.880000    802.632568
3.890000    804.182373
3.900000    805.785645
3.910000    807.415405
3.920000    809.012756
3.930000    810.585266
3.940000    812.130127
3.950000    813.593933
3.960000    815.080139
3.970000    816.648560
3.980000    818.183350
3.990000    819.722473
4.000000    821.295410
4.010000    822.900085
4.020000    824.474426
4.030000    826.006226
4.040000    827.530090
4.050000    829.046204
4.060000    830.580566
4.070000    832.130493
4.080000    833.687805
4.090000    835.270630
4.100000    836.850342
4.110000    838.460876
4.120000    840.068787
4.130000    841.718140
4.140000    843.377441
4.150000    845.024536
4.160000    846.667114
4.170000    848.307617
4.180000    850.016785
4.190000    851.737610
4.200000    853.418213
4.210000    855.088989
4.220000    856.752686
4.230000    858.400757
4.240000    860.058350
4.250000    861.657104
4.260000    863.231995
4.270000    864.793640
4.280000    866.359619
4.290000    867.916199
4.300000    869.480774
4.310000    870.965881
4.320000    872.455444
4.330000    873.943359
4.340000    875.461487
4.350000    876.971375
4.360000    878.503357
4.370000    880.021912
4.380000    881.508301
4.390000    883.028503
4.400000    884.541016
4.410000    885.999695
4.420000    887.498169
4.430000    888.993530
4.440000    890.483154
4.450000    892.017578
4.460000    893.519714
4.470000    894.978088
4.480000    896.419189
4.490000    897.870789
4.500000    899.273193
4.510000    900.723328
4.520000    902.161194
4.530000    903.630737
4.540000    905.085388
4.550000    906.517090
4.560000    907.920349
4.570000    909.342041
4.580000    910.771301
4.590000    912.185913
4.600000    913.599915
4.610000    915.057556
4.620000    916.490540
4.630000    917.931213
4.640000    919.359375
4.650000    920.764221
4.660000    922.238098
4.670000    923.682739
4.680000    925.092957
4.690000    926.464539
4.700000    927.863892
4.710000    929.246277
4.720000    930.699524
4.730000    932.146545
4.740000    933.582581
4.750000    935.004150
4.760000    936.504517
4.770000    937.988464
4.780000    939.444702
4.790000    940.852600
4.800000    942.351135
4.810000    943.869995
4.820000    945.382324
4.830000    946.842834
4.840000    948.264709
4.850000    949.670349
4.860000    951.095642
4.870000    952.520752
4.880000    953.935303
4.890000    955.352539
4.900000    956.792847
4.910000    958.270020
4.920000    959.790405
4.930000    961.280212
4.940000    962.727417
4.950000    964.206421
4.960000    965.655334
4.970000    967.148438
4.980000    968.704895
4.990000    970.218445
5.000000    971.707825
5.010000    973.140076
5.020000    974.542542
5.030000    975.940247
5.040000    977.310730
5.050000    978.721741
5.060000    980.039124
5.070000    981.401001
5.080000    982.787292
5.090000    984.118347
5.100000    985.496582
5.110000    986.905212
5.120000    988.360352
5.130000    989.773193
5.140000    991.197449
5.150000    992.642517
5.160000    994.054443
5.170000    995.387329
5.180000    996.774536
5.190000    998.174255
5.200000    999.657104
5.210000    1001.058838
5.220000    1002.479919
5.230000    1003.930725
5.240000    1005.291687
5.250000    1006.587036
5.260000    1007.861389
5.270000    1009.179382
5.280000    1010.458069
5.290000    1011.703064
5.300000    1012.934998
5.310000    1014.114075
5.320000    1015.369507
5.330000    1016.616760
5.340000    1017.863342
5.350000    1019.012329
5.360000    1020.184387
5.370000    1021.402710
5.380000    1022.634338
5.390000    1023.895081
5.400000    1025.175659
5.410000    1026.483032
5.420000    1027.714600
5.430000    1029.005005
5.440000    1030.337646
5.450000    1031.672729
5.460000    1033.062012
5.470000    1034.436279
5.480000    1035.827637
5.490000    1037.206421
5.500000    1038.539917
5.510000    1039.898682
5.520000    1041.181274
5.530000    1042.481567
5.540000    1043.804321
5.550000    1045.075073
5.560000    1046.323975
5.570000    1047.572632
5.580000    1048.872925
5.590000    1050.164551
5.600000    1051.505249
5.610000    1052.873169
5.620000    1054.226196
5.630000    1055.544922
5.640000    1056.865845
5.650000    1058.219360
5.660000    1059.514771
5.670000    1060.854614
5.680000    1062.183838
5.690000    1063.578979
5.700000    1064.961548
5.710000    1066.285034
5.720000    1067.640991
5.730000    1069.015625
5.740000    1070.404663
5.750000    1071.765259
5.760000    1073.135010
5.770000    1074.447144
5.780000    1075.880615
5.790000    1077.279297
5.800000    1078.703003
5.810000    1080.255737
5.820000    1081.711792
5.830000    1083.176147
5.840000    1084.629272
5.850000    1086.035278
5.860000    1087.456787
5.870000    1088.814209
5.880000    1090.193359
5.890000    1091.537842
5.900000    1092.879395
5.910000    1094.201660
5.920000    1095.567017
5.930000    1096.875732
5.940000    1098.152100
5.950000    1099.481689
5.960000    1100.763916
5.970000    1102.088379
5.980000    1103.375488
5.990000    1104.648682
6.000000    1105.946777
6.010000    1107.272827
6.020000    1108.531250
6.030000    1109.781494
6.040000    1111.053711
6.050000    1112.334717
6.060000    1113.619629
6.070000    1114.830078
6.080000    1116.111572
6.090000    1117.398804
6.100000    1118.698853
6.110000    1119.995483
6.120000    1121.316528
6.130000    1122.645874
6.140000    1123.987671
6.150000    1125.410034
6.160000    1126.815430
6.170000    1128.162354
6.180000    1129.565674
6.190000    1131.001465
6.200000    1132.348389
6.210000    1133.741089
6.220000    1135.138428
6.230000    1136.532959
6.240000    1137.932129
6.250000    1139.335571
6.260000    1140.796143
6.270000    1142.275391
6.280000    1143.739136
6.290000    1145.257568
6.300000    1146.749390
6.310000    1148.255249
6.320000    1149.702881
6.330000    1151.216431
6.340000    1152.764526
6.350000    1154.249756
6.360000    1155.728760
6.370000    1157.149902
6.380000    1158.507202
6.390000    1159.911133
6.400000    1161.324219
6.410000    1162.763550
6.420000    1164.170410
6.430000    1165.529053
6.440000    1166.911621
6.450000    1168.307129
6.460000    1169.749390
6.470000    1171.213623
6.480000    1172.678711
6.490000    1174.117554
6.500000    1175.569824
6.510000    1176.984497
6.520000    1178.443726
6.530000    1179.923828
6.540000    1181.393066
6.550000    1182.918457
6.560000    1184.392334
6.570000    1185.885498
6.580000    1187.394165
6.590000    1188.898804
6.600000    1190.467896
6.610000    1192.044189
6.620000    1193.482178
6.630000    1194.891113
6.640000    1196.295654
6.650000    1197.655151
6.660000    1199.069702
6.670000    1200.427002
6.680000    1201.759644
6.690000    1203.110352
6.700000    1204.459229
6.710000    1205.783081
6.720000    1207.155762
6.730000    1208.575806
6.740000    1209.937012
6.750000    1211.263306
6.760000    1212.609253
6.770000    1213.935669
6.780000    1215.262085
6.790000    1216.664429
6.800000    1217.991577
6.810000    1219.362549
6.820000    1220.723145
6.830000    1222.144165
6.840000    1223.512573
6.850000    1224.931274
6.860000    1226.318848
6.870000    1227.695679
6.880000    1229.084351
6.890000    1230.448242
6.900000    1231.815552
6.910000    1233.211670
6.920000    1234.563599
6.930000    1235.893066
6.940000    1237.283691
6.950000    1238.722534
6.960000    1240.130859
6.970000    1241.570190
6.980000    1243.046631
6.990000    1244.545044
7.000000    1246.033447
7.010000    1247.534668
7.020000    1249.008545
7.030000    1250.444702
7.040000    1251.913208
7.050000    1253.396851
7.060000    1254.915405
7.070000    1256.476685
7.080000    1257.979248
7.090000    1259.494995
7.100000    1261.019287
7.110000    1262.612915
7.120000    1264.140625
7.130000    1265.599121
7.140000    1267.061279
7.150000    1268.485596
7.160000    1269.885254
7.170000    1271.277344
7.180000    1272.741943
7.190000    1274.170288
7.200000    1275.641357
7.210000    1277.086060
7.220000    1278.451294
7.230000    1279.902100
7.240000    1281.247681
7.250000    1282.587280
7.260000    1283.918091
7.270000    1285.284058
7.280000    1286.598633
7.290000    1287.895874
7.300000    1289.227295
7.310000    1290.566040
7.320000    1291.841675
7.330000    1293.128418
7.340000    1294.456055
7.350000    1295.801147
7.360000    1297.195801
7.370000    1298.509888
7.380000    1299.797974
7.390000    1301.116333
7.400000    1302.419556
7.410000    1303.759644
7.420000    1305.081177
7.430000    1306.405029
7.440000    1307.754517
7.450000    1309.132446
7.460000    1310.526001
7.470000    1311.924194
7.480000    1313.372314
7.490000    1314.817749
7.500000    1316.313477
7.510000    1317.736694
7.520000    1319.171387
7.530000    1320.655884
7.540000    1322.086670
7.550000    1323.585083
7.560000    1325.043213
7.570000    1326.557495
7.580000    1327.993042
7.590000    1329.388550
7.600000    1330.739502
7.610000    1332.163452
7.620000    1333.593872
7.630000    1335.045532
7.640000    1336.483032
7.650000    1337.910645
7.660000    1339.335449
7.670000    1340.756104
7.680000    1342.129395
7.690000    1343.494385
7.700000    1344.841675
7.710000    1346.203125
7.720000    1347.545654
7.730000    1348.929810
7.740000    1350.380737
7.750000    1351.760742
7.760000    1353.215698
7.770000    1354.672363
7.780000    1356.121948
7.790000    1357.620361
7.800000    1359.119385
7.810000    1360.576904
7.820000    1362.017700
7.830000    1363.490601
7.840000    1364.963745
7.850000    1366.405273
7.860000    1367.837036
7.870000    1369.230469
7.880000    1370.632935
7.890000    1372.065552
7.900000    1373.484497
7.910000    1374.880981
7.920000    1376.274414
7.930000    1377.787476
7.940000    1379.279297
7.950000    1380.757324
7.960000    1382.284424
7.970000    1383.796265
7.980000    1385.326904
7.990000    1386.883911
8.000000    1388.352661
8.010000    1389.823242
8.020000    1391.360962
8.030000    1392.877686
8.040000    1394.436890
8.050000    1395.962769
8.060000    1397.518921
8.070000    1399.075684
8.080000    1400.622070
8.090000    1402.213257
8.100000    1403.797485
8.110000    1405.417847
8.120000    1406.923950
8.130000    1408.499634
8.140000    1410.026733
8.150000    1411.540283
8.160000    1413.037231
8.170000    1414.575928
8.180000    1416.013428
8.190000    1417.536133
8.200000    1419.061523
8.210000    1420.546387
8.220000    1422.082153
8.230000    1423.588989
8.240000    1425.187988
8.250000    1426.718994
8.260000    1428.227905
8.270000    1429.700073
8.280000    1431.151001
8.290000    1432.627197
8.300000    1434.092285
8.310000    1435.544678
8.320000    1436.970581
8.330000    1438.367310
8.340000    1439.811646
8.350000    1441.253174
8.360000    1442.716064
8.370000    1444.177490
8.380000    1445.639038
8.390000    1447.044678
8.400000    1448.483032
8.410000    1449.908691
8.420000    1451.296753
8.430000    1452.669434
8.440000    1454.028564
8.450000    1455.458984
8.460000    1456.909424
8.470000    1458.399536
8.480000    1459.814209
8.490000    1461.238403
8.500000    1462.646729
8.510000    1464.032104
8.520000    1465.405640
8.530000    1466.798340
8.540000    1468.187012
8.550000    1469.598511
8.560000    1471.032837
8.570000    1472.390503
8.580000    1473.732300
8.590000    1475.099976
8.600000    1476.485840
8.610000    1477.922729
8.620000    1479.320557
8.630000    1480.778931
8.640000    1482.192749
8.650000    1483.595581
8.660000    1484.968750
8.670000    1486.320679
8.680000    1487.754150
8.690000    1489.123779
8.700000    1490.463013
8.710000    1491.814453
8.720000    1493.243774
8.730000    1494.648560
8.740000    1496.063232
8.750000    1497.444946
8.760000    1498.820801
8.770000    1500.283569
8.780000    1501.700073
8.790000    1503.115234
8.800000    1504.447998
8.810000    1505.833618
8.820000    1507.217041
8.830000    1508.581543
8.840000    1509.919189
8.850000    1511.223999
8.860000    1512.672363
8.870000    1514.012817
8.880000    1515.375488
8.890000    1516.819336
8.900000    1518.293579
8.910000    1519.684814
8.920000    1521.073486
8.930000    1522.490845
8.940000    1523.984131
8.950000    1525.467041
8.960000    1526.908081
8.970000    1528.318481
8.980000    1529.714722
8.990000    1531.116577
9.000000    1532.507568
9.010000    1533.928589
9.020000    1535.351074
9.030000    1536.826172
9.040000    1538.229370
9.050000    1539.659668
9.060000    1541.098145
9.070000    1542.583618
9.080000    1544.064575
9.090000    1545.582520
9.100000    1547.012207
9.110000    1548.483154
9.120000    1549.943726
9.130000    1551.424316
9.140000    1552.871826
9.150000    1554.324829
9.160000    1555.809326
9.170000    1557.161011
9.180000    1558.563599
9.190000    1560.001343
9.200000    1561.462280
9.210000    1562.883789
9.220000    1564.279907
9.230000    1565.718506
9.240000    1567.202271
9.250000    1568.633179
9.260000    1570.102417
9.270000    1571.552734
9.280000    1573.046631
9.290000    1574.535034
9.300000    1576.044189
9.310000    1577.493286
9.320000    1578.894531
9.330000    1580.319946
9.340000    1581.676270
9.350000    1583.025269
9.360000    1584.443970
9.370000    1585.833252
9.380000    1587.185669
9.390000    1588.480347
9.400000    1589.750000
9.410000    1591.120361
9.420000    1592.431030
9.430000    1593.739014
9.440000    1595.003662
9.450000    1596.333130
9.460000    1597.687622
9.470000    1599.030151
9.480000    1600.383057
9.490000    1601.749878
9.500000    1603.124268
9.510000    1604.565918
9.520000    1606.051270
9.530000    1607.507324
9.540000    1608.951294
9.550000    1610.374756
9.560000    1611.721069
9.570000    1613.168945
9.580000    1614.618774
9.590000    1616.002197
9.600000    1617.314209
9.610000    1618.571777
9.620000    1619.882690
9.630000    1621.161377
9.640000    1622.444946
9.650000    1623.670776
9.660000    1624.962769
9.670000    1626.322144
9.680000    1627.677856
9.690000    1629.062378
9.700000    1630.520020
9.710000    1631.978394
9.720000    1633.472534
9.730000    1634.932617
9.740000    1636.362305
9.750000    1637.754761
9.760000    1639.125122
9.770000    1640.557983
9.780000    1641.958008
9.790000    1643.365356
9.800000    1644.756470
9.810000    1646.161011
9.820000    1647.589111
9.830000    1648.973633
9.840000    1650.358521
9.850000    1651.696899
9.860000    1652.979492
9.870000    1654.337402
9.880000    1655.735474
9.890000    1657.179199
9.900000    1658.616577
9.910000    1660.055908
9.920000    1661.529541
9.930000    1662.940186
9.940000    1664.341919
9.950000    1665.774048
9.960000    1667.110474
9.970000    1668.451416
9.980000    1669.837524
9.990000    1671.215210
10.000000    1672.588501
10.010000    1674.039429
10.020000    1675.434326
10.030000    1676.872559
10.040000    1678.245972
10.050000    1679.704712
10.060000    1681.119019
10.070000    1682.512329
10.080000    1683.872559
10.090000    1685.245728
10.100000    1686.636230
10.110000    1687.977295
10.120000    1689.358276
10.130000    1690.766602
10.140000    1692.252686
10.150000    1693.737305
10.160000    1695.176147
10.170000    1696.660522
10.180000    1698.078003
10.190000    1699.545898
10.200000    1701.035156
10.210000    1702.469238
10.220000    1703.885498
10.230000    1705.344971
10.240000    1706.826904
10.250000    1708.371948
10.260000    1709.835205
10.270000    1711.349731
10.280000    1712.843018
10.290000    1714.382324
10.300000    1715.900024
10.310000    1717.401855
10.320000    1718.939331
10.330000    1720.419556
10.340000    1721.903809
10.350000    1723.379028
10.360000    1724.849976
10.370000    1726.280273
10.380000    1727.691406
10.390000    1729.135254
10.400000    1730.585449
10.410000    1732.074219
10.420000    1733.503296
10.430000    1734.926392
10.440000    1736.382202
10.450000    1737.765747
10.460000    1739.252808
10.470000    1740.743042
10.480000    1742.209473
10.490000    1743.703735
10.500000    1745.203125
10.510000    1746.702148
10.520000    1748.253906
10.530000    1749.711914
10.540000    1751.180176
10.550000    1752.617065
10.560000    1754.119873
10.570000    1755.622681
10.580000    1757.125122
10.590000    1758.638550
10.600000    1760.120483
10.610000    1761.618408
10.620000    1763.130249
10.630000    1764.640259
10.640000    1766.180298
10.650000    1767.685791
10.660000    1769.250610
10.670000    1770.805664
10.680000    1772.371704
10.690000    1773.940186
10.700000    1775.490967
10.710000    1777.098511
10.720000    1778.635010
10.730000    1780.183105
10.740000    1781.708130
10.750000    1783.253052
10.760000    1784.782593
10.770000    1786.227051
10.780000    1787.658081
10.790000    1789.124390
10.800000    1790.588501
10.810000    1792.118530
10.820000    1793.630249
10.830000    1795.161865
10.840000    1796.693848
10.850000    1798.244751
10.860000    1799.702515
10.870000    1801.161011
10.880000    1802.632690
10.890000    1804.179077
10.900000    1805.730591
10.910000    1807.312378
10.920000    1808.913208
10.930000    1810.531494
10.940000    1812.125610
10.950000    1813.764282
10.960000    1815.399414
10.970000    1817.029785
10.980000    1818.665283
10.990000    1820.269897
11.000000    1821.973755
11.010000    1823.620605
11.020000    1825.233398
11.030000    1826.916870
11.040000    1828.611816
11.050000    1830.295776
11.060000    1831.977661
11.070000    1833.633789
11.080000    1835.260376
11.090000    1836.883057
11.100000    1838.585205
11.110000    1840.295288
11.120000    1841.948608
11.130000    1843.559570
11.140000    1845.244629
11.150000    1846.918701
11.160000    1848.598633
11.170000    1850.296387
11.180000    1852.031738
11.190000    1853.719849
11.200000    1855.382446
11.210000    1856.975464
11.220000    1858.559570
11.230000    1860.163574
11.240000    1861.748291
11.250000    1863.358521
11.260000    1864.946655
11.270000    1866.536987
11.280000    1868.060425
11.290000    1869.650879
11.300000    1871.266357
11.310000    1872.826904
11.320000    1874.389404
11.330000    1875.942017
11.340000    1877.482666
11.350000    1879.078247
11.360000    1880.696899
11.370000    1882.294678
11.380000    1883.875000
11.390000    1885.525269
11.400000    1887.239014
11.410000    1888.979370
11.420000    1890.662598
11.430000    1892.307617
11.440000    1894.016724
11.450000    1895.740112
11.460000    1897.444214
11.470000    1899.142578
11.480000    1900.859863
11.490000    1902.578491
11.500000    1904.266968
11.510000    1905.999878
11.520000    1907.726440
11.530000    1909.472656
11.540000    1911.228516
11.550000    1912.954468
11.560000    1914.797363
11.570000    1916.543701
11.580000    1918.337280
11.590000    1920.130005
11.600000    1921.928833
11.610000    1923.762939
11.620000    1925.552002
11.630000    1927.324585
11.640000    1929.121704
11.650000    1930.904785
11.660000    1932.709595
11.670000    1934.531982
11.680000    1936.328003
11.690000    1938.114136
11.700000    1939.905273
11.710000    1941.632935
11.720000    1943.378662
11.730000    1945.135864
11.740000    1946.878296
11.750000    1948.549805
11.760000    1950.214233
11.770000    1951.862427
11.780000    1953.597290
11.790000    1955.336426
11.800000    1957.006836
11.810000    1958.727173
11.820000    1960.405396
11.830000    1962.119263
11.840000    1963.840332
11.850000    1965.614258
11.860000    1967.411011
11.870000    1969.218262
11.880000    1971.019531
11.890000    1972.852051
11.900000    1974.678711
11.910000    1976.424194
11.920000    1978.109619
11.930000    1979.836548
11.940000    1981.570679
11.950000    1983.358276
11.960000    1985.154907
11.970000    1986.912354
11.980000    1988.605591
11.990000    1990.237305
12.000000    1991.939209
12.010000    1993.617676
12.020000    1995.254639
12.030000    1996.987427
12.040000    1998.769287
12.050000    2000.472656
12.060000    2002.217773
12.070000    2003.911987
12.080000    2005.659790
12.090000    2007.327148
12.100000    2009.005005
12.110000    2010.675781
12.120000    2012.337646
12.130000    2014.079590
12.140000    2015.808350
12.150000    2017.511963
12.160000    2019.218872
12.170000    2020.930664
12.180000    2022.659668
12.190000    2024.350464
12.200000    2026.079224
12.210000    2027.825439
12.220000    2029.511719
12.230000    2031.239746
12.240000    2032.985840
12.250000    2034.704102
12.260000    2036.398193
12.270000    2038.034668
12.280000    2039.705078
12.290000    2041.307861
12.300000    2042.943848
12.310000    2044.560303
12.320000    2046.126343
12.330000    2047.739136
12.340000    2049.365479
12.350000    2051.023193
12.360000    2052.711914
12.370000    2054.348145
12.380000    2055.979492
12.390000    2057.636719
12.400000    2059.323242
12.410000    2060.993164
12.420000    2062.688232
12.430000    2064.371582
12.440000    2066.055176
12.450000    2067.710938
12.460000    2069.308350
12.470000    2070.905762
12.480000    2072.502441
12.490000    2074.092041
12.500000    2075.705566
12.510000    2077.356445
12.520000    2079.008789
12.530000    2080.732910
12.540000    2082.502686
12.550000    2084.156982
12.560000    2085.884521
12.570000    2087.573486
12.580000    2089.176758
12.590000    2090.740479
12.600000    2092.283447
12.610000    2093.868652
12.620000    2095.427246
12.630000    2096.968994
12.640000    2098.541748
12.650000    2100.059814
12.660000    2101.614014
12.670000    2103.146973
12.680000    2104.696777
12.690000    2106.286865
12.700000    2107.768555
12.710000    2109.316162
12.720000    2110.882080
12.730000    2112.492676
12.740000    2114.105957
12.750000    2115.648682
12.760000    2117.139404
12.770000    2118.665527
12.780000    2120.169678
12.790000    2121.704102
12.800000    2123.209961
12.810000    2124.729980
12.820000    2126.264404
12.830000    2127.809814
12.840000    2129.382568
12.850000    2130.910156
12.860000    2132.374268
12.870000    2133.826172
12.880000    2135.271240
12.890000    2136.794678
12.900000    2138.270020
12.910000    2139.837158
12.920000    2141.364258
12.930000    2142.889160
12.940000    2144.375488
12.950000    2145.954102
12.960000    2147.551758
12.970000    2149.178711
12.980000    2150.854492
12.990000    2152.556152
13.000000    2154.340576
13.010000    2156.077881
13.020000    2157.881104
13.030000    2159.558594
13.040000    2161.187256
13.050000    2162.895996
13.060000    2164.568115
13.070000    2166.188965
13.080000    2167.826904
13.090000    2169.480957
13.100000    2171.114746
13.110000    2172.686523
13.120000    2174.322754
13.130000    2175.899902
13.140000    2177.481689
13.150000    2179.036133
13.160000    2180.527832
13.170000    2182.092041
13.180000    2183.613525
13.190000    2185.235107
13.200000    2186.822510
13.210000    2188.416504
13.220000    2190.013916
13.230000    2191.589844
13.240000    2193.157227
13.250000    2194.689453
13.260000    2196.271973
13.270000    2197.878174
13.280000    2199.515869
13.290000    2201.104736
13.300000    2202.776611
13.310000    2204.418213
13.320000    2206.000244
13.330000    2207.615967
13.340000    2209.162598
13.350000    2210.743652
13.360000    2212.416504
13.370000    2214.069824
13.380000    2215.719971
13.390000    2217.308105
13.400000    2218.825684
13.410000    2220.427246
13.420000    2222.060059
13.430000    2223.601562
13.440000    2225.133301
13.450000    2226.737305
13.460000    2228.433350
13.470000    2230.083252
13.480000    2231.749756
13.490000    2233.436768
13.500000    2235.110840
13.510000    2236.824463
13.520000    2238.621094
13.530000    2240.324707
13.540000    2242.097412
13.550000    2243.805664
13.560000    2245.461670
13.570000    2247.151367
13.580000    2248.828857
13.590000    2250.526367
13.600000    2252.196777
13.610000    2253.840820
13.620000    2255.452881
13.630000    2257.133301
13.640000    2258.793945
13.650000    2260.452637
13.660000    2262.136230
13.670000    2263.760742
13.680000    2265.435547
13.690000    2267.111084
13.700000    2268.832031
13.710000    2270.529297
13.720000    2272.187500
13.730000    2273.865967
13.740000    2275.497314
13.750000    2277.147217
13.760000    2278.844971
13.770000    2280.523438
13.780000    2282.154053
13.790000    2283.738281
13.800000    2285.374268
13.810000    2286.928955
13.820000    2288.470215
13.830000    2290.037354
13.840000    2291.540039
13.850000    2293.067871
13.860000    2294.621338
13.870000    2296.154541
13.880000    2297.678711
13.890000    2299.180908
13.900000    2300.701660
13.910000    2302.249268
13.920000    2303.778564
13.930000    2305.293701
13.940000    2306.771729
13.950000    2308.288574
13.960000    2309.708740
13.970000    2311.136230
13.980000    2312.602295
13.990000    2314.006836
14.000000    2315.411133
14.010000    2316.812256
14.020000    2318.239990
14.030000    2319.654053
14.040000    2321.123535
14.050000    2322.605469
14.060000    2324.096924
14.070000    2325.700684
14.080000    2327.254150
14.090000    2328.844727
14.100000    2330.397461
14.110000    2331.948975
14.120000    2333.429199
14.130000    2334.960449
14.140000    2336.474609
14.150000    2337.932617
14.160000    2339.415771
14.170000    2340.889404
14.180000    2342.428955
14.190000    2343.965332
14.200000    2345.477539
14.210000    2346.993896
14.220000    2348.575684
14.230000    2349.972412
14.240000    2351.419922
14.250000    2352.895020
14.260000    2354.350098
14.270000    2355.772949
14.280000    2357.195312
14.290000    2358.698730
14.300000    2360.163086
14.310000    2361.623779
14.320000    2363.207764
14.330000    2364.723633
14.340000    2366.295654
14.350000    2367.730713
14.360000    2369.262451
14.370000    2370.825684
14.380000    2372.437500
14.390000    2373.989502
14.400000    2375.551758
14.410000    2377.184814
14.420000    2378.805176
14.430000    2380.374512
14.440000    2381.883789
14.450000    2383.475342
14.460000    2385.104736
14.470000    2386.775635
14.480000    2388.408691
14.490000    2390.034424
14.500000    2391.599121
14.510000    2393.250977
14.520000    2394.944580
14.530000    2396.669922
14.540000    2398.392090
14.550000    2400.135010
14.560000    2401.911133
14.570000    2403.624268
14.580000    2405.355957
14.590000    2407.120605
14.600000    2408.810547
14.610000    2410.479736
14.620000    2412.119141
14.630000    2413.727295
14.640000    2415.343994
14.650000    2416.953369
14.660000    2418.633545
14.670000    2420.309814
14.680000    2422.026855
14.690000    2423.635254
14.700000    2425.315186
14.710000    2426.955811
14.720000    2428.614502
14.730000    2430.314209
14.740000    2431.991211
14.750000    2433.650635
14.760000    2435.356201
14.770000    2436.996826
14.780000    2438.605713
14.790000    2440.196777
14.800000    2441.840332
14.810000    2443.491211
14.820000    2445.165039
14.830000    2446.896484
14.840000    2448.597900
14.850000    2450.285400
14.860000    2451.891846
14.870000    2453.602783
14.880000    2455.242188
14.890000    2456.873291
14.900000    2458.516357
14.910000    2460.207031
14.920000    2461.933594
14.930000    2463.584473
14.940000    2465.224609
14.950000    2466.874756
14.960000    2468.532227
14.970000    2470.249268
14.980000    2471.931885
14.990000    2473.674072
15.000000    2475.448730
15.010000    2477.166748
15.020000    2478.885986
15.030000    2480.575195
15.040000    2482.266113
15.050000    2483.996582
15.060000    2485.655029
15.070000    2487.347656
15.080000    2489.012939
15.090000    2490.731934
15.100000    2492.416748
15.110000    2494.209717
15.120000    2496.018311
15.130000    2497.769531
15.140000    2499.476074
15.150000    2501.126465
15.160000    2502.809082
15.170000    2504.416504
15.180000    2505.960449
15.190000    2507.542725
15.200000    2509.125000
15.210000    2510.756348
15.220000    2512.365967
15.230000    2513.968018
15.240000    2515.527832
15.250000    2517.153076
15.260000    2518.751221
15.270000    2520.255371
15.280000    2521.856934
15.290000    2523.445557
15.300000    2525.019043
15.310000    2526.609619
15.320000    2528.208252
15.330000    2529.765381
15.340000    2531.376709
15.350000    2533.016846
15.360000    2534.739502
15.370000    2536.486816
15.380000    2538.147217
15.390000    2539.816406
15.400000    2541.478760
15.410000    2543.072510
15.420000    2544.695801
15.430000    2546.366211
15.440000    2547.909180
15.450000    2549.448730
15.460000    2551.011230
15.470000    2552.587646
15.480000    2554.114746
15.490000    2555.678955
15.500000    2557.280273
15.510000    2558.903320
15.520000    2560.540771
15.530000    2562.173096
15.540000    2563.801758
15.550000    2565.390869
15.560000    2566.962646
15.570000    2568.513428
15.580000    2570.050781
15.590000    2571.536621
15.600000    2573.038818
15.610000    2574.578857
15.620000    2576.201660
15.630000    2577.778564
15.640000    2579.379883
15.650000    2580.990723
15.660000    2582.532959
15.670000    2584.119629
15.680000    2585.653320
15.690000    2587.273438
15.700000    2588.810303
15.710000    2590.379150
15.720000    2592.064453
15.730000    2593.787109
15.740000    2595.386963
15.750000    2597.042236
15.760000    2598.723633
15.770000    2600.343262
15.780000    2602.001709
15.790000    2603.620117
15.800000    2605.276855
15.810000    2606.886230
15.820000    2608.598633
15.830000    2610.340576
15.840000    2612.104248
15.850000    2613.817871
15.860000    2615.514404
15.870000    2617.237549
15.880000    2618.896729
15.890000    2620.562500
15.900000    2622.184814
15.910000    2623.862793
15.920000    2625.550781
15.930000    2627.184814
15.940000    2628.847412
15.950000    2630.543457
15.960000    2632.201416
15.970000    2633.856201
15.980000    2635.525146
15.990000    2637.209473
16.000000    2638.793701
16.010000    2640.467529
16.020000    2642.104980
16.030000    2643.704346
16.040000    2645.299316
16.050000    2646.836914
16.060000    2648.424072
16.070000    2649.975830
16.080000    2651.536865
16.090000    2653.154541
16.100000    2654.707275
16.110000    2656.337402
16.120000    2657.985840
16.130000    2659.606201
16.140000    2661.209961
16.150000    2662.854004
16.160000    2664.509033
16.170000    2666.118652
16.180000    2667.812500
16.190000    2669.488281
16.200000    2670.979004
16.210000    2672.539551
16.220000    2674.057129
16.230000    2675.599121
16.240000    2677.202393
16.250000    2678.839600
16.260000    2680.442871
16.270000    2681.990723
16.280000    2683.500488
16.290000    2684.995361
16.300000    2686.524414
16.310000    2688.009277
16.320000    2689.546387
16.330000    2691.079590
16.340000    2692.644531
16.350000    2694.205566
16.360000    2695.742676
16.370000    2697.291504
16.380000    2698.919922
16.390000    2700.544434
16.400000    2702.205811
16.410000    2703.819092
16.420000    2705.324951
16.430000    2706.879395
16.440000    2708.408691
16.450000    2709.984863
16.460000    2711.553955
16.470000    2713.085693
16.480000    2714.610840
16.490000    2716.106201
16.500000    2717.723145
16.510000    2719.219727
16.520000    2720.780762
16.530000    2722.383789
16.540000    2723.940430
16.550000    2725.516846
16.560000    2727.123535
16.570000    2728.667969
16.580000    2730.239014
16.590000    2731.802979
16.600000    2733.371094
16.610000    2734.958740
16.620000    2736.566162
16.630000    2738.153809
16.640000    2739.703613
16.650000    2741.339844
16.660000    2742.915283
16.670000    2744.498047
16.680000    2746.083984
16.690000    2747.636963
16.700000    2749.184326
16.710000    2750.725098
16.720000    2752.311523
16.730000    2753.843750
16.740000    2755.354980
16.750000    2756.914062
16.760000    2758.454102
16.770000    2759.951172
16.780000    2761.461426
16.790000    2762.933105
16.800000    2764.411865
16.810000    2765.900146
16.820000    2767.427734
16.830000    2768.931641
16.840000    2770.448242
16.850000    2772.003906
16.860000    2773.593506
16.870000    2775.179932
16.880000    2776.770752
16.890000    2778.356445
16.900000    2779.902832
16.910000    2781.412109
16.920000    2782.925781
16.930000    2784.462646
16.940000    2785.964844
16.950000    2787.626953
16.960000    2789.208984
16.970000    2790.824463
16.980000    2792.484619
16.990000    2794.083984
17.000000    2795.633301
17.010000    2797.205078
17.020000    2798.750732
17.030000    2800.301758
17.040000    2801.870850
17.050000    2803.419189
17.060000    2804.954834
17.070000    2806.456787
17.080000    2807.997314
17.090000    2809.553955
17.100000    2811.053223
17.110000    2812.559326
17.120000    2814.130615
17.130000    2815.693115
17.140000    2817.283447
17.150000    2818.839600
17.160000    2820.345947
17.170000    2821.954346
17.180000    2823.500244
17.190000    2825.096924
17.200000    2826.722168
17.210000    2828.318115
17.220000    2829.937988
17.230000    2831.607666
17.240000    2833.272461
17.250000    2834.907715
17.260000    2836.482178
17.270000    2838.130859
17.280000    2839.740723
17.290000    2841.412109
17.300000    2843.025635
17.310000    2844.644043
17.320000    2846.271729
17.330000    2847.865967
17.340000    2849.550781
17.350000    2851.259033
17.360000    2852.883545
17.370000    2854.460938
17.380000    2856.097656
17.390000    2857.771973
17.400000    2859.361328
17.410000    2860.919434
17.420000    2862.451172
17.430000    2863.947510
17.440000    2865.423096
17.450000    2866.915771
17.460000    2868.397949
17.470000    2869.860840
17.480000    2871.339844
17.490000    2872.726562
17.500000    2874.184570
17.510000    2875.628662
17.520000    2877.187500
17.530000    2878.772217
17.540000    2880.292725
17.550000    2881.759277
17.560000    2883.258301
17.570000    2884.803711
17.580000    2886.383545
17.590000    2887.909180
17.600000    2889.491699
17.610000    2891.007080
17.620000    2892.573730
17.630000    2894.082275
17.640000    2895.635254
17.650000    2897.136475
17.660000    2898.663574
17.670000    2900.140381
17.680000    2901.640381
17.690000    2903.204346
17.700000    2904.674072
17.710000    2906.157715
17.720000    2907.622803
17.730000    2909.038574
17.740000    2910.471191
17.750000    2911.992432
17.760000    2913.497803
17.770000    2914.974365
17.780000    2916.479980
17.790000    2918.010254
17.800000    2919.555664
17.810000    2921.099854
17.820000    2922.592041
17.830000    2924.125000
17.840000    2925.562500
17.850000    2927.064941
17.860000    2928.559570
17.870000    2930.061035
17.880000    2931.530029
17.890000    2932.973633
17.900000    2934.491943
17.910000    2935.911133
17.920000    2937.354736
17.930000    2938.830078
17.940000    2940.324707
17.950000    2941.824707
17.960000    2943.353027
17.970000    2944.839111
17.980000    2946.346680
17.990000    2947.986328
18.000000    2949.446533
18.010000    2950.958496
18.020000    2952.513184
18.030000    2954.055176
18.040000    2955.568115
18.050000    2957.084961
18.060000    2958.647461
18.070000    2960.192139
18.080000    2961.697998
18.090000    2963.212402
18.100000    2964.725586
18.110000    2966.153076
18.120000    2967.720947
18.130000    2969.204102
18.140000    2970.746338
18.150000    2972.294922
18.160000    2973.786621
18.170000    2975.259033
18.180000    2976.794434
18.190000    2978.365234
18.200000    2979.962891
18.210000    2981.548584
18.220000    2983.078369
18.230000    2984.650879
18.240000    2986.166016
18.250000    2987.657959
18.260000    2989.218018
18.270000    2990.833740
18.280000    2992.454590
18.290000    2994.167480
18.300000    2995.849365
18.310000    2997.476807
18.320000    2999.103516
18.330000    3000.793945
18.340000    3002.424316
18.350000    3004.079346
18.360000    3005.747070
18.370000    3007.354980
18.380000    3008.978271
18.390000    3010.564209
18.400000    3012.190186
18.410000    3013.898193
18.420000    3015.538574
18.430000    3017.237549
18.440000    3018.960205
18.450000    3020.620850
18.460000    3022.352539
18.470000    3024.084473
18.480000    3025.808838
18.490000    3027.583740
18.500000    3029.386963
18.510000    3031.087646
18.520000    3032.860107
18.530000    3034.514893
18.540000    3036.170898
18.550000    3037.858643
18.560000    3039.476318
18.570000    3041.112305
18.580000    3042.693604
18.590000    3044.331543
18.600000    3046.024170
18.610000    3047.779541
18.620000    3049.468750
18.630000    3051.171143
18.640000    3052.946045
18.650000    3054.692871
18.660000    3056.366699
18.670000    3058.111572
18.680000    3059.790527
18.690000    3061.481934
18.700000    3063.231689
18.710000    3065.036621
18.720000    3066.850098
18.730000    3068.606934
18.740000    3070.385742
18.750000    3072.181641
18.760000    3073.945312
18.770000    3075.648438
18.780000    3077.308350
18.790000    3078.967773
18.800000    3080.591553
18.810000    3082.280273
18.820000    3083.970459
18.830000    3085.656982
18.840000    3087.324951
18.850000    3088.972656
18.860000    3090.591553
18.870000    3092.261719
18.880000    3093.939453
18.890000    3095.527100
18.900000    3097.111328
18.910000    3098.709961
18.920000    3100.353271
18.930000    3101.992676
18.940000    3103.576172
18.950000    3105.132568
18.960000    3106.795654
18.970000    3108.487549
18.980000    3110.118408
18.990000    3111.746582
19.000000    3113.399902
19.010000    3115.001465
19.020000    3116.602051
19.030000    3118.153809
19.040000    3119.753662
19.050000    3121.346680
19.060000    3122.902344
19.070000    3124.423340
19.080000    3125.928711
19.090000    3127.464111
19.100000    3129.022705
19.110000    3130.589844
19.120000    3132.149902
19.130000    3133.688477
19.140000    3135.278076
19.150000    3136.894287
19.160000    3138.560059
19.170000    3140.218750
19.180000    3141.855957
19.190000    3143.423340
19.200000    3145.007080
19.210000    3146.625977
19.220000    3148.192139
19.230000    3149.781982
19.240000    3151.360840
19.250000    3153.038574
19.260000    3154.705566
19.270000    3156.332520
19.280000    3157.951660
19.290000    3159.548828
19.300000    3161.188965
19.310000    3162.844727
19.320000    3164.476318
19.330000    3166.118164
19.340000    3167.782959
19.350000    3169.375244
19.360000    3170.936035
19.370000    3172.495361
19.380000    3174.012695
19.390000    3175.597412
19.400000    3177.174072
19.410000    3178.793945
19.420000    3180.417480
19.430000    3182.047119
19.440000    3183.621582
19.450000    3185.245361
19.460000    3186.824219
19.470000    3188.463379
19.480000    3190.002197
19.490000    3191.655762
19.500000    3193.204102
19.510000    3194.783691
19.520000    3196.296631
19.530000    3197.812256
19.540000    3199.323486
19.550000    3200.869385
19.560000    3202.416504
19.570000    3203.889160
19.580000    3205.368652
19.590000    3206.866211
19.600000    3208.441406
19.610000    3209.960693
19.620000    3211.459473
19.630000    3212.980469
19.640000    3214.520752
19.650000    3215.962158
19.660000    3217.377197
19.670000    3218.799316
19.680000    3220.220703
19.690000    3221.661133
19.700000    3223.076172
19.710000    3224.448975
19.720000    3225.825684
19.730000    3227.232178
19.740000    3228.575439
19.750000    3230.031494
19.760000    3231.449951
19.770000    3232.898438
19.780000    3234.406738
19.790000    3235.824951
19.800000    3237.217773
19.810000    3238.681396
19.820000    3240.109863
19.830000    3241.579590
19.840000    3243.083008
19.850000    3244.660645
19.860000    3246.192871
19.870000    3247.773193
19.880000    3249.315430
19.890000    3250.847168
19.900000    3252.310059
19.910000    3253.858154
19.920000    3255.381592
19.930000    3256.919678
19.940000    3258.398682
19.950000    3259.979004
19.960000    3261.633545
19.970000    3263.339600
19.980000    3265.146484
19.990000    3266.822998
20.000000    3268.441650
20.010000    3270.048584
20.020000    3271.567383
20.030000    3273.006104
20.040000    3274.484863
20.050000    3275.955078
20.060000    3277.485596
20.070000    3279.073242
20.080000    3280.655273
20.090000    3282.197266
20.100000    3283.715820
20.110000    3285.277588
20.120000    3286.706543
20.130000    3288.195312
20.140000    3289.609619
20.150000    3290.967529
20.160000    3292.402832
20.170000    3293.849365
20.180000    3295.297607
20.190000    3296.695068
20.200000    3298.121338
20.210000    3299.499512
20.220000    3300.830566
20.230000    3302.237305
20.240000    3303.650635
20.250000    3305.055664
20.260000    3306.428223
20.270000    3307.745361
20.280000    3309.090576
20.290000    3310.368896
20.300000    3311.722900
20.310000    3313.093994
20.320000    3314.547607
20.330000    3315.875244
20.340000    3317.152588
20.350000    3318.482910
20.360000    3319.774170
20.370000    3321.216797
20.380000    3322.587646
20.390000    3323.972412
20.400000    3325.330566
20.410000    3326.622803
20.420000    3327.903076
20.430000    3329.360596
20.440000    3330.724609
20.450000    3332.061279
20.460000    3333.325195
20.470000    3334.706543
20.480000    3336.001953
20.490000    3337.414307
20.500000    3338.893555
20.510000    3340.295166
20.520000    3341.750732
20.530000    3343.251709
20.540000    3344.711914
20.550000    3346.202881
20.560000    3347.613281
20.570000    3349.103027
20.580000    3350.528076
20.590000    3351.826660
20.600000    3353.182861
20.610000    3354.550049
20.620000    3355.886230
20.630000    3357.190430
20.640000    3358.557861
20.650000    3359.828369
20.660000    3361.254883
20.670000    3362.637207
20.680000    3363.957520
20.690000    3365.149658
20.700000    3366.396729
20.710000    3367.707764
20.720000    3368.948242
20.730000    3370.270020
20.740000    3371.514404
20.750000    3372.733643
20.760000    3373.977051
20.770000    3375.192383
20.780000    3376.517822
20.790000    3377.904785
20.800000    3379.258057
20.810000    3380.562012
20.820000    3381.836426
20.830000    3383.203369
20.840000    3384.508057
20.850000    3385.807861
20.860000    3387.194580
20.870000    3388.542969
20.880000    3389.886230
20.890000    3391.191895
20.900000    3392.472168
20.910000    3393.833740
20.920000    3395.202148
20.930000    3396.515869
20.940000    3397.816895
20.950000    3399.234131
20.960000    3400.547852
20.970000    3401.850586
20.980000    3403.243896
20.990000    3404.694092
21.000000    3406.056396
21.010000    3407.471924
21.020000    3408.927979
21.030000    3410.426025
21.040000    3411.961426
21.050000    3413.430664
21.060000    3414.959717
21.070000    3416.506348
21.080000    3417.984863
21.090000    3419.458008
21.100000    3420.850830
21.110000    3422.293945
21.120000    3423.670654
21.130000    3424.971680
21.140000    3426.383545
21.150000    3427.763428
21.160000    3429.110596
21.170000    3430.523926
21.180000    3431.894043
21.190000    3433.161133
21.200000    3434.448730
21.210000    3435.813477
21.220000    3437.198730
21.230000    3438.643799
21.240000    3440.002686
21.250000    3441.387207
21.260000    3442.693848
21.270000    3444.032959
21.280000    3445.335938
21.290000    3446.625977
21.300000    3447.886719
21.310000    3449.194824
21.320000    3450.624512
21.330000    3452.017578
21.340000    3453.426514
21.350000    3454.808838
21.360000    3456.214844
21.370000    3457.622314
21.380000    3458.917480
21.390000    3460.148438
21.400000    3461.472412
21.410000    3462.752686
21.420000    3464.021973
21.430000    3465.241699
21.440000    3466.447510
21.450000    3467.650391
21.460000    3468.851562
21.470000    3470.045410
21.480000    3471.171631
21.490000    3472.355957
21.500000    3473.539307
21.510000    3474.812012
21.520000    3476.088135
21.530000    3477.340820
21.540000    3478.601074
21.550000    3479.860107
21.560000    3481.077637
21.570000    3482.287598
21.580000    3483.398682
21.590000    3484.551758
21.600000    3485.708984
21.610000    3486.877197
21.620000    3488.017578
21.630000    3489.305176
21.640000    3490.540771
21.650000    3491.821289
21.660000    3493.149658
21.670000    3494.455322
21.680000    3495.851562
21.690000    3497.180908
21.700000    3498.473145
21.710000    3499.775879
21.720000    3501.049072
21.730000    3502.387207
21.740000    3503.672607
21.750000    3505.007324
21.760000    3506.415283
21.770000    3507.702148
21.780000    3509.114258
21.790000    3510.431396
21.800000    3511.687256
21.810000    3512.926514
21.820000    3514.209473
21.830000    3515.405762
21.840000    3516.650879
21.850000    3517.947510
21.860000    3519.155762
21.870000    3520.396729
21.880000    3521.774414
21.890000    3523.128174
21.900000    3524.461670
21.910000    3525.833740
21.920000    3527.142578
21.930000    3528.448486
21.940000    3529.731445
21.950000    3531.088379
21.960000    3532.447266
21.970000    3533.830322
21.980000    3535.096680
21.990000    3536.326660
22.000000    3537.577148
22.010000    3538.853760
22.020000    3540.190430
22.030000    3541.476562
22.040000    3542.783936
22.050000    3544.136230
22.060000    3545.681641
22.070000    3547.222900
22.080000    3548.754395
22.090000    3550.225342
22.100000    3551.618896
22.110000    3553.028809
22.120000    3554.337891
22.130000    3555.727783
22.140000    3557.207520
22.150000    3558.685791
22.160000    3559.976807
22.170000    3561.302734
22.180000    3562.569336
22.190000    3563.924805
22.200000    3565.137695
22.210000    3566.309326
22.220000    3567.511963
22.230000    3568.685303
22.240000    3569.851562
22.250000    3571.070801
22.260000    3572.307861
22.270000    3573.539062
22.280000    3574.818604
22.290000    3576.149414
22.300000    3577.483154
22.310000    3578.765869
22.320000    3580.027344
22.330000    3581.261963
22.340000    3582.532227
22.350000    3583.811523
22.360000    3585.196045
22.370000    3586.601074
22.380000    3588.048096
22.390000    3589.490967
22.400000    3590.868652
22.410000    3592.270020
22.420000    3593.635254
22.430000    3594.915527
22.440000    3596.171143
22.450000    3597.387939
22.460000    3598.608398
22.470000    3599.947021
22.480000    3601.283203
22.490000    3602.639893
22.500000    3603.926025
22.510000    3605.237549
22.520000    3606.568115
22.530000    3607.916260
22.540000    3609.199219
22.550000    3610.391357
22.560000    3611.635498
22.570000    3612.865723
22.580000    3614.142822
22.590000    3615.376465
22.600000    3616.528809
22.610000    3617.570068
22.620000    3618.648193
22.630000    3619.822021
22.640000    3620.947021
22.650000    3622.045166
22.660000    3623.155762
22.670000    3624.268799
22.680000    3625.455078
22.690000    3626.692139
22.700000    3627.878174
22.710000    3629.043945
22.720000    3630.125000
22.730000    3631.245361
22.740000    3632.362549
22.750000    3633.419922
22.760000    3634.392334
22.770000    3635.425537
22.780000    3636.466064
22.790000    3637.533936
22.800000    3638.615234
22.810000    3639.672363
22.820000    3640.695312
22.830000    3641.860352
22.840000    3642.841797
22.850000    3643.883545
22.860000    3644.962402
22.870000    3646.034912
22.880000    3647.075195
22.890000    3648.105225
22.900000    3649.159668
22.910000    3650.277832
22.920000    3651.476074
22.930000    3652.555908
22.940000    3653.660645
22.950000    3654.684326
22.960000    3655.689453
22.970000    3656.737549
22.980000    3657.830811
22.990000    3659.001221
23.000000    3660.067871
23.010000    3661.252930
23.020000    3662.399902
23.030000    3663.579102
23.040000    3664.729736
23.050000    3665.933105
23.060000    3667.117920
23.070000    3668.303467
23.080000    3669.512939
23.090000    3670.783691
23.100000    3671.943848
23.110000    3673.153564
23.120000    3674.360596
23.130000    3675.650146
23.140000    3676.890137
23.150000    3678.230469
23.160000    3679.485840
23.170000    3680.672607
23.180000    3681.826172
23.190000    3683.025879
23.200000    3684.159180
23.210000    3685.335938
23.220000    3686.523682
23.230000    3687.774170
23.240000    3688.947266
23.250000    3690.067139
23.260000    3691.140381
23.270000    3692.245605
23.280000    3693.348633
23.290000    3694.523193
23.300000    3695.734131
23.310000    3696.974121
23.320000    3698.166016
23.330000    3699.332031
23.340000    3700.534912
23.350000    3701.803467
23.360000    3703.083740
23.370000    3704.317383
23.380000    3705.596680
23.390000    3707.017822
23.400000    3708.390869
23.410000    3709.746094
23.420000    3710.969971
23.430000    3712.252441
23.440000    3713.518799
23.450000    3714.734619
23.460000    3715.874512
23.470000    3717.111816
23.480000    3718.344727
23.490000    3719.523438
23.500000    3720.679688
23.510000    3721.914307
23.520000    3723.125732
23.530000    3724.291748
23.540000    3725.537354
23.550000    3726.853760
23.560000    3728.194580
23.570000    3729.499512
23.580000    3730.765869
23.590000    3732.124268
23.600000    3733.465332
23.610000    3734.779541
23.620000    3736.086914
23.630000    3737.381592
23.640000    3738.730957
23.650000    3740.049316
23.660000    3741.379883
23.670000    3742.648926
23.680000    3743.854492
23.690000    3745.049805
23.700000    3746.249512
23.710000    3747.415771
23.720000    3748.651611
23.730000    3749.788818
23.740000    3750.977783
23.750000    3752.226562
23.760000    3753.419678
23.770000    3754.631104
23.780000    3755.823486
23.790000    3757.096924
23.800000    3758.358643
23.810000    3759.631348
23.820000    3760.872070
23.830000    3762.107422
23.840000    3763.264160
23.850000    3764.446533
23.860000    3765.697510
23.870000    3766.885254
23.880000    3768.018311
23.890000    3769.186768
23.900000    3770.292969
23.910000    3771.440918
23.920000    3772.592773
23.930000    3773.736816
23.940000    3774.899170
23.950000    3776.040771
23.960000    3777.230957
23.970000    3778.410400
23.980000    3779.486328
23.990000    3780.629639
24.000000    3781.732178
24.010000    3782.913574
24.020000    3783.913574
24.030000    3785.044678
24.040000    3786.204102
24.050000    3787.299072
24.060000    3788.422363
24.070000    3789.520264
24.080000    3790.576416
24.090000    3791.661133
24.100000    3792.761963
24.110000    3793.839600
24.120000    3794.892578
24.130000    3795.949219
24.140000    3797.033691
24.150000    3798.228027
24.160000    3799.412109
24.170000    3800.570801
24.180000    3801.848633
24.190000    3803.022949
24.200000    3804.147949
24.210000    3805.380859
24.220000    3806.523193
24.230000    3807.760498
24.240000    3808.915771
24.250000    3810.120117
24.260000    3811.263672
24.270000    3812.449463
24.280000    3813.607422
24.290000    3814.767090
24.300000    3815.772461
24.310000    3816.859863
24.320000    3817.905273
24.330000    3818.881104
24.340000    3819.989258
24.350000    3821.048340
24.360000    3822.079834
24.370000    3823.149658
24.380000    3824.233398
24.390000    3825.300537
24.400000    3826.284180
24.410000    3827.271484
24.420000    3828.245605
24.430000    3829.166504
24.440000    3830.097900
24.450000    3831.016357
24.460000    3831.896240
24.470000    3832.846924
24.480000    3833.867676
24.490000    3834.893066
24.500000    3835.847900
24.510000    3836.846924
24.520000    3837.896240
24.530000    3838.920410
24.540000    3839.876953
24.550000    3840.791992
24.560000    3841.743408
24.570000    3842.690430
24.580000    3843.737793
24.590000    3844.749023
24.600000    3845.854492
24.610000    3846.916504
24.620000    3847.990967
24.630000    3849.182617
24.640000    3850.208008
24.650000    3851.239502
24.660000    3852.381836
24.670000    3853.509277
24.680000    3854.605469
24.690000    3855.778564
24.700000    3856.805176
24.710000    3857.867920
24.720000    3858.946289
24.730000    3860.090576
24.740000    3861.273438
24.750000    3862.502930
24.760000    3863.738525
24.770000    3864.981445
24.780000    3866.195312
24.790000    3867.468262
24.800000    3868.709473
24.810000    3870.043457
24.820000    3871.366943
24.830000    3872.656982
24.840000    3873.854492
24.850000    3875.197998
24.860000    3876.384277
24.870000    3877.680908
24.880000    3879.000244
24.890000    3880.245361
24.900000    3881.497559
24.910000    3882.820557
24.920000    3884.104736
24.930000    3885.442383
24.940000    3886.736084
24.950000    3887.977295
24.960000    3889.191650
24.970000    3890.458984
24.980000    3891.748535
24.990000    3892.998535
